NAME: zurich_25_8
COMMENT: TSP instance with 25 nodes. City: Zurich, Switzerland, Seed: 50
TYPE: TSP
DIMENSION: 25
EDGE_WEIGHT_TYPE: EXPLICIT
EDGE_WEIGHT_FORMAT: FULL_MATRIX
NODE_COORD_SECTION:
1 47.2731925 8.6891282
2 47.3904763 8.4844077
3 47.3483929 8.381053
4 47.4987664 8.3407803
5 47.2683815 8.4834415
6 47.3092281 8.5505405
7 47.3401046 8.6645171
8 47.4145574 8.5593826
9 47.2841346 8.5436504
10 47.3411152 8.6695277
11 47.2231015 8.5599887
12 47.4832973 8.314613
13 47.5318909 8.4934183
14 47.2822022 8.5773687
15 47.2882315 8.5607756
16 47.3867841 8.7580704
17 47.3523343 8.7144485
18 47.4276341 8.5714942
19 47.3226355 8.542039
20 47.4422041 8.5830168
21 47.5098417 8.4788058
22 47.4142055 8.5508749
23 47.3060116 8.5314562
24 47.2615457 8.3176223
25 47.5005509 8.7478914
EDGE_WEIGHT_SECTION:
0 1531 1916 2533 2199 1665 645 1421 1779 573 2383 2385 2243 1815 1700 1093 713 1437 1539 1506 2006 1444 1696 2692 1835
1531 0 856 1179 1128 811 1281 626 870 1253 1474 1031 1457 906 791 1403 1207 746 682 840 1113 581 788 1749 1460
1916 856 0 1358 977 886 1671 1131 946 1643 1367 1210 1742 982 866 1804 1608 1080 758 1151 1398 1085 863 1055 1860
2533 1179 1358 0 1833 1742 2079 1428 1802 2000 2223 273 1223 1838 1722 2100 1905 1376 1614 1447 895 1381 1719 2251 2157
2199 1128 977 1833 0 892 1954 1475 633 1925 553 1686 2217 949 818 2220 2024 1555 862 1626 1873 1430 779 1149 2276
1665 811 886 1742 892 0 1421 996 364 1392 1002 1595 1914 362 285 1741 1545 1103 182 1177 1677 951 210 1663 1797
645 1281 1671 2079 1954 1421 0 934 1534 87 2139 1931 1757 1570 1455 967 587 951 1295 1020 1520 970 1452 2448 1484
1421 626 1131 1428 1475 996 934 0 1055 855 1659 1280 1095 1091 976 1008 812 181 867 358 855 46 972 1968 1065
1779 870 946 1802 633 364 1534 1055 0 1506 681 1654 1973 316 185 1800 1604 1162 386 1236 1736 1010 302 1722 1857
573 1253 1643 2000 1925 1392 87 855 1506 0 2110 1852 1678 1542 1426 895 515 872 1266 941 1441 891 1423 2419 1405
2383 1474 1367 2223 553 1002 2139 1659 681 2110 0 2075 2577 969 866 2404 2208 1766 1041 1841 2263 1614 957 1548 2461
2385 1031 1210 273 1686 1595 1931 1280 1654 1852 2075 0 1447 1690 1575 1953 1757 1229 1466 1300 1119 1234 1572 2104 2010
2243 1457 1742 1223 2217 1914 1757 1095 1973 1678 2577 1447 0 2009 1894 1778 1582 922 1786 988 344 1080 1891 2635 1771
1815 906 982 1838 949 362 1570 1091 316 1542 969 1690 2009 0 177 1836 1640 1198 446 1272 1772 1046 400 1758 1893
1700 791 866 1722 818 285 1455 976 185 1426 866 1575 1894 177 0 1721 1525 1083 369 1157 1657 931 285 1643 1777
1093 1403 1804 2100 2220 1741 967 1008 1800 895 2404 1953 1778 1836 1721 0 458 972 1612 1041 1541 1022 1717 2697 997
713 1207 1608 1905 2024 1545 587 812 1604 515 2208 1757 1582 1640 1525 458 0 776 1416 845 1345 827 1521 2501 1141
1437 746 1080 1376 1555 1103 951 181 1162 872 1766 1229 922 1198 1083 972 776 0 974 185 684 166 1080 1973 1029
1539 682 758 1614 862 182 1295 867 386 1266 1041 1466 1786 446 369 1612 1416 974 0 1049 1549 822 275 1534 1669
1506 840 1151 1447 1626 1177 1020 358 1236 941 1841 1300 988 1272 1157 1041 845 185 1049 0 751 343 1154 2044 1098
2006 1113 1398 895 1873 1677 1520 855 1736 1441 2263 1119 344 1772 1657 1541 1345 684 1549 751 0 830 1654 2291 1584
1444 581 1085 1381 1430 951 970 46 1010 891 1614 1234 1080 1046 931 1022 827 166 822 343 830 0 928 1923 1079
1696 788 863 1719 779 210 1452 972 302 1423 957 1572 1891 400 285 1717 1521 1080 275 1154 1654 928 0 1640 1774
2692 1749 1055 2251 1149 1663 2448 1968 1722 2419 1548 2104 2635 1758 1643 2697 2501 1973 1534 2044 2291 1923 1640 0 2754
1835 1460 1860 2157 2276 1797 1484 1065 1857 1405 2461 2010 1771 1893 1777 997 1141 1029 1669 1098 1584 1079 1774 2754 0
OSM_IDS: 9372869131 353235049 782532165 310596467 5106925391 471142717 97941822 460377059 298540181 97942972 233474645 603693443 102212379 611238397 461078314 296982617 269108909 92286662 470590308 1706797170 99360874 78206050 496318907 1746008801 25427706
GRAPHML_FILE: data/tsp_dataset/graph_zurich_dist_20000.graphml
EOF