NAME: zurich_25_14
COMMENT: TSP instance with 25 nodes. City: Zurich, Switzerland, Seed: 56
TYPE: TSP
DIMENSION: 25
EDGE_WEIGHT_TYPE: EXPLICIT
EDGE_WEIGHT_FORMAT: FULL_MATRIX
NODE_COORD_SECTION:
1 47.4954531 8.7327103
2 47.3414143 8.5304866
3 47.5348682 8.5708697
4 47.2158528 8.6636776
5 47.4967108 8.2768107
6 47.5233389 8.5462747
7 47.3531286 8.3077043
8 47.48109 8.4916048
9 47.2094832 8.5435127
10 47.2696936 8.4289019
11 47.3761441 8.5376144
12 47.3928899 8.621604
13 47.4117487 8.447365
14 47.2319777 8.6643348
15 47.436311 8.2914018
16 47.4076554 8.5318587
17 47.4114969 8.6361835
18 47.2217521 8.6866839
19 47.2005551 8.7716559
20 47.4575162 8.7715639
21 47.4676543 8.313638
22 47.5210867 8.5473415
23 47.5476878 8.2907489
24 47.5290786 8.4604704
25 47.2722984 8.4391301
EDGE_WEIGHT_SECTION:
0 1471 1016 2021 2045 1159 2055 1381 2397 1907 1124 887 1314 2063 1953 1047 655 2198 2595 431 1760 1139 2419 1648 1876
1471 0 1549 701 1558 1326 1008 1323 1077 728 377 967 915 743 1425 684 922 878 1275 1697 1273 1307 2011 1628 697
1016 1549 0 2099 1924 317 2042 790 2476 1957 1202 1145 1302 2141 1941 1111 1058 2276 2673 1436 1718 297 1759 806 1926
2021 701 2099 0 2044 1876 1494 1873 746 1213 919 1558 1400 246 1910 1228 1472 282 721 2247 1759 1857 2496 2178 1183
2045 1558 1924 2044 0 1682 1446 1351 2346 1544 1372 1583 1120 2086 642 1299 1496 2221 2618 2271 410 1662 833 1432 1514
1159 1326 317 1876 1682 0 1819 548 2253 1734 979 922 1079 1918 1718 888 835 2053 2450 1579 1475 20 1516 543 1703
2055 1008 2042 1494 1446 1819 0 1487 1796 934 1086 1592 986 1536 815 1309 1506 1671 2068 2281 1204 1799 1899 1889 964
1381 1323 790 1873 1351 548 1487 0 2203 1402 976 919 747 1915 1300 717 832 2050 2447 1607 1051 528 1185 463 1371
2397 1077 2476 746 2346 2253 1796 2203 0 906 1296 1935 1702 843 2213 1605 1848 978 1393 2623 2061 2233 2799 2555 858
1907 728 1957 1213 1544 1734 934 1402 906 0 805 1444 901 1255 1408 1114 1358 1390 1787 2133 1259 1714 1997 1804 74
1124 377 1202 919 1372 979 1086 976 1296 805 0 661 666 961 1281 337 575 1096 1493 1350 1088 959 1825 1281 775
887 967 1145 1558 1583 922 1592 919 1935 1444 661 0 852 1600 1491 584 243 1735 2132 1110 1298 902 1956 1224 1414
1314 915 1302 1400 1120 1079 986 747 1702 901 666 852 0 1442 1028 568 765 1577 1974 1540 835 1059 1573 1148 870
2063 743 2141 246 2086 1918 1536 1915 843 1255 961 1600 1442 0 1952 1271 1514 161 714 2289 1801 1899 2538 2220 1225
1953 1425 1941 1910 642 1718 815 1300 2213 1408 1281 1491 1028 1952 0 1207 1404 2087 2484 2179 399 1698 1094 1559 1380
1047 684 1111 1228 1299 888 1309 717 1605 1114 337 584 568 1271 1207 0 498 1405 1802 1273 1015 868 1665 1119 1084
655 922 1058 1472 1496 835 1506 832 1848 1358 575 243 765 1514 1404 498 0 1649 2046 881 1211 816 1870 1137 1328
2198 878 2276 282 2221 2053 1671 2050 978 1390 1096 1735 1577 161 2087 1405 1649 0 553 2424 1936 2034 2673 2355 1360
2595 1275 2673 721 2618 2450 2068 2447 1393 1787 1493 2132 1974 714 2484 1802 2046 553 0 2821 2333 2431 3070 2752 1757
431 1697 1436 2247 2271 1579 2281 1607 2623 2133 1350 1110 1540 2289 2179 1273 881 2424 2821 0 1986 1559 2645 1912 2102
1760 1273 1718 1759 410 1475 1204 1051 2061 1259 1088 1298 835 1801 399 1015 1211 1936 2333 1986 0 1456 801 1289 1229
1139 1307 297 1857 1662 20 1799 528 2233 1714 959 902 1059 1899 1698 868 816 2034 2431 1559 1456 0 1497 523 1684
2419 2011 1759 2496 833 1516 1899 1185 2799 1997 1825 1956 1573 2538 1094 1665 1870 2673 3070 2645 801 1497 0 1267 1966
1648 1628 806 2178 1432 543 1889 463 2555 1804 1281 1224 1148 2220 1559 1119 1137 2355 2752 1912 1289 523 1267 0 1773
1876 697 1926 1183 1514 1703 964 1371 858 74 775 1414 870 1225 1380 1084 1328 1360 1757 2102 1229 1684 1966 1773 0
OSM_IDS: 25429099 5135540071 432832692 1618768240 303131797 101106827 989429075 91197010 517896481 321571143 283458346 27069538 287756974 60504423 173302716 1115458389 28488467 240135513 1119873484 313268463 267900480 101101438 276273487 293657523 2265895660
GRAPHML_FILE: data/tsp_dataset/graph_zurich_dist_20000.graphml
EOF