NAME: zurich_25_1
COMMENT: TSP instance with 25 nodes. City: Zurich, Switzerland, Seed: 43
TYPE: TSP
DIMENSION: 25
EDGE_WEIGHT_TYPE: EXPLICIT
EDGE_WEIGHT_FORMAT: FULL_MATRIX
NODE_COORD_SECTION:
1 47.2596627 8.6945336
2 47.5194994 8.7885507
3 47.3457364 8.6012544
4 47.301672 8.5219519
5 47.3123539 8.3928125
6 47.5044965 8.5413847
7 47.5048594 8.3720967
8 47.2345254 8.7581062
9 47.3783115 8.5417017
10 47.2695786 8.3380768
11 47.394746 8.3747248
12 47.402071 8.5015678
13 47.4328173 8.3534221
14 47.4001292 8.7701708
15 47.2920786 8.5572112
16 47.4073435 8.5529044
17 47.393062 8.5290934
18 47.529157 8.3228528
19 47.2050225 8.6259179
20 47.5073532 8.475184
21 47.3019447 8.5547231
22 47.393264 8.4949434
23 47.2665233 8.3396342
24 47.4010222 8.4483123
25 47.3096601 8.7441944
EDGE_WEIGHT_SECTION:
0 2152 864 1847 2215 1900 2617 472 1339 2675 2398 1698 2292 1409 1807 1574 1524 2922 2280 2251 1801 1685 2666 1907 589
2152 0 1675 1936 2239 1361 2215 2293 1352 2761 2015 1484 1919 1110 1895 1176 1351 2520 2369 1664 1890 1521 2752 1649 1700
864 1675 0 1023 1391 1248 1924 1084 498 1851 1565 857 1459 1194 983 752 683 2140 1456 1599 977 856 1842 1074 782
1847 1936 1023 0 957 1359 1984 2083 598 1438 1214 898 1285 1818 306 859 775 1966 789 1709 280 770 1429 963 1781
2215 2239 1391 957 0 1571 1840 2452 967 674 911 1209 1141 2122 938 1228 1143 1822 1412 1667 932 988 677 819 2149
1900 1361 1248 1359 1571 0 984 2041 775 2100 1347 907 1251 1381 1319 599 774 1290 1792 464 1313 944 2103 981 1448
2617 2215 1924 1984 1840 984 0 2757 1454 2368 1470 1187 982 2097 1943 1315 1358 453 2417 722 1938 1341 2371 1279 2164
472 2293 1084 2083 2452 2041 2757 0 1558 2912 2558 1917 2461 1521 2043 1718 1744 3063 2516 2391 2037 1917 2902 2135 742
1339 1352 498 598 967 775 1454 1558 0 1426 1091 378 985 1235 558 276 211 1666 1031 1126 552 382 1417 600 1255
2675 2761 1851 1438 674 2100 2368 2912 1426 0 1404 1726 1670 2644 1398 1688 1603 2350 1719 2195 1392 1516 100 1348 2609
2398 2015 1565 1214 911 1347 1470 2558 1091 1404 0 934 608 1898 1174 1116 981 1452 1647 1443 1168 766 1407 551 1965
1698 1484 857 898 1209 907 1187 1917 378 1726 934 0 882 1367 858 392 229 1492 1331 984 852 304 1717 430 1434
2292 1919 1459 1285 1141 1251 982 2461 985 1670 608 882 0 1801 1245 1016 875 965 1719 1281 1239 661 1673 555 1869
1409 1110 1194 1818 2122 1381 2097 1521 1235 2644 1898 1367 1801 0 1778 1058 1233 2403 2251 1731 1772 1403 2634 1531 956
1807 1895 983 306 938 1319 1943 2043 558 1398 1174 858 1245 1778 0 819 734 1926 651 1669 108 729 1389 923 1741
1574 1176 752 859 1228 599 1315 1718 276 1688 1116 392 1016 1058 819 0 258 1621 1292 944 813 428 1679 646 1125
1524 1351 683 775 1143 774 1358 1744 211 1603 981 229 875 1233 734 258 0 1555 1208 1124 729 272 1594 490 1300
2922 2520 2140 1966 1822 1290 453 3063 1666 2350 1452 1492 965 2403 1926 1621 1555 0 2399 1027 1920 1341 2353 1338 2470
2280 2369 1456 789 1412 1792 2417 2516 1031 1719 1647 1331 1719 2251 651 1292 1208 2399 0 2142 645 1203 1710 1396 2214
2251 1664 1599 1709 1667 464 722 2391 1126 2195 1443 984 1281 1731 1669 944 1124 1027 2142 0 1663 1138 2198 1076 1798
1801 1890 977 280 932 1313 1938 2037 552 1392 1168 852 1239 1772 108 813 729 1920 645 1663 0 724 1383 917 1735
1685 1521 856 770 988 944 1341 1917 382 1516 766 304 661 1403 729 428 272 1341 1203 1138 724 0 1519 271 1470
2666 2752 1842 1429 677 2103 2371 2902 1417 100 1407 1717 1673 2634 1389 1679 1594 2353 1710 2198 1383 1519 0 1351 2600
1907 1649 1074 963 819 981 1279 2135 600 1348 551 430 555 1531 923 646 490 1338 1396 1076 917 271 1351 0 1598
589 1700 782 1781 2149 1448 2164 742 1255 2609 1965 1434 1869 956 1741 1125 1300 2470 2214 1798 1735 1470 2600 1598 0
OSM_IDS: 34094668 408765977 209574855 3912972128 911469796 101493285 2844853306 9527494114 26114488 1789644926 942234995 1852506175 1219183280 260044177 60550634 107137669 142499886 998542386 233504936 101482950 243090955 13248761407 8807384127 149437468 1141015917
GRAPHML_FILE: data/tsp_dataset/graph_zurich_dist_20000.graphml
EOF