NAME: zurich_25_17
COMMENT: TSP instance with 25 nodes. City: Zurich, Switzerland, Seed: 59
TYPE: TSP
DIMENSION: 25
EDGE_WEIGHT_TYPE: EXPLICIT
EDGE_WEIGHT_FORMAT: FULL_MATRIX
NODE_COORD_SECTION:
1 47.5126336 8.4729764
2 47.4452599 8.631889
3 47.3137026 8.5493883
4 47.3745114 8.5324488
5 47.3570072 8.3588942
6 47.5375758 8.7843895
7 47.3538704 8.5757391
8 47.491206 8.7310576
9 47.3219042 8.5420087
10 47.4441562 8.3300165
11 47.2546465 8.5927992
12 47.4848584 8.5910563
13 47.199056 8.6775756
14 47.4440537 8.3344653
15 47.298515 8.7641878
16 47.4599893 8.638972
17 47.376282 8.4948347
18 47.4906875 8.7128374
19 47.246274 8.7114986
20 47.4813493 8.4571726
21 47.2768937 8.4524351
22 47.4111376 8.6476171
23 47.3663695 8.5639391
24 47.3525628 8.2776345
25 47.5047811 8.5505328
EDGE_WEIGHT_SECTION:
0 937 1705 1175 1431 1604 1380 1541 1604 1240 1977 772 2117 1228 1817 1039 1211 1436 2333 301 1701 1100 1274 1892 495
937 0 1377 848 1398 1036 1052 768 1276 1385 1649 432 1789 1373 1167 168 986 662 1683 1035 1656 372 945 1859 660
1705 1377 0 546 1038 1922 809 1675 189 1421 572 1330 712 1409 1754 1502 695 1570 1921 1538 949 1234 729 1335 1436
1175 848 546 0 932 1393 354 1145 445 1056 818 801 958 1044 1299 972 256 1040 1466 1020 843 704 267 1229 906
1431 1398 1038 932 0 2011 1234 1764 937 951 1310 1328 1450 919 2039 1499 973 1658 2345 1179 950 1323 1153 536 1433
1604 1036 1922 1393 2011 0 1597 572 1821 1998 2194 1101 2334 1987 1709 1005 1531 584 2226 1684 2219 993 1488 2473 1266
1380 1052 809 354 1234 1597 0 1350 695 1377 1120 1005 1260 1365 945 1177 586 1245 1145 1231 1145 909 192 1531 1111
1541 768 1675 1145 1764 572 1350 0 1574 1751 1947 971 2087 1739 1462 736 1284 162 1978 1437 1972 746 1241 2225 1267
1604 1276 189 445 937 1821 695 1574 0 1320 680 1230 820 1308 1640 1401 594 1469 1807 1438 848 1133 615 1235 1335
1240 1385 1421 1056 951 1998 1377 1751 1320 0 1693 1316 1833 64 2027 1487 974 1646 2498 989 1332 1310 1290 1282 1421
1977 1649 572 818 1310 2194 1120 1947 680 1693 0 1603 477 1681 2064 1774 967 1842 2232 1811 1221 1506 1040 1608 1708
772 432 1330 801 1328 1101 1005 971 1230 1316 1603 0 1742 1304 1442 404 939 837 1959 876 1599 726 900 1790 412
2117 1789 712 958 1450 2334 1260 2087 820 1833 477 1742 0 1821 2204 1914 1107 1982 2372 1951 1305 1646 1179 1747 1848
1228 1373 1409 1044 919 1987 1365 1739 1308 64 1681 1304 1821 0 2015 1475 962 1634 2486 977 1321 1298 1278 1255 1409
1817 1167 1754 1299 2039 1709 945 1462 1640 2027 2064 1442 2204 2015 0 1334 1531 1357 687 1712 2089 906 1137 2475 1548
1039 168 1502 972 1499 1005 1177 736 1401 1487 1774 404 1914 1475 1334 0 1111 631 1851 1137 1770 540 1071 1961 762
1211 986 695 256 973 1531 586 1284 594 974 967 939 1107 962 1531 1111 0 1179 1698 960 992 843 501 1270 1045
1436 662 1570 1040 1658 584 1245 162 1469 1646 1842 837 1982 1634 1357 631 1179 0 1873 1331 1867 640 1135 2120 1165
2333 1683 1921 1466 2345 2226 1145 1978 1807 2498 2232 1959 2372 2486 687 1851 1698 1873 0 2228 2257 1422 1337 2643 2064
301 1035 1538 1020 1179 1684 1231 1437 1438 989 1811 876 1951 977 1712 1137 960 1331 2228 0 1450 996 1120 1641 599
1701 1656 949 843 950 2219 1145 1972 848 1332 1221 1599 1305 1321 2089 1770 992 1867 2257 1450 0 1531 1064 1247 1704
1100 372 1234 704 1323 993 909 746 1133 1310 1506 726 1646 1298 906 540 843 640 1422 996 1531 0 799 1784 831
1274 945 729 267 1153 1488 192 1241 615 1290 1040 900 1179 1278 1137 1071 501 1135 1337 1120 1064 799 0 1451 1005
1892 1859 1335 1229 536 2473 1531 2225 1235 1282 1608 1790 1747 1255 2475 1961 1270 2120 2643 1641 1247 1784 1451 0 1895
495 660 1436 906 1433 1266 1111 1267 1335 1421 1708 412 1848 1409 1548 762 1045 1165 2064 599 1704 831 1005 1895 0
OSM_IDS: 298259418 97883175 3634675533 27256986 158730398 432506605 27429337 25428849 6587517173 1049078942 6593460673 430675941 240351949 534451675 260287420 114289494 104288418 963258559 34191011 457829076 442353472 99206037 36261783 274283328 97554101
GRAPHML_FILE: data/tsp_dataset/graph_zurich_dist_20000.graphml
EOF