NAME: zurich_25_25
COMMENT: TSP instance with 25 nodes. City: Zurich, Switzerland, Seed: 67
TYPE: TSP
DIMENSION: 25
EDGE_WEIGHT_TYPE: EXPLICIT
EDGE_WEIGHT_FORMAT: FULL_MATRIX
NODE_COORD_SECTION:
1 47.4438767 8.6232749
2 47.498635 8.5955866
3 47.266794 8.3125007
4 47.487995 8.5932297
5 47.5107537 8.6957244
6 47.5291723 8.7310348
7 47.3537446 8.7100038
8 47.2289648 8.344465
9 47.4596606 8.3284655
10 47.2829172 8.7178181
11 47.3602616 8.5236765
12 47.2846943 8.7623811
13 47.4463538 8.6539021
14 47.2569856 8.6084849
15 47.2202402 8.6709049
16 47.5367515 8.689126
17 47.3239569 8.7566637
18 47.5495961 8.508946
19 47.5004103 8.4735771
20 47.3924072 8.5490476
21 47.383494 8.5300435
22 47.5261047 8.6238277
23 47.2481508 8.6317773
24 47.5050455 8.7216749
25 47.1963809 8.3864654
EDGE_WEIGHT_SECTION:
0 512 2182 453 816 990 753 2221 1289 1350 970 1309 213 1656 1816 937 1033 905 850 665 797 993 1706 809 2533
512 0 2266 87 686 888 1126 2305 1373 1722 1054 1681 525 1739 1900 690 1405 735 778 749 881 511 1790 825 2616
2182 2266 0 2179 2561 2735 2437 497 1833 2565 1374 2649 2371 1880 2041 2682 2716 2538 2143 1760 1610 2777 1931 2575 870
453 87 2179 0 705 974 1039 2218 1286 1636 967 1595 497 1653 1813 776 1319 804 750 662 794 598 1703 879 2530
816 686 2561 705 0 327 1005 2538 1668 1602 1258 1561 693 1944 2104 236 1285 1223 1293 953 1085 543 1994 174 2849
990 888 2735 974 327 0 1179 2712 1842 1776 1432 1735 868 2118 2278 291 1459 1425 1496 1127 1259 745 2168 244 3023
753 1126 2437 1039 1005 1179 0 2413 1544 641 1133 661 874 1819 1980 1126 402 1397 1342 828 960 1428 1870 1019 2725
2221 2305 497 2218 2538 2712 2413 0 1872 2526 1334 2609 2397 1841 1983 2658 2693 2577 2182 1720 1570 2816 1891 2552 486
1289 1373 1833 1286 1668 1842 1544 1872 0 2110 1082 2099 1478 1663 1824 1789 1823 1559 963 1076 964 1863 1714 1682 2184
1350 1722 2565 1636 1602 1776 641 2526 2110 0 1194 301 1473 1931 2092 1722 483 1994 1939 1240 1248 2024 1982 1616 2837
970 1054 1374 967 1258 1432 1133 1334 1082 1194 0 1277 1136 740 901 1379 1413 1326 1271 440 291 1565 791 1272 1646
1309 1681 2649 1595 1561 1735 661 2609 2099 301 1277 0 1432 2015 2175 1682 375 1953 1898 1323 1332 1984 2066 1575 2921
213 525 2371 497 693 868 874 2397 1478 1473 1136 1432 0 1822 1982 814 1156 1094 1039 831 963 1006 1872 686 2709
1656 1739 1880 1653 1944 2118 1819 1841 1663 1931 740 2015 1822 0 502 2064 2099 2011 1956 1126 976 2250 193 1958 2112
1816 1900 2041 1813 2104 2278 1980 1983 1824 2092 901 2175 1982 502 0 2225 2259 2172 2117 1286 1137 2411 392 2118 2154
937 690 2682 776 236 291 1126 2658 1789 1722 1379 1682 814 2064 2225 0 1406 1227 1298 1074 1206 525 2115 369 2970
1033 1405 2716 1319 1285 1459 402 2693 1823 483 1413 375 1156 2099 2259 1406 0 1677 1622 1108 1240 1707 2149 1299 3004
905 735 2538 804 1223 1425 1397 2577 1559 1994 1326 1953 1094 2011 2172 1227 1677 0 633 1020 1153 867 2062 1361 2888
850 778 2143 750 1293 1496 1342 2182 963 1939 1271 1898 1039 1956 2117 1298 1622 633 0 965 1094 938 2007 1432 2493
665 749 1760 662 953 1127 828 1720 1076 1240 440 1323 831 1126 1286 1074 1108 1020 965 0 286 1260 1177 967 2032
797 881 1610 794 1085 1259 960 1570 964 1248 291 1332 963 976 1137 1206 1240 1153 1094 286 0 1392 1027 1099 1882
993 511 2777 598 543 745 1428 2816 1863 2024 1565 1984 1006 2250 2411 525 1707 867 938 1260 1392 0 2301 682 3127
1706 1790 1931 1703 1994 2168 1870 1891 1714 1982 791 2066 1872 193 392 2115 2149 2062 2007 1177 1027 2301 0 2008 2131
809 825 2575 879 174 244 1019 2552 1682 1616 1272 1575 686 1958 2118 369 1299 1361 1432 967 1099 682 2008 0 2863
2533 2616 870 2530 2849 3023 2725 486 2184 2837 1646 2921 2709 2112 2154 2970 3004 2888 2493 2032 1882 3127 2131 2863 0
OSM_IDS: 94811411 115081745 1463069860 4402549840 1531620819 354928830 1724426830 6984567537 385066145 281625185 34173322 260653903 410842444 30757486 242156761 2045827944 263335568 132799786 101480711 7521938656 444620691 311187669 1324134542 25429377 1269651906
GRAPHML_FILE: data/tsp_dataset/graph_zurich_dist_20000.graphml
EOF