NAME: zurich_25_22
COMMENT: TSP instance with 25 nodes. City: Zurich, Switzerland, Seed: 64
TYPE: TSP
DIMENSION: 25
EDGE_WEIGHT_TYPE: EXPLICIT
EDGE_WEIGHT_FORMAT: FULL_MATRIX
NODE_COORD_SECTION:
1 47.2112616 8.7014533
2 47.3948487 8.5381248
3 47.1956832 8.718602
4 47.5114208 8.7045343
5 47.4739899 8.2963444
6 47.4982882 8.3951882
7 47.3854221 8.7545483
8 47.2971008 8.688252
9 47.4074197 8.7288207
10 47.2748104 8.6384863
11 47.5016703 8.7254552
12 47.5029622 8.7864535
13 47.3473972 8.606567
14 47.4457016 8.6530806
15 47.4314948 8.6866044
16 47.5216849 8.6903032
17 47.2391747 8.7871337
18 47.5151722 8.5251823
19 47.4760833 8.5644609
20 47.4187951 8.4159043
21 47.4326452 8.6721881
22 47.4279116 8.2961059
23 47.5026029 8.7860991
24 47.5025469 8.4949434
25 47.2688456 8.6794011
EDGE_WEIGHT_SECTION:
0 1266 233 2177 1963 2397 2184 2004 2084 2056 2155 2501 1551 2010 1885 2155 2594 1938 1808 1629 1903 2039 2495 2059 2288
1266 0 1420 1024 1102 1196 1031 1111 931 1227 1002 1348 659 857 732 1002 1701 786 655 716 750 1345 1342 906 1401
233 1420 0 2331 2116 2550 2338 2157 2238 2209 2309 2654 1705 2163 2039 2309 2747 2092 1961 1782 2057 2193 2649 2213 2441
2177 1024 2331 0 1815 1809 884 1557 720 1891 176 598 1365 729 521 183 1983 1097 1028 1330 624 2058 592 1259 1847
1963 1102 2116 1815 0 793 1822 2095 1722 2155 1793 2138 1643 1579 1523 1793 2587 1485 1354 713 1541 462 2133 1234 2384
2397 1196 2550 1809 793 0 1824 2129 1723 2382 1795 2140 1801 1497 1525 1788 2589 831 1103 1101 1543 1118 2134 568 2420
2184 1031 2338 884 1822 1824 0 872 257 1207 862 1080 963 742 511 862 1247 1304 1173 1337 583 2065 1074 1424 1163
2004 1111 2157 1557 2095 2129 872 0 999 400 1535 1880 510 1369 1138 1535 733 1609 1478 1642 1210 2336 1874 1730 304
2084 931 2238 720 1722 1723 257 999 0 1333 698 997 989 578 347 698 1425 1204 1073 1236 419 1965 992 1324 1289
2056 1227 2209 1891 2155 2382 1207 400 1333 0 1869 2215 722 1704 1472 1869 850 1897 1766 1862 1545 2388 2209 2018 307
2155 1002 2309 176 1793 1795 862 1535 698 1869 0 432 1343 685 499 286 1961 1197 1132 1308 602 2036 426 1362 1825
2501 1348 2654 598 2138 2140 1080 1880 997 2215 432 0 1688 1031 845 705 2307 1576 1481 1653 947 2382 6 1741 2171
1551 659 1705 1365 1643 1801 963 510 989 722 1343 1688 0 1152 920 1343 1100 1282 1151 1314 993 1884 1682 1402 801
2010 857 2163 729 1579 1497 742 1369 578 1704 685 1031 1152 0 295 707 1796 823 672 1094 209 1823 1025 943 1660
1885 732 2039 521 1523 1525 511 1138 347 1472 499 845 920 295 0 499 1564 1005 874 1037 136 1766 839 1125 1429
2155 1002 2309 183 1793 1788 862 1535 698 1869 286 705 1343 707 499 0 1961 1074 1037 1308 602 2037 699 1236 1825
2594 1701 2747 1983 2587 2589 1247 733 1425 850 1961 2307 1100 1796 1564 1961 0 2069 1939 2102 1637 2831 2301 2190 710
1938 786 2092 1097 1485 831 1304 1609 1204 1897 1197 1576 1282 823 1005 1074 2069 0 428 1000 988 1729 1570 278 1900
1808 655 1961 1028 1354 1103 1173 1478 1073 1766 1132 1481 1151 672 874 1037 1939 428 0 869 837 1598 1476 549 1769
1629 716 1782 1330 713 1101 1337 1642 1236 1862 1308 1653 1314 1094 1037 1308 2102 1000 869 0 1056 947 1647 936 1933
1903 750 2057 624 1541 1543 583 1210 419 1545 602 947 993 209 136 602 1637 988 837 1056 0 1785 942 1109 1501
2039 1345 2193 2058 462 1118 2065 2336 1965 2388 2036 2382 1884 1823 1766 2037 2831 1729 1598 947 1785 0 2376 1483 2620
2495 1342 2649 592 2133 2134 1074 1874 992 2209 426 6 1682 1025 839 699 2301 1570 1476 1647 942 2376 0 1735 2165
2059 906 2213 1259 1234 568 1424 1730 1324 2018 1362 1741 1402 943 1125 1236 2190 278 549 936 1109 1483 1735 0 2021
2288 1401 2441 1847 2384 2420 1163 304 1289 307 1825 2171 801 1660 1429 1825 710 1900 1769 1933 1501 2620 2165 2021 0
OSM_IDS: 5318592063 142616846 1374825740 25430353 281506896 361206501 280546421 216294436 96516527 1574734313 2065743015 277741742 27496060 97795877 1358375063 25427628 75563468 258049153 105731840 47100328 345351173 293843330 276606972 99342650 28105988
GRAPHML_FILE: data/tsp_dataset/graph_zurich_dist_20000.graphml
EOF