NAME: zurich_25_3
COMMENT: TSP instance with 25 nodes. City: Zurich, Switzerland, Seed: 45
TYPE: TSP
DIMENSION: 25
EDGE_WEIGHT_TYPE: EXPLICIT
EDGE_WEIGHT_FORMAT: FULL_MATRIX
NODE_COORD_SECTION:
1 47.3593925 8.3694809
2 47.3746636 8.545873
3 47.4591197 8.4351996
4 47.2984217 8.4519883
5 47.4342547 8.7189393
6 47.5332232 8.5766962
7 47.2287226 8.4966738
8 47.384952 8.4780492
9 47.4383689 8.6237647
10 47.4856701 8.440287
11 47.5059902 8.7355423
12 47.4600617 8.6641885
13 47.2530721 8.7812864
14 47.317398 8.5497487
15 47.4370707 8.441787
16 47.3830609 8.5453444
17 47.3356654 8.5160818
18 47.345173 8.5708783
19 47.4373999 8.439697
20 47.2748717 8.7273265
21 47.3506652 8.4414766
22 47.4007096 8.39187
23 47.4452956 8.6222007
24 47.407917 8.5905009
25 47.3076383 8.7179483
EDGE_WEIGHT_SECTION:
0 957 1110 805 1581 1757 1218 895 1399 1307 1850 1628 2380 998 1069 1052 871 1196 1079 2024 486 477 1337 1202 1996
957 0 918 844 924 1191 1247 436 717 1115 1192 1044 1456 566 825 124 413 335 835 1099 646 908 770 448 1071
1110 918 0 1302 1205 1116 1715 863 1023 438 1474 1252 2063 1482 287 879 1269 1254 269 1854 985 825 961 826 1632
805 844 1302 0 1720 1949 645 975 1513 1498 1989 1813 2267 885 1260 938 757 1082 1270 1910 449 844 1528 1245 1882
1581 924 1205 1720 0 1185 2123 1204 656 1402 714 504 1515 1482 1164 917 1289 1259 1174 1305 1456 1349 676 678 1084
1757 1191 1116 1949 1185 0 2362 1471 937 1002 982 777 2292 1749 1305 1184 1556 1526 1315 2083 1632 1525 811 1055 1861
1218 1247 1715 645 2123 2362 0 1402 1916 1912 2392 2225 2670 1086 1673 1341 1039 1485 1683 2313 882 1257 1941 1648 2286
895 436 863 975 1204 1471 1402 0 996 1059 1472 1323 1880 802 713 531 573 695 723 1523 563 635 1050 728 1496
1399 717 1023 1513 656 937 1916 996 0 1220 925 403 1505 1275 982 710 1082 1052 992 1296 1274 1167 195 470 1074
1307 1115 438 1498 1402 1002 1912 1059 1220 0 1671 1418 2260 1679 637 1075 1466 1451 646 2051 1182 1075 1127 1023 1829
1850 1192 1474 1989 714 982 2392 1472 925 1671 0 649 1969 1750 1433 1185 1558 1528 1442 1759 1724 1617 945 946 1538
1628 1044 1252 1813 504 777 2225 1323 403 1418 649 0 1792 1602 1211 1037 1409 1379 1220 1583 1502 1395 341 804 1361
2380 1456 2063 2267 1515 2292 2670 1880 1505 2260 1969 1792 0 1930 2022 1569 1836 1301 2032 486 2069 2207 1618 1535 737
998 566 1482 885 1482 1749 1086 802 1275 1679 1750 1602 1930 0 1348 680 447 745 1358 1573 688 1037 1328 1006 1546
1069 825 287 1260 1164 1305 1673 713 982 637 1433 1211 2022 1348 0 785 1120 1161 17 1813 943 746 920 785 1591
1052 124 879 938 917 1184 1341 531 710 1075 1185 1037 1569 680 785 0 507 450 795 1213 741 924 763 441 1185
871 413 1269 757 1289 1556 1039 573 1082 1466 1558 1409 1836 447 1120 507 0 651 1129 1479 560 910 1136 814 1452
1196 335 1254 1082 1259 1526 1485 695 1052 1451 1528 1379 1301 745 1161 450 651 0 1171 945 885 1180 1106 784 917
1079 835 269 1270 1174 1315 1683 723 992 646 1442 1220 2032 1358 17 795 1129 1171 0 1823 953 756 929 795 1601
2024 1099 1854 1910 1305 2083 2313 1523 1296 2051 1759 1583 486 1573 1813 1213 1479 945 1823 0 1713 1992 1409 1326 397
486 646 985 449 1456 1632 882 563 1274 1182 1724 1502 2069 688 943 741 560 885 953 1713 0 527 1211 993 1685
477 908 825 844 1349 1525 1257 635 1167 1075 1617 1395 2207 1037 746 924 910 1180 756 1992 527 0 1104 970 1775
1337 770 961 1528 676 811 1941 1050 195 1127 945 341 1618 1328 920 763 1136 1106 929 1409 1211 1104 0 571 1187
1202 448 826 1245 678 1055 1648 728 470 1023 946 804 1535 1006 785 441 814 784 795 1326 993 970 571 0 1104
1996 1071 1632 1882 1084 1861 2286 1496 1074 1829 1538 1361 737 1546 1591 1185 1452 917 1601 397 1685 1775 1187 1104 0
OSM_IDS: 370135094 1586370783 7021571446 324343349 96674486 440364677 532325933 27005682 93548109 6549135236 25428974 114303092 401858146 124375601 450575867 30826226 84505880 154551885 369998457 238472177 287851666 1700708598 94814698 1460567073 207717065
GRAPHML_FILE: data/tsp_dataset/graph_zurich_dist_20000.graphml
EOF