NAME: zurich_25_16
COMMENT: TSP instance with 25 nodes. City: Zurich, Switzerland, Seed: 58
TYPE: TSP
DIMENSION: 25
EDGE_WEIGHT_TYPE: EXPLICIT
EDGE_WEIGHT_FORMAT: FULL_MATRIX
NODE_COORD_SECTION:
1 47.3003248 8.5608994
2 47.3613011 8.4586668
3 47.3912618 8.7668064
4 47.3726998 8.5344838
5 47.5274008 8.5495292
6 47.2738743 8.6383978
7 47.3862335 8.6144427
8 47.3498954 8.378777
9 47.4453819 8.7009788
10 47.5466331 8.7150133
11 47.2747726 8.6345922
12 47.2890692 8.7293636
13 47.3536769 8.3390259
14 47.4517333 8.5812348
15 47.4915206 8.7214952
16 47.4204743 8.6262076
17 47.4543151 8.4389284
18 47.4715173 8.3063731
19 47.438393 8.4726311
20 47.2938778 8.5625274
21 47.3378501 8.4579858
22 47.3140814 8.4041507
23 47.39969 8.4772415
24 47.376282 8.4948347
25 47.3986646 8.511757
EDGE_WEIGHT_SECTION:
0 857 1812 567 1593 1571 1180 902 1417 1888 1568 1572 1138 1168 1615 1140 1485 1402 1243 81 686 960 910 717 942
857 0 1690 487 1429 1519 1124 493 1295 1766 1516 1520 729 1004 1493 1018 964 881 734 838 333 535 500 322 726
1812 1690 0 1252 1523 1317 929 1885 601 1154 1333 985 2121 1098 881 732 1477 1826 1247 1793 1726 2011 1443 1399 1218
567 487 1252 0 1033 1038 640 774 858 1328 1035 1039 1009 608 1055 580 949 1022 719 549 557 831 434 264 395
1593 1429 1523 1033 0 2020 975 1575 1129 1069 2018 1773 1811 553 1167 851 939 1516 910 1574 1433 1701 1180 1180 999
1571 1519 1317 1038 2020 0 1134 1786 1567 2078 33 571 2022 1595 1805 1317 1931 2055 1701 1561 1570 1844 1467 1297 1376
1180 1124 929 640 975 1134 0 1338 644 1115 1150 909 1573 550 842 365 929 1278 699 1170 1136 1453 888 845 664
902 493 1885 774 1575 1786 1338 0 1491 1962 1783 1787 344 1150 1689 1213 1111 1028 881 884 386 469 735 815 1099
1417 1295 601 858 1129 1567 644 1491 0 701 1584 1231 1727 704 414 347 1082 1431 852 1399 1332 1617 1048 1005 824
1888 1766 1154 1328 1069 2078 1115 1962 701 0 2095 1743 2197 1174 535 817 1553 1902 1323 1869 1802 2087 1519 1475 1294
1568 1516 1333 1035 2018 33 1150 1783 1584 2095 0 587 2019 1593 1822 1333 1928 2052 1698 1558 1567 1841 1464 1294 1373
1572 1520 985 1039 1773 571 909 1787 1231 1743 587 0 2023 1348 1470 981 1726 2048 1496 1562 1571 1845 1460 1298 1313
1138 729 2121 1009 1811 2022 1573 344 1727 2197 2019 2023 0 1386 1924 1449 1347 1106 1117 1119 621 590 971 1051 1334
1168 1004 1098 608 553 1595 550 1150 704 1174 1593 1348 1386 0 901 419 742 1091 512 1149 1008 1276 755 755 574
1615 1493 881 1055 1167 1805 842 1689 414 535 1822 1470 1924 901 0 544 1280 1629 1050 1596 1529 1814 1246 1202 1021
1140 1018 732 580 851 1317 365 1213 347 817 1333 981 1449 419 544 0 805 1154 575 1121 1054 1339 770 727 546
1485 964 1477 949 939 1931 929 1111 1082 1553 1928 1726 1347 742 1280 805 0 655 246 1467 969 1237 745 885 683
1402 881 1826 1022 1516 2055 1278 1028 1431 1902 2052 2048 1106 1091 1629 1154 655 0 821 1383 885 1153 734 934 1039
1243 734 1247 719 910 1701 699 881 852 1323 1698 1496 1117 512 1050 575 246 821 0 1224 739 1007 508 639 453
81 838 1793 549 1574 1561 1170 884 1399 1869 1558 1562 1119 1149 1596 1121 1467 1383 1224 0 667 941 892 698 924
686 333 1726 557 1433 1570 1136 386 1332 1802 1567 1571 621 1008 1529 1054 969 885 739 667 0 445 593 638 888
960 535 2011 831 1701 1844 1453 469 1617 2087 1841 1845 590 1276 1814 1339 1237 1153 1007 941 445 0 861 857 1207
910 500 1443 434 1180 1467 888 735 1048 1519 1464 1460 971 755 1246 770 745 734 508 892 593 861 0 307 428
717 322 1399 264 1180 1297 845 815 1005 1475 1294 1298 1051 755 1202 727 885 934 639 698 638 857 307 0 446
942 726 1218 395 999 1376 664 1099 824 1294 1373 1313 1334 574 1021 546 683 1039 453 924 888 1207 428 446 0
OSM_IDS: 277356803 282881575 280544359 34505879 272765602 2503841517 1400962503 668954482 410837595 333281552 2509535557 1604608155 401869347 105575852 25429312 7221911729 289221694 4810901533 94574825 2721478661 1020147712 857421766 71316515 104288418 152523147
GRAPHML_FILE: data/tsp_dataset/graph_zurich_dist_20000.graphml
EOF