NAME: zurich_25_5
COMMENT: TSP instance with 25 nodes. City: Zurich, Switzerland, Seed: 47
TYPE: TSP
DIMENSION: 25
EDGE_WEIGHT_TYPE: EXPLICIT
EDGE_WEIGHT_FORMAT: FULL_MATRIX
NODE_COORD_SECTION:
1 47.4044931 8.5566525
2 47.3396616 8.528608
3 47.2490342 8.5315581
4 47.3657547 8.7924388
5 47.2327923 8.6567093
6 47.3002029 8.4511073
7 47.4985742 8.4096763
8 47.3884793 8.2922095
9 47.4193787 8.3162778
10 47.3569192 8.5291883
11 47.2660085 8.7350101
12 47.3814504 8.535909
13 47.4402029 8.4775332
14 47.2396906 8.7874329
15 47.3648057 8.5632803
16 47.2484952 8.605365
17 47.4922117 8.7186157
18 47.4813749 8.4477182
19 47.2641575 8.3419598
20 47.5170786 8.6464333
21 47.37039 8.3838345
22 47.3541268 8.2864019
23 47.3729442 8.5174083
24 47.5000953 8.3455779
25 47.381917 8.5435273
EDGE_WEIGHT_SECTION:
0 701 1408 1027 1230 1066 1102 1636 1415 551 1464 302 549 1686 455 1064 797 873 1683 1055 1013 1540 442 1472 306
701 0 863 1613 706 683 1650 1252 1300 238 1502 497 1097 1826 488 539 1383 1421 1300 1641 960 1156 398 1619 506
1408 863 0 2320 936 648 2074 1660 1708 1011 2299 1204 1521 2624 1286 805 2090 1845 1187 2349 1369 1564 1073 2027 1218
1027 1613 2320 0 2142 1978 1837 2415 2150 1463 1098 1214 1284 1194 1337 1976 1011 1608 2592 1270 1748 2319 1354 2207 1218
1230 706 936 2142 0 1172 2155 1742 1789 832 2121 1026 1597 2446 1107 310 1912 1927 1789 2170 1450 1645 895 2108 1040
1066 683 648 1978 1172 0 1596 1183 1230 668 1957 862 1043 2282 943 1005 1748 1367 848 1978 891 1086 731 1549 875
1102 1650 2074 1837 2155 1596 0 1544 1172 1500 2274 1228 621 2496 1398 1989 1607 321 2177 1384 1314 1838 1320 390 1224
1636 1252 1660 2415 1742 1183 1544 0 372 1238 2527 1432 1428 2851 1513 1575 2185 1689 1073 2363 821 370 1301 1212 1445
1415 1300 1708 2150 1789 1230 1172 372 0 1286 2571 1319 1163 2810 1559 1623 1920 1341 1333 2098 632 666 1303 840 1417
551 238 1011 1463 832 668 1500 1238 1286 0 1351 347 947 1676 338 666 1232 1271 1286 1491 946 1142 252 1560 356
1464 1502 2299 1098 2121 1957 2274 2527 2571 1351 0 1307 1721 359 1106 1954 1644 2045 2574 1903 2177 2430 1380 2644 1286
302 497 1204 1214 1026 862 1228 1432 1319 347 1307 0 675 1632 279 860 984 999 1479 1242 923 1336 236 1390 180
549 1097 1521 1284 1597 1043 621 1428 1163 947 1721 675 0 1943 845 1430 1054 392 1624 1232 761 1331 758 991 671
1686 1826 2624 1194 2446 2282 2496 2851 2810 1676 359 1632 1943 0 1430 2279 1866 2267 2899 2125 2408 2755 1705 2866 1611
455 488 1286 1337 1107 943 1398 1513 1559 338 1106 279 845 1430 0 941 1138 1169 1561 1397 1166 1417 362 1633 258
1064 539 805 1976 310 1005 1989 1575 1623 666 1954 860 1430 2279 941 0 1745 1760 1623 2004 1283 1479 728 1942 873
797 1383 2090 1011 1912 1748 1607 2185 1920 1232 1644 984 1054 1866 1138 1745 0 1378 2362 538 1518 2088 1124 1976 988
873 1421 1845 1608 1927 1367 321 1689 1341 1271 2045 999 392 2267 1169 1760 1378 0 1948 1233 1085 1655 1091 691 995
1683 1300 1187 2592 1789 848 2177 1073 1333 1286 2574 1479 1624 2899 1561 1623 2362 1948 0 2559 1165 848 1348 2129 1493
1055 1641 2349 1270 2170 1978 1384 2363 2098 1491 1903 1242 1232 2125 1397 2004 538 1233 2559 0 1696 2266 1382 1754 1246
1013 960 1369 1748 1450 891 1314 821 632 946 2177 923 761 2408 1166 1283 1518 1085 1165 1696 0 724 908 1267 1021
1540 1156 1564 2319 1645 1086 1838 370 666 1142 2430 1336 1331 2755 1417 1479 2088 1655 848 2266 724 0 1204 1506 1349
442 398 1073 1354 895 731 1320 1301 1303 252 1380 236 758 1705 362 728 1124 1091 1348 1382 908 1204 0 1375 278
1472 1619 2027 2207 2108 1549 390 1212 840 1560 2644 1390 991 2866 1633 1942 1976 691 2129 1754 1267 1506 1375 0 1488
306 506 1218 1218 1040 875 1224 1445 1417 356 1286 180 671 1611 258 873 988 995 1493 1246 1021 1349 278 1488 0
OSM_IDS: 656154176 73225517 1744841489 2902781550 572055128 324284244 13251383333 1133799599 1204578803 34191955 1599381996 27481786 105401422 2114021 344915868 6261217618 25428552 457453098 1690378520 302757220 308273444 704788157 2172694567 310456361 30036174
GRAPHML_FILE: data/tsp_dataset/graph_zurich_dist_20000.graphml
EOF