NAME: zurich_25_28
COMMENT: TSP instance with 25 nodes. City: Zurich, Switzerland, Seed: 70
TYPE: TSP
DIMENSION: 25
EDGE_WEIGHT_TYPE: EXPLICIT
EDGE_WEIGHT_FORMAT: FULL_MATRIX
NODE_COORD_SECTION:
1 47.3722717 8.5117835
2 47.5487953 8.7164985
3 47.3098634 8.7244047
4 47.2747726 8.6345922
5 47.454223 8.2857637
6 47.264627 8.6798885
7 47.4050935 8.5652359
8 47.2005769 8.5142202
9 47.4480415 8.581878
10 47.3017846 8.3088377
11 47.3500047 8.5278745
12 47.3986007 8.776337
13 47.4929814 8.7323178
14 47.4141214 8.6217662
15 47.3960035 8.5268138
16 47.4267572 8.4705312
17 47.514766 8.3689082
18 47.4218308 8.2779346
19 47.5433446 8.3789044
20 47.5080071 8.5471098
21 47.5197598 8.5165594
22 47.3860675 8.5353075
23 47.3433613 8.7307099
24 47.2314628 8.6342462
25 47.3524107 8.3549605
EDGE_WEIGHT_SECTION:
0 1491 1308 1203 1142 1472 485 1375 734 1512 336 1484 1300 763 315 640 1536 1498 1744 1010 1100 289 1198 786 938
1491 0 1612 2124 2052 2151 1126 2671 1196 2675 1647 1236 532 896 1269 1393 2085 2431 2312 1177 1274 1219 1335 2082 2101
1308 1612 0 688 2036 627 1109 2435 1179 2572 1321 926 1420 871 1252 1377 2158 2414 2385 1456 1545 1180 314 1847 1998
1203 2124 688 0 2173 365 1337 2330 1585 2467 1216 1432 1933 1381 1304 1687 2520 2497 2747 1861 1951 1145 848 1741 1893
1142 2052 2036 2173 0 2442 1225 1890 1204 1455 1327 2045 1861 1304 1071 983 744 479 952 1480 1459 1114 1759 1687 926
1472 2151 627 365 2442 0 1533 2599 1685 2737 1485 1458 1959 1410 1571 1882 2663 2766 2890 1961 2051 1412 874 2011 2162
485 1126 1109 1337 1225 1533 0 1665 369 1803 642 1119 934 344 263 566 1347 1604 1574 645 735 213 833 1077 1228
1375 2671 2435 2330 1890 2599 1665 0 1885 1414 1279 2664 2479 1943 1573 1664 2285 1994 2492 2161 2251 1471 2378 817 1380
734 1196 1179 1585 1204 1685 369 1885 0 1827 890 1189 1004 416 512 545 1285 1583 1512 428 518 461 903 1325 1253
1512 2675 2572 2467 1455 2737 1803 1414 1827 0 1417 2669 2484 1927 1691 1606 2072 1146 2279 2103 2193 1608 2382 1751 748
336 1647 1321 1216 1327 1485 642 1279 890 1417 0 1640 1456 919 563 899 1722 1456 1929 1166 1256 450 1354 660 842
1484 1236 926 1432 2045 1458 1119 2664 1189 2669 1640 0 946 880 1262 1386 2168 2424 2395 1465 1555 1212 649 2076 2094
1300 532 1420 1933 1861 1959 934 2479 1004 2484 1456 946 0 705 1077 1202 1983 2239 2210 1275 1360 1027 1144 1891 1909
763 896 871 1381 1304 1410 344 1943 416 1927 919 880 705 0 541 645 1426 1682 1653 724 813 491 594 1355 1352
315 1269 1252 1304 1071 1571 263 1573 512 1691 563 1262 1077 541 0 459 1350 1450 1577 788 878 179 976 985 1117
640 1393 1377 1687 983 1882 566 1664 545 1606 899 1386 1202 645 459 0 925 1356 1152 808 803 564 1100 1321 1031
1536 2085 2158 2520 744 2663 1347 2285 1285 2072 1722 2168 1983 1426 1350 925 0 1096 249 1040 909 1404 1881 2082 1543
1498 2431 2414 2497 479 2766 1604 1994 1583 1146 1456 2424 2239 1682 1450 1356 1096 0 1304 1859 1838 1493 2138 1791 732
1744 2312 2385 2747 952 2890 1574 2492 1512 2279 1929 2395 2210 1653 1577 1152 249 1304 0 1267 1136 1631 2108 2289 1751
1010 1177 1456 1861 1480 1961 645 2161 428 2103 1166 1465 1275 724 788 808 1040 1859 1267 0 273 738 1179 1601 1529
1100 1274 1545 1951 1459 2051 735 2251 518 2193 1256 1555 1360 813 878 803 909 1838 1136 273 0 827 1269 1691 1618
289 1219 1180 1145 1114 1412 213 1471 461 1608 450 1212 1027 491 179 564 1404 1493 1631 738 827 0 926 882 1034
1198 1335 314 848 1759 874 833 2378 903 2382 1354 649 1144 594 976 1100 1881 2138 2108 1179 1269 926 0 1789 1808
786 2082 1847 1741 1687 2011 1077 817 1325 1751 660 2076 1891 1355 985 1321 2082 1791 2289 1601 1691 882 1789 0 1177
938 2101 1998 1893 926 2162 1228 1380 1253 748 842 2094 1909 1352 1117 1031 1543 732 1751 1529 1618 1034 1808 1177 0
OSM_IDS: 130117654 421921330 3624364776 2509535557 162787496 463216538 107122135 240036728 291977335 1476534004 1079261024 305986301 1303461855 93553812 11301983238 461711397 378244001 1019644441 2300722907 101493374 101074884 29271875 7442977344 599152827 401563998
GRAPHML_FILE: data/tsp_dataset/graph_zurich_dist_20000.graphml
EOF