NAME: zurich_25_10
COMMENT: TSP instance with 25 nodes. City: Zurich, Switzerland, Seed: 52
TYPE: TSP
DIMENSION: 25
EDGE_WEIGHT_TYPE: EXPLICIT
EDGE_WEIGHT_FORMAT: FULL_MATRIX
NODE_COORD_SECTION:
1 47.3485762 8.7261691
2 47.2296856 8.6705983
3 47.4122291 8.4639416
4 47.5261125 8.5443336
5 47.2943962 8.3579983
6 47.5494696 8.7390518
7 47.4030679 8.4048732
8 47.4989749 8.4551374
9 47.3421707 8.4829274
10 47.3986853 8.6046741
11 47.3028695 8.6884092
12 47.4086027 8.3178868
13 47.4212318 8.3161469
14 47.4495062 8.6993198
15 47.3771776 8.5338267
16 47.2786663 8.3388102
17 47.2080162 8.7393276
18 47.4847142 8.7104963
19 47.2246386 8.6323251
20 47.4903555 8.5483125
21 47.3260954 8.4905162
22 47.3669792 8.7867888
23 47.2604114 8.5979963
24 47.4941306 8.2775779
25 47.4165836 8.4501
EDGE_WEIGHT_SECTION:
0 1986 1267 1271 2097 1390 1360 1491 1662 678 478 1998 1956 871 1031 2251 2297 904 1813 1072 1750 480 1886 1897 1245
1986 0 1458 1940 1712 2383 1399 2126 1321 1489 1863 1764 1886 1864 981 1861 467 1898 280 1741 1237 2214 447 2071 1565
1267 1458 0 1130 1238 1664 423 933 809 770 1523 1157 1123 1145 608 1393 1768 1178 1285 931 927 1495 1358 1162 190
1271 1940 1130 0 1959 1246 1223 539 1559 774 1635 1861 1819 1078 984 2113 2250 1091 1767 282 1676 1499 1840 1638 1108
2097 1712 1238 1959 0 2494 1062 1789 1023 1599 2107 952 1072 1974 1224 260 2022 2008 1539 1760 1003 2325 1612 1734 1228
1390 2383 1664 1246 2494 0 1758 1703 2059 1075 1787 2395 2354 725 1428 2648 2694 596 2210 1294 2147 1423 2283 2294 1642
1360 1399 423 1223 1062 1758 0 1052 662 863 1709 824 789 1238 764 1216 1710 1272 1226 1024 779 1588 1299 886 406
1491 2126 933 539 1789 1703 1052 0 1388 994 1854 1518 1462 1369 1171 1943 2436 1402 1953 570 1506 1719 2026 1099 937
1662 1321 809 1559 1023 2059 662 1388 0 1164 1600 1075 1197 1539 692 1177 1631 1573 1148 1360 117 1889 1220 1334 799
678 1489 770 774 1599 1075 863 994 1164 0 906 1501 1459 556 533 1754 1799 589 1316 575 1252 906 1389 1399 748
478 1863 1523 1635 2107 1787 1709 1854 1600 906 0 2159 2281 1268 963 2256 2174 1301 1690 1436 1632 877 1763 2227 1608
1998 1764 1157 1861 952 2395 824 1518 1075 1501 2159 0 124 1876 1277 1107 2075 1909 1591 1662 1147 2226 1664 829 1135
1956 1886 1123 1819 1072 2354 789 1462 1197 1459 2281 124 0 1834 1343 1226 2197 1868 1713 1620 1270 2184 1786 773 1101
871 1864 1145 1078 1974 725 1238 1369 1539 556 1268 1876 1834 0 908 2129 2175 240 1691 950 1627 903 1764 1774 1123
1031 981 608 984 1224 1428 764 1171 692 533 963 1277 1343 908 0 1374 1291 942 808 785 750 1258 881 1283 714
2251 1861 1393 2113 260 2648 1216 1943 1177 1754 2256 1107 1226 2129 1374 0 2172 2162 1688 1915 1157 2479 1761 1888 1382
2297 467 1768 2250 2022 2694 1710 2436 1631 1799 2174 2075 2197 2175 1291 2172 0 2208 609 2051 1548 2525 819 2382 1876
904 1898 1178 1091 2008 596 1272 1402 1573 589 1301 1909 1868 240 942 2162 2208 0 1724 984 1661 937 1797 1808 1157
1813 280 1285 1767 1539 2210 1226 1953 1148 1316 1690 1591 1713 1691 808 1688 609 1724 0 1568 1064 2041 335 1898 1392
1072 1741 931 282 1760 1294 1024 570 1360 575 1436 1662 1620 950 785 1915 2051 984 1568 0 1478 1300 1641 1560 909
1750 1237 927 1676 1003 2147 779 1506 117 1252 1632 1147 1270 1627 750 1157 1548 1661 1064 1478 0 1977 1137 1451 917
480 2214 1495 1499 2325 1423 1588 1719 1889 906 877 2226 2184 903 1258 2479 2525 937 2041 1300 1977 0 2114 2125 1473
1886 447 1358 1840 1612 2283 1299 2026 1220 1389 1763 1664 1786 1764 881 1761 819 1797 335 1641 1137 2114 0 1971 1465
1897 2071 1162 1638 1734 2294 886 1099 1334 1399 2227 829 773 1774 1283 1888 2382 1808 1898 1560 1451 2125 1971 0 1140
1245 1565 190 1108 1228 1642 406 937 799 748 1608 1135 1101 1123 714 1382 1876 1157 1392 909 917 1473 1465 1140 0
OSM_IDS: 360643347 60504731 13310917415 6532953486 920547043 1422806639 30228243 192581119 242410855 1492866216 264890214 599261583 2049923274 17284579 30230049 1145501550 2014256593 25429003 307649494 92317040 242410541 254298384 6339842537 302952693 373458784
GRAPHML_FILE: data/tsp_dataset/graph_zurich_dist_20000.graphml
EOF