NAME: zurich_25_6
COMMENT: TSP instance with 25 nodes. City: Zurich, Switzerland, Seed: 48
TYPE: TSP
DIMENSION: 25
EDGE_WEIGHT_TYPE: EXPLICIT
EDGE_WEIGHT_FORMAT: FULL_MATRIX
NODE_COORD_SECTION:
1 47.4584717 8.4313115
2 47.3347381 8.5823332
3 47.4351701 8.4660534
4 47.5201139 8.6575127
5 47.2242191 8.4598172
6 47.4293548 8.4636042
7 47.3996954 8.5727863
8 47.2005769 8.5142202
9 47.4334876 8.5619404
10 47.356197 8.3409343
11 47.276414 8.5768612
12 47.3441485 8.7028097
13 47.5329741 8.6734666
14 47.2929256 8.5566204
15 47.2055153 8.4867252
16 47.363062 8.4993069
17 47.3909579 8.6765
18 47.3620177 8.5663651
19 47.3824364 8.5409863
20 47.355063 8.5588859
21 47.369168 8.5480366
22 47.3395564 8.5698083
23 47.2874169 8.3616033
24 47.4704616 8.4025894
25 47.3912829 8.5231155
EDGE_WEIGHT_SECTION:
0 1373 333 1473 1632 380 879 1881 632 1355 1618 1334 1557 1422 1889 1066 1003 1109 866 1162 994 1285 1566 193 831
1373 0 1180 1622 1498 1124 850 1747 983 1417 1099 904 1707 903 1756 734 913 306 521 253 394 165 1577 1562 689
333 1180 0 1328 1487 92 733 1736 486 1210 1372 1188 1412 1176 1744 816 858 916 673 969 801 1092 1421 523 607
1473 1622 1328 0 2285 1276 1038 2534 994 2070 1885 1215 150 1690 2542 1474 879 1361 1103 1411 1244 1534 2281 1662 1171
1632 1498 1487 2285 0 1434 1512 444 1506 1234 1278 2145 2369 1097 331 1158 1815 1314 1186 1290 1162 1410 685 1655 1275
380 1124 92 1276 1434 0 681 1683 434 1158 1316 1136 1360 1120 1692 760 806 860 617 912 745 1035 1368 569 551
879 850 733 1038 1512 681 0 1761 428 1431 1113 899 1122 917 1770 701 568 587 331 639 471 762 1591 1068 399
1881 1747 1736 2534 444 1683 1761 0 1755 1486 1105 2394 2618 1027 294 1407 2064 1562 1435 1539 1411 1659 1037 1904 1524
632 983 486 994 1506 434 428 1755 0 1229 1246 909 1133 1050 1764 812 579 719 464 772 604 895 1440 821 488
1355 1417 1210 2070 1234 1158 1431 1486 1229 0 1224 1931 2155 1028 1495 1053 1601 1232 1104 1209 1081 1329 553 1378 1174
1618 1099 1372 1885 1278 1316 1113 1105 1246 1224 0 1746 1970 196 1369 759 1415 914 786 891 763 1011 1384 1641 875
1334 904 1188 1215 2145 1136 899 2394 909 1931 1746 0 1299 1550 2403 1334 406 1011 964 1110 1104 1022 2142 1523 1032
1557 1707 1412 150 2369 1360 1122 2618 1133 2155 1970 1299 0 1774 2627 1558 964 1445 1188 1496 1328 1618 2365 1747 1256
1422 903 1176 1690 1097 1120 917 1027 1050 1028 196 1550 1774 0 1291 563 1220 719 591 695 568 815 1188 1445 680
1889 1756 1744 2542 331 1692 1770 294 1764 1495 1369 2403 2627 1291 0 1416 2073 1571 1443 1548 1420 1668 1014 1912 1532
1066 734 816 1474 1158 760 701 1407 812 1053 759 1334 1558 563 1416 0 1004 549 401 526 398 646 1237 1221 408
1003 913 858 879 1815 806 568 2064 579 1601 1415 406 964 1220 2073 1004 0 839 633 941 774 913 1811 1192 701
1109 306 916 1361 1314 860 587 1562 719 1232 914 1011 1445 719 1571 549 839 0 269 152 176 294 1392 1298 433
866 521 673 1103 1186 617 331 1435 464 1104 786 964 1188 591 1443 401 633 269 0 310 142 433 1264 1055 179
1162 253 969 1411 1290 912 639 1539 772 1209 891 1110 1496 695 1548 526 941 152 310 0 186 165 1369 1351 478
994 394 801 1244 1162 745 471 1411 604 1081 763 1104 1328 568 1420 398 774 176 142 186 0 306 1241 1183 310
1285 165 1092 1534 1410 1035 762 1659 895 1329 1011 1022 1618 815 1668 646 913 294 433 165 306 0 1489 1474 601
1566 1577 1421 2281 685 1368 1591 1037 1440 553 1384 2142 2365 1188 1014 1237 1811 1392 1264 1369 1241 1489 0 1589 1353
193 1562 523 1662 1655 569 1068 1904 821 1378 1641 1523 1747 1445 1912 1221 1192 1298 1055 1351 1183 1474 1589 0 1020
831 689 607 1171 1275 551 399 1524 488 1174 875 1032 1256 680 1532 408 701 433 179 478 310 601 1353 1020 0
OSM_IDS: 457428377 150998841 434325171 11465615669 273482760 1941632232 248139924 240036728 107167666 8094528092 295160717 293030301 13082770141 12205070707 240071227 5041310411 292285587 27600393 94115368 1638473880 75213080 151000332 9724156871 246376175 149464082
GRAPHML_FILE: data/tsp_dataset/graph_zurich_dist_20000.graphml
EOF