NAME: zurich_25_27
COMMENT: TSP instance with 25 nodes. City: Zurich, Switzerland, Seed: 69
TYPE: TSP
DIMENSION: 25
EDGE_WEIGHT_TYPE: EXPLICIT
EDGE_WEIGHT_FORMAT: FULL_MATRIX
NODE_COORD_SECTION:
1 47.2012313 8.7934876
2 47.5099444 8.4761079
3 47.4752206 8.4501355
4 47.3344256 8.5163632
5 47.3988047 8.6004135
6 47.2570707 8.683399
7 47.3265332 8.5775691
8 47.4990595 8.7078259
9 47.4007317 8.3936618
10 47.409972 8.4045184
11 47.3908665 8.4204131
12 47.2025617 8.5741319
13 47.4473765 8.3301907
14 47.4763272 8.7678556
15 47.2640853 8.339297
16 47.4774769 8.5216999
17 47.341097 8.4581813
18 47.5213224 8.7904754
19 47.29736 8.6967717
20 47.5375195 8.2927374
21 47.2652818 8.7275732
22 47.2651163 8.397401
23 47.3506652 8.4414766
24 47.4129102 8.382586
25 47.2526203 8.7765138
EDGE_WEIGHT_SECTION:
0 2710 2535 1526 2116 2811 2028 2654 2038 2105 1887 1455 2372 2955 2479 2376 1678 2956 2554 3113 2791 2104 1686 2099 3007
2710 0 381 1480 970 2310 1603 1497 1202 1095 1051 2371 1190 1793 2184 418 1307 1615 1885 1116 2094 1855 1307 1095 2215
2535 381 0 1309 857 2197 1447 1386 922 815 771 2196 865 1686 1904 484 1027 1687 1772 991 1981 1575 1027 815 2102
1526 1480 1309 0 886 1581 799 1425 910 977 759 1054 1242 1725 1351 1147 549 1726 1325 1983 1561 976 557 969 1777
2116 970 857 886 0 1394 929 772 961 853 809 1777 1127 1073 1913 637 1048 1074 966 1789 1228 1541 1065 854 1444
2811 2310 2197 1581 1394 0 843 1938 2115 2057 1963 2471 2274 2000 2611 1976 1809 2239 525 3015 354 2236 1818 2001 592
2028 1603 1447 799 929 843 0 1548 1333 1274 1180 1689 1491 1848 1829 1270 1027 1849 731 2233 967 1454 1035 1218 1183
2654 1497 1386 1425 772 1938 1548 0 1489 1382 1338 2315 1655 490 2452 1166 1577 610 1538 2317 1714 2079 1594 1382 1835
2038 1202 922 910 961 2115 1333 1489 0 190 251 1699 502 1790 1406 997 530 1791 1850 1319 2079 1078 530 134 2205
2105 1095 815 977 853 2057 1274 1382 190 0 321 1766 524 1682 1474 889 597 1683 1768 1268 1977 1145 597 165 2098
1887 1051 771 759 809 1963 1180 1338 251 321 0 1548 608 1638 1255 845 379 1639 1698 1349 1925 927 357 329 2054
1455 2371 2196 1054 1777 2471 1689 2315 1699 1766 1548 0 2033 2615 1617 2037 1336 2616 2215 2774 2452 1152 1346 1760 2667
2372 1190 865 1242 1127 2274 1491 1655 502 524 608 2033 0 1956 1740 1163 864 1957 2009 921 2239 1412 864 368 2371
2955 1793 1686 1725 1073 2000 1848 490 1790 1682 1638 2615 1956 0 2752 1466 1878 536 1588 2618 1778 2380 1894 1683 1879
2479 2184 1904 1351 1913 2611 1829 2452 1406 1474 1255 1617 1740 2752 0 1978 1023 2753 2355 2482 2591 514 1075 1467 2807
2376 418 484 1147 637 1976 1270 1166 997 889 845 2037 1163 1466 1978 0 1102 1467 1552 1355 1761 1649 1102 890 1882
1678 1307 1027 549 1048 1809 1027 1577 530 597 379 1336 864 1878 1023 1102 0 1878 1553 1605 1790 682 192 591 2005
2956 1615 1687 1726 1074 2239 1849 610 1791 1683 1639 2616 1957 536 2753 1467 1878 0 1840 2619 2015 2381 1895 1683 2136
2554 1885 1772 1325 966 525 731 1538 1850 1768 1698 2215 2009 1588 2355 1552 1553 1840 0 2703 372 1980 1561 1736 623
3113 1116 991 1983 1789 3015 2233 2317 1319 1268 1349 2774 921 2618 2482 1355 1605 2619 2703 0 2912 2153 1605 1194 3033
2791 2094 1981 1561 1228 354 967 1714 2079 1977 1925 2452 2239 1778 2591 1761 1790 2015 372 2912 0 2216 1798 1966 330
2104 1855 1575 976 1541 2236 1454 2079 1078 1145 927 1152 1412 2380 514 1649 682 2381 1980 2153 2216 0 700 1139 2432
1686 1307 1027 557 1065 1818 1035 1594 530 597 357 1346 864 1894 1075 1102 192 1895 1561 1605 1798 700 0 591 2013
2099 1095 815 969 854 2001 1218 1382 134 165 329 1760 368 1683 1467 890 591 1683 1736 1194 1966 1139 591 0 2098
3007 2215 2102 1777 1444 592 1183 1835 2205 2098 2054 2667 2371 1879 2807 1882 2005 2136 623 3033 330 2432 2013 2098 0
OSM_IDS: 33327306 101483398 249695333 84506404 582465227 470246101 1509481985 4115297999 1696047652 2001397773 462242979 2070862312 206257604 1491349180 1202897097 79242083 1507924576 408766003 216287393 276273522 207715605 448547635 287851666 10991618427 285501706
GRAPHML_FILE: data/tsp_dataset/graph_zurich_dist_20000.graphml
EOF