NAME: zurich_25_19
COMMENT: TSP instance with 25 nodes. City: Zurich, Switzerland, Seed: 61
TYPE: TSP
DIMENSION: 25
EDGE_WEIGHT_TYPE: EXPLICIT
EDGE_WEIGHT_FORMAT: FULL_MATRIX
NODE_COORD_SECTION:
1 47.4102285 8.727387
2 47.3156042 8.7888977
3 47.4122574 8.546499
4 47.4446878 8.4389
5 47.3197153 8.5206738
6 47.3944991 8.4520852
7 47.316277 8.5838279
8 47.5183598 8.5932475
9 47.4320915 8.3443133
10 47.4038369 8.3108424
11 47.3104094 8.5494573
12 47.4128474 8.5682826
13 47.2883899 8.5328191
14 47.3013227 8.5463824
15 47.2641982 8.4065459
16 47.4038505 8.5700814
17 47.4895301 8.7100577
18 47.4133662 8.5124315
19 47.4731608 8.5098896
20 47.284539 8.7631082
21 47.2226293 8.4971216
22 47.3641327 8.5529521
23 47.2354728 8.6360669
24 47.3720861 8.6404241
25 47.4400942 8.6405693
EDGE_WEIGHT_SECTION:
0 844 903 1310 1493 1469 1448 1142 1648 2096 1614 859 1704 1476 2003 811 588 1103 1174 1055 2202 1152 1822 697 747
844 0 1152 1559 1742 1718 1110 1631 1897 2345 1863 1108 1953 1726 2252 1060 1234 1352 1423 371 2452 1299 2071 829 1156
903 1152 0 674 804 811 914 834 1026 1474 925 165 1015 787 1313 186 828 252 540 1363 1513 461 1132 665 695
1310 1559 674 0 1252 830 1434 1217 698 1291 1373 831 1463 1235 1481 783 1235 537 695 1770 1681 982 1581 1090 1114
1493 1742 804 1252 0 889 983 1490 1341 1354 295 883 238 238 1005 788 1418 901 1282 1593 939 581 608 1182 1340
1469 1718 811 830 889 0 1153 1375 795 1243 1010 917 1100 872 1132 828 1394 752 1044 1763 1332 751 1218 1249 1273
1448 1110 914 1434 983 1153 0 1602 1600 1842 1049 995 1194 966 1492 899 1530 1013 1393 867 1692 496 1311 751 1452
1142 1631 834 1217 1490 1375 1602 0 1555 2003 1612 879 1701 1474 1972 856 776 1042 750 1842 2171 1149 1819 1162 732
1648 1897 1026 698 1341 795 1600 1555 0 850 1384 1177 1474 1246 1387 1122 1574 935 1223 2108 1587 1190 1591 1428 1453
2096 2345 1474 1291 1354 1243 1842 2003 850 0 1396 1625 1485 1258 1227 1569 2021 1382 1671 2452 1598 1441 1603 1876 1900
1614 1863 925 1373 295 1010 1049 1612 1384 1396 0 1004 387 154 1046 909 1539 1022 1403 1660 1088 648 513 1249 1461
859 1108 165 831 883 917 995 879 1177 1625 1004 0 1094 867 1393 154 784 411 655 1319 1593 542 1212 587 592
1704 1953 1015 1463 238 1100 1194 1701 1474 1485 387 1094 0 327 1022 999 1629 1112 1493 1804 747 792 686 1393 1551
1476 1726 787 1235 238 872 966 1474 1246 1258 154 867 327 0 908 772 1402 885 1265 1576 1029 565 372 1166 1324
2003 2252 1313 1481 1005 1132 1492 1972 1387 1227 1046 1393 1022 908 0 1298 1928 1351 1640 2103 549 1091 1253 1692 1850
811 1060 186 783 788 828 899 856 1122 1569 909 154 999 772 1298 0 737 392 647 1271 1498 447 1117 484 621
588 1234 828 1235 1418 1394 1530 776 1574 2021 1539 784 1629 1402 1928 737 0 1029 1099 1445 2128 1077 1747 934 653
1103 1352 252 537 901 752 1013 1042 935 1382 1022 411 1112 885 1351 392 1029 0 704 1550 1551 560 1230 874 933
1174 1423 540 695 1282 1044 1393 750 1223 1671 1403 655 1493 1265 1640 647 1099 704 0 1634 1839 941 1611 953 900
1055 371 1363 1770 1593 1763 867 1842 2108 2452 1660 1319 1804 1576 2103 1271 1445 1550 1634 0 2302 1056 1922 860 1367
2202 2452 1513 1681 939 1332 1692 2171 1587 1598 1088 1593 747 1029 549 1498 2128 1551 1839 2302 0 1291 841 1892 2050
1152 1299 461 982 581 751 496 1149 1190 1441 648 542 792 565 1091 447 1077 560 941 1056 1291 0 910 657 999
1822 2071 1132 1581 608 1218 1311 1819 1591 1603 513 1212 686 372 1253 1117 1747 1230 1611 1922 841 910 0 1511 1669
697 829 665 1090 1182 1249 751 1162 1428 1876 1249 587 1393 1166 1692 484 934 874 953 860 1892 657 1511 0 853
747 1156 695 1114 1340 1273 1452 732 1453 1900 1461 592 1551 1324 1850 621 653 933 900 1367 2050 999 1669 853 0
OSM_IDS: 8448393858 263343836 292142095 462121263 420086167 462237409 27598467 6760510189 698857993 713562934 81533927 1400965188 3826926680 470949049 250251907 500913425 25427834 10860079649 100276544 257943868 519845894 27587740 1831310619 209610851 146958027
GRAPHML_FILE: data/tsp_dataset/graph_zurich_dist_20000.graphml
EOF