NAME: zurich_25_2
COMMENT: TSP instance with 25 nodes. City: Zurich, Switzerland, Seed: 44
TYPE: TSP
DIMENSION: 25
EDGE_WEIGHT_TYPE: EXPLICIT
EDGE_WEIGHT_FORMAT: FULL_MATRIX
NODE_COORD_SECTION:
1 47.2679766 8.3075424
2 47.2162172 8.5736908
3 47.254448 8.7952841
4 47.2018614 8.7923198
5 47.5215311 8.3301689
6 47.3211049 8.3808532
7 47.2706706 8.716597
8 47.3321278 8.7127347
9 47.2162755 8.5738842
10 47.5118199 8.6951648
11 47.5492204 8.5708545
12 47.3319781 8.638787
13 47.5334127 8.5852677
14 47.3944721 8.5266539
15 47.4778326 8.3104862
16 47.3342684 8.61177
17 47.529561 8.3927568
18 47.4372987 8.4740226
19 47.4443016 8.3619656
20 47.3517284 8.3335895
21 47.3366594 8.4878508
22 47.3849728 8.5387084
23 47.2953692 8.3947516
24 47.4239999 8.6076972
25 47.5179113 8.5425693
EDGE_WEIGHT_SECTION:
0 1571 2973 2656 2426 752 2683 2671 1571 2652 2780 2281 2661 1754 1979 2152 2744 1738 1737 903 1423 1669 809 2186 2338
1571 0 2508 1307 2425 1290 2218 2219 3 2203 2422 1816 2303 1289 1978 1687 2743 1726 1736 1638 964 1204 1147 1733 1980
2973 2508 0 3025 2790 2338 452 749 2508 1829 2373 956 2254 1644 2423 924 2935 1750 2180 2472 2200 1515 2451 1379 1931
2656 1307 3025 0 2942 2021 2735 2737 1307 2720 2940 2333 2820 1806 2496 2204 3260 2243 2253 2156 1921 1721 2134 2250 2497
2426 2425 2790 2942 0 1674 2656 2203 2425 2164 1714 2328 1601 1468 553 2199 580 1060 840 1632 1642 1580 1886 1726 1227
752 1290 2338 2021 1674 0 2048 1921 1290 1900 2028 1646 1909 1099 1228 1517 1992 987 985 429 770 1034 218 1454 1586
2683 2218 452 2735 2656 2048 0 570 2218 1694 2239 666 2119 1365 2277 634 2800 1615 2035 2182 1910 1225 2160 1244 1797
2671 2219 749 2737 2203 1921 570 0 2219 1241 1786 677 1666 1090 1835 644 2347 1162 1593 2055 1854 1092 2132 791 1343
1571 3 2508 1307 2425 1290 2218 2219 0 2203 2422 1816 2303 1289 1978 1687 2743 1726 1736 1637 964 1204 1147 1733 1980
2652 2203 1829 2720 2164 1900 1694 1241 2203 0 838 1660 697 1069 1815 1542 2309 1141 1572 2034 1833 1071 2111 780 963
2780 2422 2373 2940 1714 2028 2239 1786 2422 838 0 2034 179 1288 1943 1911 1858 1270 1701 2163 1997 1290 2240 1134 513
2281 1816 956 2333 2328 1646 666 677 1816 1660 2034 0 1915 963 1881 231 2562 1377 1639 1780 1508 823 1758 1162 1592
2661 2303 2254 2820 1601 1909 2119 1666 2303 697 179 1915 0 1169 1824 1792 1746 1150 1581 2043 1877 1171 2121 1015 400
1754 1289 1644 1806 1468 1099 1365 1090 1289 1069 1288 963 1169 0 1022 834 1717 527 779 1234 835 167 1231 599 846
1979 1978 2423 2496 553 1228 2277 1835 1978 1815 1943 1881 1824 1022 0 1752 939 901 455 1186 1196 1133 1439 1369 1501
2152 1687 924 2204 2199 1517 634 644 1687 1542 1911 231 1792 834 1752 0 2433 1247 1510 1651 1379 694 1629 1045 1469
2744 2743 2935 3260 580 1992 2800 2347 2743 2309 1858 2562 1746 1717 939 2433 0 1205 1158 1950 1960 1766 2204 1871 1372
1738 1726 1750 2243 1060 987 1615 1162 1726 1141 1270 1377 1150 527 901 1247 1205 0 637 1121 955 581 1198 695 811
1737 1736 2180 2253 840 985 2035 1593 1736 1572 1701 1639 1581 779 455 1510 1158 637 0 1119 953 891 1197 1126 1258
903 1638 2472 2156 1632 429 2182 2055 1637 2034 2163 1780 2043 1234 1186 1651 1950 1121 1119 0 904 1168 614 1588 1720
1423 964 2200 1921 1642 770 1910 1854 964 1833 1997 1508 1877 835 1196 1379 1960 955 953 904 0 876 753 1363 1554
1669 1204 1515 1721 1580 1034 1225 1092 1204 1071 1290 823 1171 167 1133 694 1766 581 891 1168 876 0 1146 601 848
809 1147 2451 2134 1886 218 2160 2132 1147 2111 2240 1758 2121 1231 1439 1629 2204 1198 1197 614 753 1146 0 1636 1798
2186 1733 1379 2250 1726 1454 1244 791 1733 780 1134 1162 1015 599 1369 1045 1871 695 1126 1588 1363 601 1636 0 753
2338 1980 1931 2497 1227 1586 1797 1343 1980 963 513 1592 400 846 1501 1469 1372 811 1258 1720 1554 848 1798 753 0
OSM_IDS: 1463070044 120256948 260648511 1064604959 298922738 412136312 27798251 298605067 120256946 25428467 102886575 240314080 439715580 1050181727 1396418605 469733537 703682595 94575261 534265029 401564031 242410714 110413661 12909358276 92530814 101107814
GRAPHML_FILE: data/tsp_dataset/graph_zurich_dist_20000.graphml
EOF