NAME: zurich_25_12
COMMENT: TSP instance with 25 nodes. City: Zurich, Switzerland, Seed: 54
TYPE: TSP
DIMENSION: 25
EDGE_WEIGHT_TYPE: EXPLICIT
EDGE_WEIGHT_FORMAT: FULL_MATRIX
NODE_COORD_SECTION:
1 47.3503985 8.5249834
2 47.3401549 8.2976598
3 47.5174071 8.6450982
4 47.4716406 8.3070807
5 47.4527611 8.5733121
6 47.4066284 8.2816413
7 47.4210927 8.3059604
8 47.4414261 8.5251092
9 47.3289791 8.5411551
10 47.3359307 8.2998712
11 47.3871949 8.7829032
12 47.2869704 8.4395238
13 47.2050014 8.5787428
14 47.2430747 8.6476451
15 47.3740333 8.4115753
16 47.3386745 8.6208801
17 47.2401255 8.6589993
18 47.3191429 8.5206969
19 47.3248241 8.6532285
20 47.4506893 8.3726781
21 47.2666282 8.689026
22 47.4422709 8.584597
23 47.4166199 8.44688
24 47.4602594 8.3271185
25 47.3241458 8.3789176
EDGE_WEIGHT_SECTION:
0 1244 1507 1107 797 1390 1288 946 342 1275 1564 755 1148 843 710 856 864 362 972 1043 1563 841 823 1103 818
1244 0 2376 1277 1654 724 834 1596 1284 92 2512 1104 2025 1785 1033 1928 1806 1380 2045 1506 2636 1699 1316 1458 726
1507 2376 0 1783 763 2456 2150 1167 1685 2407 1196 2072 2492 2187 1634 1593 2207 1705 1660 1718 2076 835 1383 1779 1950
1107 1277 1783 0 1061 878 497 1003 1250 1291 1919 1267 2056 1751 829 1656 1772 1345 1773 475 2372 1106 836 206 1145
797 1654 763 1061 0 1733 1428 445 976 1685 1150 1350 1782 1477 911 1039 1498 996 1106 996 1658 159 660 1056 1228
1390 724 2456 878 1733 0 435 1676 1430 738 2591 1412 2236 1931 1170 2075 1952 1527 2191 1256 2782 1779 1401 1058 909
1288 834 2150 497 1428 435 0 1370 1328 848 2286 1301 2134 1829 904 1972 1850 1425 2089 893 2680 1473 1133 678 798
946 1596 1167 1003 445 1676 1370 0 1124 1627 1308 1292 1930 1625 854 1197 1646 1144 1264 795 1815 493 603 941 1170
342 1284 1685 1250 976 1430 1328 1124 0 1315 1743 795 1048 743 750 959 764 316 1076 1185 1666 1020 995 1246 858
1275 92 2407 1291 1685 738 848 1627 1315 0 2543 1061 1986 1816 1064 1959 1837 1411 2076 1537 2667 1730 1347 1472 683
1564 2512 1196 1919 1150 2591 2286 1308 1743 2543 0 2155 2549 2244 1769 1242 2265 1763 1110 1854 1448 1194 1518 1914 2086
755 1104 2072 1267 1350 1412 1301 1292 795 1061 2155 0 1050 1296 765 1439 1316 891 1556 1203 2147 1395 1012 1263 554
1148 2025 2492 2056 1782 2236 2134 1930 1048 1986 2549 1050 0 787 1556 1833 807 909 1950 1992 2540 1826 1801 2052 1541
843 1785 2187 1751 1477 1931 1829 1625 743 1816 2244 1296 787 0 1251 1528 100 764 1645 1687 2235 1521 1496 1747 1359
710 1033 1634 829 911 1170 904 854 750 1064 1769 765 1556 1251 0 1395 1272 847 1511 764 2102 957 545 824 650
856 1928 1593 1656 1039 2075 1972 1197 959 1959 1242 1439 1833 1528 1395 0 1548 1047 189 1591 810 1083 1338 1651 1502
864 1806 2207 1772 1498 1952 1850 1646 764 1837 2265 1316 807 100 1272 1548 0 785 1665 1707 2256 1542 1517 1768 1380
362 1380 1705 1345 996 1527 1425 1144 316 1411 1763 891 909 764 847 1047 785 0 1164 1280 1754 1040 1043 1340 955
972 2045 1660 1773 1106 2191 2089 1264 1076 2076 1110 1556 1950 1645 1511 189 1665 1164 0 1708 638 1150 1454 1768 1619
1043 1506 1718 475 996 1256 893 795 1185 1537 1854 1203 1992 1687 764 1591 1707 1280 1708 0 2307 1041 673 364 1081
1563 2636 2076 2372 1658 2782 2680 1815 1666 2667 1448 2147 2540 2235 2102 810 2256 1754 638 2307 0 1702 2025 2367 2210
841 1699 835 1106 159 1779 1473 493 1020 1730 1194 1395 1826 1521 957 1083 1542 1040 1150 1041 1702 0 706 1102 1273
823 1316 1383 836 660 1401 1133 603 995 1347 1518 1012 1801 1496 545 1338 1517 1043 1454 673 2025 706 0 818 890
1103 1458 1779 206 1056 1058 678 941 1246 1472 1914 1263 2052 1747 824 1651 1768 1340 1768 364 2367 1102 818 0 1141
818 726 1950 1145 1228 909 798 1170 858 683 2086 554 1541 1359 650 1502 1380 955 1619 1081 2210 1273 890 1141 0
OSM_IDS: 177012625 2030307982 431282808 6486270147 6960559344 1082760646 293843243 2322336960 471304639 1098677241 286532673 279378839 60522555 8751155734 2787524735 100226812 549066184 420075645 1509997201 370450586 207714719 101728599 336449391 385066146 2006437582
GRAPHML_FILE: data/tsp_dataset/graph_zurich_dist_20000.graphml
EOF