NAME: zurich_25_0
COMMENT: TSP instance with 25 nodes. City: Zurich, Switzerland, Seed: 42
TYPE: TSP
DIMENSION: 25
EDGE_WEIGHT_TYPE: EXPLICIT
EDGE_WEIGHT_FORMAT: FULL_MATRIX
NODE_COORD_SECTION:
1 47.419038 8.538454
2 47.3093319 8.7215885
3 47.496469 8.3902564
4 47.3331159 8.7863899
5 47.4866933 8.2934941
6 47.4337178 8.7721375
7 47.4405476 8.4764935
8 47.4185075 8.5903558
9 47.3604279 8.5266655
10 47.4052261 8.5049562
11 47.3850352 8.484984
12 47.520692 8.5174143
13 47.4880169 8.2910895
14 47.4533941 8.4366659
15 47.3950607 8.6728638
16 47.3607475 8.5483098
17 47.3978957 8.77474
18 47.2778122 8.6160878
19 47.2760305 8.5775881
20 47.2693494 8.3120271
21 47.4622411 8.3271911
22 47.4964576 8.7443614
23 47.2434554 8.5358338
24 47.5094467 8.4679589
25 47.2215789 8.4992737
EDGE_WEIGHT_SECTION:
0 1251 1140 1181 1180 1210 450 521 730 275 648 797 1258 679 625 656 1250 1406 1241 1919 1005 1158 1673 935 1668
1251 0 2040 548 2072 1094 1349 1074 1189 1358 1446 1554 2150 1579 770 1017 904 728 1776 2592 1897 1493 2208 1794 2263
1140 2040 0 1970 706 1999 741 1340 1586 1078 1272 808 750 762 1414 1511 2039 2261 2078 2430 800 1947 2251 540 2180
1181 548 1970 0 2002 954 1280 1005 1426 1288 1477 1484 2080 1509 700 1356 682 1203 1942 2741 1827 1424 2374 1724 2428
1180 2072 706 2002 0 2031 1001 1372 1290 1118 994 1387 83 830 1446 1319 2071 2068 1678 2030 326 1979 1851 1119 1780
1210 1094 1999 954 2031 0 1309 1038 1455 1317 1506 1513 2110 1538 810 1385 398 1668 1971 2770 1856 700 2403 1753 2457
450 1349 741 1280 1001 1309 0 649 890 387 572 745 1079 285 723 820 1348 1570 1382 1740 752 1256 1560 611 1489
521 1074 1340 1005 1372 1038 649 0 757 619 808 747 1450 879 449 687 1073 1420 1273 2080 1197 986 1705 987 1759
730 1189 1586 1426 1290 1455 890 757 0 604 393 1138 1368 1125 870 209 1495 959 612 1428 1115 1403 1044 1378 1098
275 1358 1078 1288 1118 1317 387 619 604 0 373 1000 1196 617 732 533 1357 1282 1112 1857 942 1265 1544 949 1598
648 1446 1272 1477 994 1506 572 808 393 373 0 1189 1072 811 921 465 1546 1215 899 1644 819 1454 1253 1143 1379
797 1554 808 1484 1387 1513 745 747 1138 1000 1189 0 1431 770 928 1068 1553 1818 1654 2362 1235 1434 2086 328 2112
1258 2150 750 2080 83 2110 1079 1450 1368 1196 1072 1431 0 908 1524 1397 2149 2146 1756 2108 405 2057 1929 1164 1858
679 1579 762 1509 830 1538 285 879 1125 617 811 770 908 0 953 1050 1578 1800 1617 1969 557 1486 1790 637 1719
625 770 1414 700 1446 810 723 449 870 732 921 928 1524 953 0 800 769 1345 1385 2185 1271 868 1817 1168 1872
656 1017 1511 1356 1319 1385 820 687 209 533 465 1068 1397 1050 800 0 1425 750 796 1611 1143 1333 1228 1308 1282
1250 904 2039 682 2071 398 1348 1073 1495 1357 1546 1553 2149 1578 769 1425 0 1477 2010 2810 1896 932 2442 1793 2497
1406 728 2261 1203 2068 1668 1570 1420 959 1282 1215 1818 2146 1800 1345 750 1477 0 1546 2361 1893 2064 1978 2058 2032
1241 1776 2078 1942 1678 1971 1382 1273 612 1112 899 1654 1756 1617 1385 796 2010 1546 0 1741 1503 1918 959 1894 1112
1919 2592 2430 2741 2030 2770 1740 2080 1428 1857 1644 2362 2108 1969 2185 1611 2810 2361 1741 0 1855 2718 1341 2301 1232
1005 1897 800 1827 326 1856 752 1197 1115 942 819 1235 405 557 1271 1143 1896 1893 1503 1855 0 1804 1675 1101 1604
1158 1493 1947 1424 1979 700 1256 986 1403 1265 1454 1434 2057 1486 868 1333 932 2064 1918 2718 1804 0 2350 1690 2405
1673 2208 2251 2374 1851 2403 1560 1705 1044 1544 1253 2086 1929 1790 1817 1228 2442 1978 959 1341 1675 2350 0 2121 286
935 1794 540 1724 1119 1753 611 987 1378 949 1143 328 1164 637 1168 1308 1793 2058 1894 2301 1101 1690 2121 0 2050
1668 2263 2180 2428 1780 2457 1489 1759 1098 1598 1379 2112 1858 1719 1872 1282 2497 2032 1112 1232 1604 2405 286 2050 0
OSM_IDS: 110287910 27505245 374582738 312380356 297430709 187209746 105401483 98020343 1628127933 29353694 28107530 101075825 293650114 304598708 11470393858 27587773 278277550 1610983169 295160732 2500432130 385066163 25427859 243074343 1630049592 549476246
GRAPHML_FILE: data/tsp_dataset/graph_zurich_dist_20000.graphml
EOF