NAME: zurich_25_18
COMMENT: TSP instance with 25 nodes. City: Zurich, Switzerland, Seed: 60
TYPE: TSP
DIMENSION: 25
EDGE_WEIGHT_TYPE: EXPLICIT
EDGE_WEIGHT_FORMAT: FULL_MATRIX
NODE_COORD_SECTION:
1 47.2642136 8.4559373
2 47.3485943 8.3455944
3 47.273553 8.725578
4 47.4064457 8.6286594
5 47.5146546 8.6382844
6 47.1963447 8.4804986
7 47.3935699 8.4147968
8 47.2696258 8.4207632
9 47.515227 8.6686489
10 47.5249328 8.5802104
11 47.3685237 8.5196722
12 47.3931495 8.6137754
13 47.2604123 8.3521866
14 47.3722033 8.5228467
15 47.5358215 8.7264988
16 47.5030093 8.7158741
17 47.3923472 8.6090235
18 47.4375577 8.4757979
19 47.3095455 8.5855837
20 47.5071805 8.513311
21 47.2920701 8.7090178
22 47.4918745 8.7597771
23 47.2688308 8.7750876
24 47.4702014 8.5124488
25 47.1984126 8.4798808
EDGE_WEIGHT_SECTION:
0 905 1945 1472 2048 512 909 254 1983 1936 817 1442 750 785 2115 1928 1437 1099 1396 1727 1884 2121 2137 1503 505
905 0 2058 1452 1966 1299 827 755 1963 1854 930 1429 868 898 2096 1908 1425 1017 1510 1644 1998 2102 2250 1421 1293
1945 2058 0 1095 1863 2371 1777 1996 1678 1984 1271 1024 2493 1239 1810 1623 1073 1565 842 1779 238 1781 335 1674 2364
1472 1452 1095 0 941 1898 854 1523 755 1052 781 220 2016 742 887 700 233 633 1200 848 1060 893 1157 742 1891
2048 1966 1863 941 0 2474 1368 2100 229 435 1386 1078 2550 1348 541 505 1073 1148 1820 909 1828 790 1925 1033 2468
512 1299 2371 1898 2474 0 1335 634 2409 2362 1243 1868 1013 1211 2541 2354 1863 1525 1822 2153 2310 2547 2563 1929 45
909 827 1777 854 1368 1335 0 961 1365 1256 649 831 1411 611 1498 1310 827 419 1247 1046 1727 1504 1847 823 1329
254 755 1996 1523 2100 634 961 0 2035 1988 868 1493 600 836 2167 1980 1489 1150 1448 1778 1936 2173 2188 1554 627
1983 1963 1678 755 229 2409 1365 2035 0 507 1292 892 2528 1254 406 320 888 1145 1726 981 1643 605 1740 1106 2403
1936 1854 1984 1052 435 2362 1256 1988 507 0 1274 1030 2437 1235 819 783 1025 1035 1707 539 1949 1068 2046 698 2355
817 930 1271 781 1386 1243 649 868 1292 1274 0 751 1365 57 1424 1237 747 759 723 1069 1211 1430 1463 964 1236
1442 1429 1024 220 1078 1868 831 1493 892 1030 751 0 1987 713 1025 837 66 611 1043 825 958 1031 1216 720 1861
750 868 2493 2016 2550 1013 1411 600 2528 2437 1365 1987 0 1332 2660 2473 1982 1600 1944 2228 2432 2666 2685 2004 1006
785 898 1239 742 1348 1211 611 836 1254 1235 57 713 1332 0 1386 1199 708 730 690 1031 1178 1392 1431 925 1204
2115 2096 1810 887 541 2541 1498 2167 406 819 1424 1025 2660 1386 0 346 1020 1277 1858 1293 1775 460 1872 1386 2535
1928 1908 1623 700 505 2354 1310 1980 320 783 1237 837 2473 1199 346 0 833 1090 1671 1257 1588 313 1685 1199 2347
1437 1425 1073 233 1073 1863 827 1489 888 1025 747 66 1982 708 1020 833 0 606 1078 820 1007 1026 1265 715 1857
1099 1017 1565 633 1148 1525 419 1150 1145 1035 759 611 1600 730 1277 1090 606 0 1245 638 1530 1283 1627 409 1518
1396 1510 842 1200 1820 1822 1247 1448 1726 1707 723 1043 1944 690 1858 1671 1078 1245 0 1503 782 1864 1034 1397 1816
1727 1644 1779 848 909 2153 1046 1778 981 539 1069 825 2228 1031 1293 1257 820 638 1503 0 1745 1497 1841 387 2146
1884 1998 238 1060 1828 2310 1727 1936 1643 1949 1211 958 2432 1178 1775 1588 1007 1530 782 1745 0 1736 455 1639 2304
2121 2102 1781 893 790 2547 1504 2173 605 1068 1430 1031 2666 1392 460 313 1026 1283 1864 1497 1736 0 1843 1392 2541
2137 2250 335 1157 1925 2563 1847 2188 1740 2046 1463 1216 2685 1431 1872 1685 1265 1627 1034 1841 455 1843 0 1736 2556
1503 1421 1674 742 1033 1929 823 1554 1106 698 964 720 2004 925 1386 1199 715 409 1397 387 1639 1392 1736 0 1922
505 1293 2364 1891 2468 45 1329 627 2403 2355 1236 1861 1006 1204 2535 2347 1857 1518 1816 2146 2304 2541 2556 1922 0
OSM_IDS: 443727577 401609637 238472185 353073178 302681786 6509608834 4362719002 479878649 34487341 101023093 267276283 238064068 1194256515 48932881 309298758 25428557 1492866000 249670641 150997142 442928918 225060162 13235999244 59624495 107328998 433559786
GRAPHML_FILE: data/tsp_dataset/graph_zurich_dist_20000.graphml
EOF