NAME: zurich_25_24
COMMENT: TSP instance with 25 nodes. City: Zurich, Switzerland, Seed: 66
TYPE: TSP
DIMENSION: 25
EDGE_WEIGHT_TYPE: EXPLICIT
EDGE_WEIGHT_FORMAT: FULL_MATRIX
NODE_COORD_SECTION:
1 47.4138547 8.5454219
2 47.4115131 8.6099663
3 47.2281602 8.6628905
4 47.5538723 8.3335934
5 47.5532068 8.3311879
6 47.3889609 8.3305063
7 47.3514929 8.6328777
8 47.3940298 8.5353232
9 47.5343535 8.8005627
10 47.4623454 8.2790043
11 47.3289139 8.5991851
12 47.4314515 8.6449504
13 47.3680648 8.5411275
14 47.3707642 8.4514825
15 47.3992739 8.5019164
16 47.3471873 8.6167263
17 47.2958024 8.6889197
18 47.4427033 8.6290109
19 47.3777798 8.5377353
20 47.5087291 8.5457646
21 47.3121331 8.3283353
22 47.3660851 8.545137
23 47.3096638 8.3602368
24 47.3618419 8.5476541
25 47.4899005 8.7130268
EDGE_WEIGHT_SECTION:
0 451 1351 1823 1832 1382 894 238 1233 1161 972 577 464 822 437 901 1286 593 379 638 1615 443 1365 479 872
451 0 1607 2013 2022 1572 725 532 1092 1351 1055 405 720 1105 762 773 1130 405 635 754 1804 700 1555 736 731
1351 1607 0 2680 2689 1634 1679 1196 2337 1939 1554 1681 1001 1286 1370 1548 1935 1760 1011 1836 1833 1025 1583 1062 1976
1823 2013 2680 0 27 1566 2447 1901 2769 1142 2527 2113 1970 1848 1794 2496 2853 2050 1940 1614 2318 1998 2205 2035 2408
1832 2022 2689 27 0 1575 2457 1910 2778 1152 2536 2122 1980 1858 1803 2505 2862 2059 1949 1624 2327 2008 2215 2044 2417
1382 1572 1634 1566 1575 0 1837 1354 2328 627 1712 1672 1159 873 1286 1706 2093 1693 1169 1735 776 1183 729 1220 1967
894 725 1679 2447 2457 1837 0 833 1535 1786 459 877 710 1267 1100 223 556 954 742 1189 2035 663 1786 657 1174
238 532 1196 1901 1910 1354 833 0 1263 1160 812 606 308 715 339 742 1129 685 224 761 1552 283 1303 320 901
1233 1092 2337 2769 2778 2328 1535 1263 0 2107 1865 1025 1450 1868 1492 1583 1805 1060 1365 1325 2560 1430 2311 1467 597
1161 1351 1939 1142 1152 627 1786 1160 2107 0 1786 1451 1229 1108 1065 1772 2159 1472 1199 1515 1379 1257 1339 1294 1746
972 1055 1554 2527 2536 1712 459 812 1865 1786 0 1207 586 1146 1058 300 538 1285 673 1457 1910 529 1661 492 1504
577 405 1681 2113 2122 1672 877 606 1025 1451 1207 0 794 1211 836 925 1135 160 709 796 1904 774 1655 810 664
464 720 1001 1970 1980 1159 710 308 1450 1229 586 794 0 590 525 580 967 873 137 949 1357 57 1107 93 1089
822 1105 1286 1848 1858 873 1267 715 1868 1108 1146 1211 590 0 645 1140 1528 1257 584 1305 1071 618 822 654 1507
437 762 1370 1794 1803 1286 1100 339 1492 1065 1058 836 525 645 0 988 1375 914 437 990 1525 529 1275 566 1131
901 773 1548 2496 2505 1706 223 742 1583 1772 300 925 580 1140 988 0 558 1003 627 1237 1904 525 1655 514 1222
1286 1130 1935 2853 2862 2093 556 1129 1805 2159 538 1135 967 1528 1375 558 0 1228 1014 1594 2291 912 2042 901 1444
593 405 1760 2050 2059 1693 954 685 1060 1472 1285 160 873 1257 914 1003 1228 0 788 637 1925 853 1676 889 678
379 635 1011 1940 1949 1169 742 224 1365 1199 673 709 137 584 437 627 1014 788 0 864 1368 144 1118 181 1004
638 754 1836 1614 1624 1735 1189 761 1325 1515 1457 796 949 1305 990 1237 1594 637 864 0 1968 929 1718 965 1149
1615 1804 1833 2318 2327 776 2035 1552 2560 1379 1910 1904 1357 1071 1525 1904 2291 1925 1368 1968 0 1381 269 1418 2199
443 700 1025 1998 2008 1183 663 283 1430 1257 529 774 57 618 529 525 912 853 144 929 1381 0 1132 37 1069
1365 1555 1583 2205 2215 729 1786 1303 2311 1339 1661 1655 1107 822 1275 1655 2042 1676 1118 1718 269 1132 0 1168 1950
479 736 1062 2035 2044 1220 657 320 1467 1294 492 810 93 654 566 514 901 889 181 965 1418 37 1168 0 1105
872 731 1976 2408 2417 1967 1174 901 597 1746 1504 664 1089 1507 1131 1222 1444 678 1004 1149 2199 1069 1950 1105 0
OSM_IDS: 92572026 451845653 1867695375 312885821 2299924005 421426910 322596459 101380260 8518538221 266565876 4485471935 146960774 92489496 770455469 249811063 1445260065 3339504718 11369031503 28887285 111218144 1104592581 156385113 913464553 27482585 25428613
GRAPHML_FILE: data/tsp_dataset/graph_zurich_dist_20000.graphml
EOF