NAME: zurich_25_21
COMMENT: TSP instance with 25 nodes. City: Zurich, Switzerland, Seed: 63
TYPE: TSP
DIMENSION: 25
EDGE_WEIGHT_TYPE: EXPLICIT
EDGE_WEIGHT_FORMAT: FULL_MATRIX
NODE_COORD_SECTION:
1 47.5190522 8.5474998
2 47.3070633 8.3097058
3 47.5489144 8.7176677
4 47.409652 8.3996952
5 47.2389379 8.6372095
6 47.4322277 8.5729135
7 47.3569593 8.557845
8 47.4962889 8.4936725
9 47.4218367 8.5077562
10 47.3727914 8.3099428
11 47.3947321 8.3779605
12 47.3993316 8.5858527
13 47.2807448 8.4573125
14 47.3873672 8.4956722
15 47.3699083 8.7726298
16 47.430466 8.6429062
17 47.2933178 8.7789966
18 47.3991968 8.7701561
19 47.4486464 8.4405715
20 47.4131544 8.619877
21 47.3988095 8.5295869
22 47.5274005 8.7126702
23 47.3869316 8.3523023
24 47.2655896 8.3412979
25 47.2479209 8.3649077
EDGE_WEIGHT_SECTION:
0 2193 1092 1217 1802 582 1162 425 911 1889 1469 886 1818 1125 1421 882 1720 1548 946 839 904 993 1681 2274 2186
2193 0 2656 1337 1807 1731 1645 2044 1551 683 1220 1900 993 1554 2480 1998 2660 2607 1802 1898 1752 2459 1059 418 536
1092 2656 0 1680 2174 1158 1534 1454 1374 2352 1933 1129 2229 1497 1247 981 1767 1198 1625 909 1276 197 2144 2718 2586
1217 1337 1680 0 1339 755 1054 1067 575 971 338 969 999 605 1503 1022 1802 1630 771 921 811 1483 624 1454 1366
1802 1807 2174 1339 0 1362 1030 1874 1350 1503 1475 1284 1247 996 1997 1516 2045 2124 1702 1442 1156 1977 1484 1739 1605
582 1731 1158 755 1362 0 721 658 449 1427 1008 362 1356 679 981 499 1280 1108 700 374 432 960 1219 1812 1724
1162 1645 1534 1054 1030 721 0 1234 710 1340 1259 644 1084 521 1334 876 1114 1482 1133 802 521 1337 1321 1576 1442
425 2044 1454 1067 1874 658 1234 0 739 1740 1320 959 1669 1064 1493 979 1792 1620 596 911 943 1355 1531 2124 2036
911 1551 1374 575 1350 449 710 739 0 1247 828 560 1176 567 1197 716 1496 1324 500 615 319 1177 1039 1632 1544
1889 683 2352 971 1503 1427 1340 1740 1247 0 854 1595 1135 1249 2175 1694 2356 2302 1491 1593 1447 2155 692 930 988
1469 1220 1933 338 1475 1008 1259 1320 828 854 0 1221 1134 836 1756 1274 2055 1883 1028 1174 1043 1736 472 1396 1454
886 1900 1129 969 1284 362 644 959 560 1595 1221 0 1339 607 952 471 1251 1079 914 313 387 932 1432 1831 1697
1818 993 2229 999 1247 1356 1084 1669 1176 1135 1134 1339 0 1050 2052 1571 2100 2179 1427 1487 1210 2032 1144 811 677
1125 1554 1497 605 996 679 521 1064 567 1249 836 607 1050 0 1320 839 1537 1447 754 765 394 1300 1048 1543 1408
1421 2480 1247 1503 1997 981 1334 1493 1197 2175 1756 952 2052 1320 0 797 690 330 1448 723 1100 1050 1967 2541 2410
882 1998 981 1022 1516 499 876 979 716 1694 1274 471 1571 839 797 0 1096 836 967 200 618 784 1486 2060 1928
1720 2660 1767 1802 2045 1280 1114 1792 1496 2356 2055 1251 2100 1537 690 1096 0 992 1747 1022 1399 1570 2266 2592 2457
1548 2607 1198 1630 2124 1108 1482 1620 1324 2302 1883 1079 2179 1447 330 836 992 0 1575 860 1227 1001 2094 2668 2537
946 1802 1625 771 1702 700 1133 596 500 1491 1028 914 1427 754 1448 967 1747 1575 0 866 741 1428 1290 1883 1795
839 1898 909 921 1442 374 802 911 615 1593 1174 313 1487 765 723 200 1022 860 866 0 545 712 1385 1959 1853
904 1752 1276 811 1156 432 521 943 319 1447 1043 387 1210 394 1100 618 1399 1227 741 545 0 1079 1253 1702 1568
993 2459 197 1483 1977 960 1337 1355 1177 2155 1736 932 2032 1300 1050 784 1570 1001 1428 712 1079 0 1947 2521 2389
1681 1059 2144 624 1484 1219 1321 1531 1039 692 472 1432 1144 1048 1967 1486 2266 2094 1290 1385 1253 1947 0 1259 1318
2274 418 2718 1454 1739 1812 1576 2124 1632 930 1396 1831 811 1543 2541 2060 2592 2668 1883 1959 1702 2521 1259 0 243
2186 536 2586 1366 1605 1724 1442 2036 1544 988 1454 1697 677 1408 2410 1928 2457 2537 1795 1853 1568 2389 1318 243 0
OSM_IDS: 2290357569 2266246825 421921339 318217304 6549237391 98021650 1137176597 95681814 94872749 281044214 416064200 94710939 443695091 63021355 297174801 146961276 470253587 305986362 371624957 28217906 30065854 246531328 301241018 1691205974 1768972469
GRAPHML_FILE: data/tsp_dataset/graph_zurich_dist_20000.graphml
EOF