NAME: zurich_25_29
COMMENT: TSP instance with 25 nodes. City: Zurich, Switzerland, Seed: 71
TYPE: TSP
DIMENSION: 25
EDGE_WEIGHT_TYPE: EXPLICIT
EDGE_WEIGHT_FORMAT: FULL_MATRIX
NODE_COORD_SECTION:
1 47.4175487 8.3726671
2 47.2998386 8.4490913
3 47.495988 8.7434455
4 47.3685944 8.5095287
5 47.2217296 8.5039321
6 47.3393737 8.4736021
7 47.3882903 8.6787149
8 47.4163786 8.5869234
9 47.3311059 8.4748094
10 47.4370229 8.291425
11 47.2173155 8.6780181
12 47.3079676 8.3220656
13 47.2036313 8.6989044
14 47.388343 8.540649
15 47.3469823 8.567024
16 47.2445532 8.6221722
17 47.3400317 8.5805283
18 47.4471039 8.3686022
19 47.5147023 8.3679945
20 47.2177374 8.5770493
21 47.3618352 8.3548827
22 47.5368518 8.6895637
23 47.4285683 8.3147324
24 47.3491492 8.7230592
25 47.2662509 8.6580361
EDGE_WEIGHT_SECTION:
0 928 1581 809 1396 800 1149 941 851 694 1614 1325 1623 800 1147 1450 1189 413 1007 1647 731 1558 614 1381 1936
928 0 1939 780 689 353 1506 1257 328 1338 1279 823 1289 886 1043 1116 1085 1039 1661 919 788 1915 1315 1739 1832
1581 1939 0 1388 2397 1801 938 972 1852 2036 2230 2412 2239 1113 1537 2066 1571 1692 2055 2263 1945 540 2149 1178 1977
809 780 1388 0 1239 632 955 705 694 1264 1071 1386 1081 361 539 908 581 920 1542 1104 975 1364 1377 1188 1328
1396 689 2397 1239 0 863 1965 1715 915 1815 994 1270 1097 1344 1502 916 1544 1508 2129 378 1256 2374 1792 2197 2290
800 353 1801 632 863 0 1369 1119 129 1219 1141 1068 1151 748 905 978 947 911 1533 1064 659 1778 1195 1601 1694
1149 1506 938 955 1965 1369 0 535 1420 1604 1797 1979 1807 681 906 1633 773 1260 1623 1830 1513 915 1717 341 1140
941 1257 972 705 1715 1119 535 0 1170 1396 1547 1772 1557 431 855 1384 888 1053 1415 1581 1305 948 1509 767 1491
851 328 1852 694 915 129 1420 1170 0 1270 1193 1074 1202 799 956 1029 998 962 1584 1055 711 1829 1246 1652 1745
694 1338 2036 1264 1815 1219 1604 1396 1270 0 2033 1152 2043 1255 1602 1869 1644 687 819 2066 792 2013 237 1836 2391
1614 1279 2230 1071 994 1141 1797 1547 1193 2033 0 1885 250 1177 1334 388 1376 1725 2347 619 1474 2206 2009 2030 2122
1325 823 2412 1386 1270 1068 1979 1772 1074 1152 1885 0 1895 1492 1649 1721 1691 1459 1958 1601 656 2388 1100 2212 2437
1623 1289 2239 1081 1097 1151 1807 1557 1202 2043 250 1895 0 1186 1343 421 1386 1735 2357 723 1483 2216 2019 2039 2132
800 886 1113 361 1344 748 681 431 799 1255 1177 1492 1186 0 468 1013 502 912 1380 1210 1080 1090 1368 913 1257
1147 1043 1537 539 1502 905 906 855 956 1602 1334 1649 1343 468 0 1170 133 1259 1846 1367 1238 1514 1715 1110 920
1450 1116 2066 908 916 978 1633 1384 1029 1869 388 1721 421 1013 1170 0 1212 1562 2183 542 1310 2042 1846 1866 1959
1189 1085 1571 581 1544 947 773 888 998 1644 1376 1691 1386 502 133 1212 0 1301 1879 1409 1280 1547 1757 977 880
413 1039 1692 920 1508 911 1260 1053 962 687 1725 1459 1735 912 1259 1562 1301 0 899 1759 990 1669 851 1493 2047
1007 1661 2055 1542 2129 1533 1623 1415 1584 819 2347 1958 2357 1380 1846 2183 1879 899 0 2380 1542 1914 984 1855 2620
1647 919 2263 1104 378 1064 1830 1581 1055 2066 619 1601 723 1210 1367 542 1409 1759 2380 0 1507 2239 2043 2063 2156
731 788 1945 975 1256 659 1513 1305 711 792 1474 656 1483 1080 1238 1310 1280 990 1542 1507 0 1922 684 1745 2026
1558 1915 540 1364 2374 1778 915 948 1829 2013 2206 2388 2216 1090 1514 2042 1547 1669 1914 2239 1922 0 2126 1155 1953
614 1315 2149 1377 1792 1195 1717 1509 1246 237 2009 1100 2019 1368 1715 1846 1757 851 984 2043 684 2126 0 1949 2504
1381 1739 1178 1188 2197 1601 341 767 1652 1836 2030 2212 2039 913 1110 1866 977 1493 1855 2063 1745 1155 1949 0 858
1936 1832 1977 1328 2290 1694 1140 1491 1745 2391 2122 2437 2132 1257 920 1959 880 2047 2620 2156 2026 1953 2504 858 0
OSM_IDS: 464700790 12192918149 25428382 349232240 240042338 279062857 344366555 98011076 279063383 13185551200 60505451 274811373 11329472173 27493696 803860149 3236190277 150876706 632573202 249671487 32460363 614839570 28283821 1166592356 269549745 218297058
GRAPHML_FILE: data/tsp_dataset/graph_zurich_dist_20000.graphml
EOF