NAME: zurich_25_9
COMMENT: TSP instance with 25 nodes. City: Zurich, Switzerland, Seed: 51
TYPE: TSP
DIMENSION: 25
EDGE_WEIGHT_TYPE: EXPLICIT
EDGE_WEIGHT_FORMAT: FULL_MATRIX
NODE_COORD_SECTION:
1 47.3952769 8.771837
2 47.4201573 8.6859202
3 47.2914852 8.6197544
4 47.5193009 8.3268443
5 47.3621116 8.7870686
6 47.2459398 8.4641345
7 47.1980787 8.3866433
8 47.5159932 8.539224
9 47.3800934 8.5207595
10 47.3012807 8.7200655
11 47.5402535 8.3203153
12 47.457478 8.3299761
13 47.2419084 8.5323308
14 47.5093072 8.7582428
15 47.4602546 8.6371375
16 47.3480531 8.6382289
17 47.2930399 8.7751029
18 47.3676994 8.5345582
19 47.3813926 8.5446647
20 47.4695085 8.3343799
21 47.2395261 8.5344799
22 47.537901 8.7913345
23 47.4135595 8.2892585
24 47.3169692 8.5258554
25 47.5305731 8.5567329
EDGE_WEIGHT_SECTION:
0 645 1433 2369 309 2266 3016 1489 1348 955 2596 1876 2424 997 1062 1097 961 1367 1340 1943 2456 1239 2346 1808 1619
645 0 1324 1991 759 1888 2637 1111 970 947 2218 1498 2045 794 534 791 1031 988 962 1565 2078 829 1968 1430 1213
1433 1324 0 2510 1303 1868 2617 1805 1102 654 2739 1940 2026 2054 1733 648 855 931 1036 2007 2058 2089 2300 1410 1935
2369 1991 2510 0 2294 1952 2702 1222 1455 2451 312 724 2236 2383 1807 2151 2535 1590 1722 712 2268 2418 1088 1893 1362
309 759 1303 2294 0 2191 2941 1415 1274 790 2521 1801 2349 1263 1172 1031 756 1292 1265 1868 2382 1353 2272 1733 1545
2266 1888 1868 1952 2191 0 942 1847 1034 1980 2182 1382 366 2280 1850 1711 2181 956 1140 1449 399 2315 1512 937 1977
3016 2637 2617 2702 2941 942 0 2596 1784 2730 2931 2132 1263 3030 2600 2460 2931 1706 1890 2199 1296 3065 1783 1770 2726
1489 1111 1805 1222 1415 1847 2596 0 958 1571 1449 1299 2033 1314 773 1271 1655 976 949 1366 2066 1237 1864 1417 180
1348 970 1102 1455 1274 1034 1784 958 0 1214 1684 885 1192 1363 961 938 1416 182 336 952 1224 1397 1355 576 1088
955 947 654 2451 790 1980 2730 1571 1214 0 2677 1957 2138 1651 1333 562 336 1044 1084 2024 2171 1686 2381 1522 1701
2596 2218 2739 312 2521 2182 2931 1449 1684 2677 0 951 2465 2610 2034 2377 2762 1820 1951 939 2498 2645 1317 2122 1589
1876 1498 1940 724 1801 1382 2132 1299 885 1957 951 0 1666 1890 1398 1657 2041 1020 1152 210 1698 1925 740 1323 1438
2424 2045 2026 2236 2349 366 1263 2033 1192 2138 2465 1666 0 2438 2037 1868 2339 1114 1298 1733 62 2473 1796 754 2163
997 794 2054 2383 1263 2280 3030 1314 1363 1651 2610 1890 2438 0 941 1520 1735 1381 1354 1957 2471 278 2360 1822 1255
1062 534 1733 1807 1172 1850 2600 773 961 1333 2034 1398 2037 941 0 1199 1417 980 953 1465 2069 997 1868 1421 798
1097 791 648 2151 1031 1711 2460 1271 938 562 2377 1657 1868 1520 1199 0 763 774 797 1724 1901 1555 2103 1253 1401
961 1031 855 2535 756 2181 2931 1655 1416 336 2762 2041 2339 1735 1417 763 0 1245 1285 2108 2372 1770 2512 1724 1785
1367 988 931 1590 1292 956 1706 976 182 1044 1820 1020 1114 1381 980 774 1245 0 243 1087 1146 1415 1388 498 1106
1340 962 1036 1722 1265 1140 1890 949 336 1084 1951 1152 1298 1354 953 797 1285 243 0 1219 1331 1389 1571 683 1079
1943 1565 2007 712 1868 1449 2199 1366 952 2024 939 210 1733 1957 1465 1724 2108 1087 1219 0 1765 1992 757 1390 1505
2456 2078 2058 2268 2382 399 1296 2066 1224 2171 2498 1698 62 2471 2069 1901 2372 1146 1331 1765 0 2505 1828 787 2196
1239 829 2089 2418 1353 2315 3065 1237 1397 1686 2645 1925 2473 278 997 1555 1770 1415 1389 1992 2505 0 2395 1857 1178
2346 1968 2300 1088 2272 1512 1783 1864 1355 2381 1317 740 1796 2360 1868 2103 2512 1388 1571 757 1828 2395 0 1453 1994
1808 1430 1410 1893 1733 937 1770 1417 576 1522 2122 1323 754 1822 1421 1253 1724 498 683 1390 787 1857 1453 0 1547
1619 1213 1935 1362 1545 1977 2726 180 1088 1701 1589 1438 2163 1255 798 1401 1785 1106 1079 1505 2196 1178 1994 1547 0
OSM_IDS: 310807980 10743488998 243638605 312876221 303380235 322062213 1269650897 4047874745 568338655 731398476 1139753989 384880652 1371987422 25428220 114289362 27665952 325224037 29798702 5505992166 261189802 603733547 432467234 832855279 2479395654 274228676
GRAPHML_FILE: data/tsp_dataset/graph_zurich_dist_20000.graphml
EOF