NAME: zurich_25_15
COMMENT: TSP instance with 25 nodes. City: Zurich, Switzerland, Seed: 57
TYPE: TSP
DIMENSION: 25
EDGE_WEIGHT_TYPE: EXPLICIT
EDGE_WEIGHT_FORMAT: FULL_MATRIX
NODE_COORD_SECTION:
1 47.2447966 8.7392778
2 47.3131992 8.3879001
3 47.3959095 8.6132062
4 47.4760249 8.294232
5 47.3907282 8.4195037
6 47.4094748 8.5588164
7 47.3535147 8.3828753
8 47.3708058 8.3812207
9 47.3853127 8.5371441
10 47.4003758 8.6193937
11 47.5035861 8.4046781
12 47.4314844 8.5540769
13 47.3862717 8.5350225
14 47.3484272 8.3362975
15 47.3284711 8.5461325
16 47.4345372 8.5667877
17 47.3960906 8.5994106
18 47.2551614 8.608028
19 47.2654382 8.7289175
20 47.2438273 8.6329016
21 47.4034247 8.2755434
22 47.2022979 8.5378845
23 47.5393742 8.294805
24 47.3164065 8.412692
25 47.2794686 8.7570241
EDGE_WEIGHT_SECTION:
0 2357 1342 2592 2098 1684 2222 2342 1583 1389 2492 1643 1486 2464 1727 1633 1383 2217 274 2251 2869 2708 3119 2217 351
2357 0 1430 1361 696 1337 406 625 1211 1406 1682 1128 1100 503 966 1220 1394 1314 2189 1349 977 1289 1956 178 2132
1342 1430 0 1344 846 385 1268 1091 467 91 1232 383 480 1530 960 373 82 1415 1175 1449 1868 1906 1860 1352 1117
2592 1361 1344 0 777 1282 1199 1022 1214 1319 840 1042 1139 1242 1446 1133 1307 1795 2424 1829 978 2097 882 1283 2323
2098 696 846 777 0 785 509 332 723 822 1098 544 648 796 781 636 810 1130 1930 1164 1201 1432 1372 618 1826
1684 1337 385 1282 785 0 1202 1029 250 360 1171 296 263 1445 807 297 318 1198 1517 1232 1806 1689 1798 1198 1404
2222 406 1268 1199 509 1202 0 233 1072 1244 1520 966 965 426 831 1057 1232 1179 2054 1214 831 1482 1794 569 1997
2342 625 1091 1022 332 1029 233 0 967 1067 1343 789 893 570 1022 880 1055 1371 2175 1405 946 1674 1617 787 2071
1583 1211 467 1214 723 250 1072 967 0 444 1205 381 140 1319 673 371 397 1072 1415 1106 1700 1563 1797 1072 1331
1389 1406 91 1319 822 360 1244 1067 444 0 1208 359 457 1506 1001 349 152 1391 1221 1426 1844 1883 1835 1327 1164
2492 1682 1232 840 1098 1171 1520 1343 1205 1208 0 930 1196 1782 1748 1022 1196 2116 2324 2150 1559 2418 656 1604 2212
1643 1128 383 1042 544 296 966 789 381 359 930 0 394 1228 937 99 347 1328 1475 1362 1566 1820 1557 1050 1363
1486 1100 480 1139 648 263 965 893 140 457 1196 394 0 1207 573 384 410 960 1318 994 1612 1451 1734 961 1261
2464 503 1530 1242 796 1445 426 570 1319 1506 1782 1228 1207 0 1073 1320 1494 1422 2296 1456 611 1650 1885 657 2239
1727 966 960 1446 781 807 831 1022 673 1001 1748 937 573 1073 0 927 924 686 1560 720 1478 1177 2041 826 1503
1633 1220 373 1133 636 297 1057 880 371 349 1022 99 384 1320 927 0 337 1318 1465 1352 1657 1809 1649 1141 1353
1383 1394 82 1307 810 318 1232 1055 397 152 1196 347 410 1494 924 337 0 1344 1216 1378 1832 1836 1823 1313 1159
2217 1314 1415 1795 1130 1198 1179 1371 1072 1391 2116 1328 960 1422 686 1318 1344 0 2049 206 1827 799 2390 1175 1992
274 2189 1175 2424 1930 1517 2054 2175 1415 1221 2324 1475 1318 2296 1560 1465 1216 2049 0 2083 2701 2541 2951 2050 277
2251 1349 1449 1829 1164 1232 1214 1405 1106 1426 2150 1362 994 1456 720 1352 1378 206 2083 0 1861 802 2424 1209 2026
2869 977 1868 978 1201 1806 831 946 1700 1844 1559 1566 1612 611 1478 1657 1832 1827 2701 1861 0 2129 1621 1140 2644
2708 1289 1906 2097 1432 1689 1482 1674 1563 1883 2418 1820 1451 1650 1177 1809 1836 799 2541 802 2129 0 2692 1287 2483
3119 1956 1860 882 1372 1798 1794 1617 1797 1835 656 1557 1734 1885 2041 1649 1823 2390 2951 2424 1621 2692 0 1878 2839
2217 178 1352 1283 618 1198 569 787 1072 1327 1604 1050 961 657 826 1141 1313 1175 2050 1209 1140 1287 1878 0 1993
351 2132 1117 2323 1826 1404 1997 2071 1331 1164 2212 1363 1261 2239 1503 1353 1159 1992 277 2026 2644 2483 2839 1993 0
OSM_IDS: 35633882 857421711 26652946 298692321 462243181 5456938024 413979911 1988148594 1043342322 26730577 248053488 958652278 1043342342 1277066023 107461465 6695679826 318695851 186726602 207715740 186729584 1082760574 240032472 1667341854 12873299467 260654037
GRAPHML_FILE: data/tsp_dataset/graph_zurich_dist_20000.graphml
EOF