NAME: zurich_25_13
COMMENT: TSP instance with 25 nodes. City: Zurich, Switzerland, Seed: 55
TYPE: TSP
DIMENSION: 25
EDGE_WEIGHT_TYPE: EXPLICIT
EDGE_WEIGHT_FORMAT: FULL_MATRIX
NODE_COORD_SECTION:
1 47.4630474 8.6160261
2 47.4992918 8.4594165
3 47.2727462 8.6777881
4 47.4563022 8.7900469
5 47.4053123 8.7202278
6 47.4548383 8.2809235
7 47.1982012 8.4800827
8 47.5108618 8.5160274
9 47.4042482 8.5619389
10 47.431883 8.2946827
11 47.2214254 8.3437133
12 47.542636 8.787493
13 47.3149243 8.5415978
14 47.3916816 8.6351743
15 47.4226037 8.413507
16 47.4429283 8.578256
17 47.2533787 8.7017998
18 47.2616221 8.4187758
19 47.3450967 8.5314153
20 47.4947983 8.2758732
21 47.4254951 8.689393
22 47.4928489 8.7502813
23 47.3033614 8.6901113
24 47.5447388 8.4582844
25 47.2166838 8.5722863
EDGE_WEIGHT_SECTION:
0 887 1687 1198 761 1370 2000 618 534 1590 2238 1107 1287 769 972 303 1740 1624 1096 1569 531 945 1379 1075 1850
887 0 2137 1913 1460 1164 2033 304 925 1384 2271 1682 1674 1160 1005 758 2223 1657 1487 1137 1341 1688 1838 434 2236
1687 2137 0 1717 1150 2350 2461 1869 1390 2569 2699 2067 1674 1198 1984 1495 352 2085 1438 2549 1352 1927 330 2326 2282
1198 1913 1717 0 588 2158 2725 1644 1231 2378 2964 941 1984 1206 1760 1271 1784 2349 1793 2357 791 523 1409 2101 2546
761 1460 1150 588 0 1704 2272 1191 777 1924 2511 958 1531 618 1307 818 1202 1896 1339 1903 254 818 841 1648 2093
1370 1164 2350 2158 1704 0 1786 1377 1170 291 1948 2073 1430 1405 761 1121 2448 1409 1361 495 1586 1933 2041 1527 1992
2000 2033 2461 2725 2272 1786 0 2123 1560 1929 1019 2641 1305 1973 1539 1751 2562 591 1255 1984 2153 2501 2155 2371 645
618 304 1869 1644 1191 1377 2123 0 657 1597 2361 1414 1410 892 1095 489 1955 1747 1219 1442 1072 1420 1570 493 1972
534 925 1390 1231 777 1170 1560 657 0 1390 1798 1146 818 444 773 283 1488 1183 627 1369 659 1006 1091 1114 1380
1590 1384 2569 2378 1924 291 1929 1597 1390 0 1789 2293 1573 1625 980 1341 2667 1522 1523 688 1805 2153 2261 1747 2135
2238 2271 2699 2964 2511 1948 1019 2361 1798 1789 0 2879 1544 2211 1778 1990 2800 615 1493 2223 2392 2739 2394 2610 1380
1107 1682 2067 941 958 2073 2641 1414 1146 2293 2879 0 1899 1194 1675 1186 2119 2264 1708 2272 839 506 1758 1784 2461
1287 1674 1674 1984 1531 1430 1305 1410 818 1573 1544 1899 0 1230 1183 1037 1775 929 347 1629 1412 1759 1369 1867 864
769 1160 1198 1206 618 1405 1973 892 444 1625 2211 1194 1230 0 1007 518 1295 1596 1003 1604 578 1054 899 1348 1794
972 1005 1984 1760 1307 761 1539 1095 773 980 1778 1675 1183 1007 0 723 2071 1163 1133 960 1188 1535 1686 1343 1746
303 758 1495 1271 818 1121 1751 489 283 1341 1990 1186 1037 518 723 0 1582 1375 846 1320 699 1046 1196 946 1599
1740 2223 352 1784 1202 2448 2562 1955 1488 2667 2800 2119 1775 1295 2071 1582 0 2185 1539 2647 1404 1979 428 2412 2383
1624 1657 2085 2349 1896 1409 591 1747 1183 1522 615 2264 929 1596 1163 1375 2185 0 879 1608 1777 2125 1779 1995 852
1096 1487 1438 1793 1339 1361 1255 1219 627 1523 1493 1708 347 1003 1133 846 1539 879 0 1560 1221 1568 1133 1676 935
1569 1137 2549 2357 1903 495 1984 1442 1369 688 2223 2272 1629 1604 960 1320 2647 1608 1560 0 1785 2132 2240 1522 2191
531 1341 1352 791 254 1586 2153 1072 659 1805 2392 839 1412 578 1188 699 1404 1777 1221 1785 0 699 1043 1529 1974
945 1688 1927 523 818 1933 2501 1420 1006 2153 2739 506 1759 1054 1535 1046 1979 2125 1568 2132 699 0 1618 1840 2322
1379 1838 330 1409 841 2041 2155 1570 1091 2261 2394 1758 1369 899 1686 1196 428 1779 1133 2240 1043 1618 0 2027 1976
1075 434 2326 2101 1648 1527 2371 493 1114 1747 2610 1784 1867 1348 1343 946 2412 1995 1676 1522 1529 1840 2027 0 2429
1850 2236 2282 2546 2093 1992 645 1972 1380 2135 1380 2461 864 1794 1746 1599 2383 852 935 2191 1974 2322 1976 2429 0
OSM_IDS: 99901006 276320570 227540129 437154988 96515505 266285247 433559791 99337793 655246225 5046541417 1119863111 1164912571 11033919247 1405036547 460426339 1706797266 34190260 323076338 34398287 302952596 13390433629 25429816 4083586928 297747502 60479202
GRAPHML_FILE: data/tsp_dataset/graph_zurich_dist_20000.graphml
EOF