NAME: zurich_25_26
COMMENT: TSP instance with 25 nodes. City: Zurich, Switzerland, Seed: 68
TYPE: TSP
DIMENSION: 25
EDGE_WEIGHT_TYPE: EXPLICIT
EDGE_WEIGHT_FORMAT: FULL_MATRIX
NODE_COORD_SECTION:
1 47.3310772 8.5394213
2 47.3518181 8.2778155
3 47.3936988 8.5389476
4 47.3256869 8.80537
5 47.3053751 8.6848462
6 47.380599 8.3198098
7 47.4296784 8.5739791
8 47.3657646 8.508015
9 47.4188115 8.3615413
10 47.3690377 8.3390785
11 47.1991605 8.5263439
12 47.3915533 8.4838777
13 47.4986808 8.7965766
14 47.3324243 8.4417869
15 47.3837827 8.2984191
16 47.4075907 8.5860348
17 47.2110997 8.7039738
18 47.5194727 8.5162214
19 47.3195325 8.7953098
20 47.2271321 8.6645351
21 47.3054385 8.7622497
22 47.5082209 8.720865
23 47.3623316 8.5504782
24 47.2078467 8.5266122
25 47.3748293 8.296903
EDGE_WEIGHT_SECTION:
0 1163 611 1709 1243 1115 927 450 1101 951 1167 649 1891 675 1155 856 871 1336 1656 739 1591 1532 482 1186 1133
1163 0 1451 2416 2117 651 1543 1289 1060 532 1792 1327 2598 942 274 1661 1851 1951 2363 1719 2448 2239 1357 1855 237
611 1451 0 1190 1040 1403 397 405 895 1239 1595 473 1372 963 1443 337 1299 817 1137 1167 1223 1013 332 1614 1421
1709 2416 1190 0 698 2368 1139 1513 1795 2204 2693 1577 1674 1954 2408 1016 2397 1535 116 2265 427 1407 1432 2712 2386
1243 2117 1040 698 0 2070 1176 1129 1817 1905 2261 1295 1826 1629 2110 1005 1966 1577 588 1834 427 1533 819 2281 2087
1115 651 1403 2368 2070 0 1495 1241 699 221 1744 1280 2550 895 377 1614 1803 1904 2315 1671 2401 2191 1309 1807 482
927 1543 397 1139 1176 1495 0 731 922 1331 1908 783 1320 1082 1535 219 1614 541 1086 1482 1171 961 653 1929 1513
450 1289 405 1513 1129 1241 731 0 950 1077 1433 365 1695 753 1281 660 1137 1140 1460 1006 1477 1336 368 1453 1259
1101 1060 895 1795 1817 699 922 950 0 718 1730 743 1976 899 786 1040 1789 1330 1742 1657 1827 1618 1064 1793 890
951 532 1239 2204 1905 221 1331 1077 718 0 1580 1115 2385 730 461 1449 1639 1739 2151 1507 2236 2027 1145 1642 501
1167 1792 1595 2693 2261 1744 1908 1433 1730 1580 0 1633 2874 1294 1784 1840 1110 2314 2640 960 2609 2516 1500 126 1761
649 1327 473 1577 1295 1280 783 365 743 1115 1633 0 1759 800 1320 724 1337 1204 1524 1205 1610 1400 534 1652 1297
1891 2598 1372 1674 1826 2550 1320 1695 1976 2385 2874 1759 0 2136 2590 1197 2579 1669 1640 2447 1747 529 1617 2894 2567
675 942 963 1954 1629 895 1082 753 899 730 1294 800 2136 0 935 1195 1363 1490 1902 1231 1964 1777 869 1357 912
1155 274 1443 2408 2110 377 1535 1281 786 461 1784 1320 2590 935 0 1654 1843 1944 2355 1711 2441 2231 1349 1847 105
856 1661 337 1016 1005 1614 219 660 1040 1449 1840 724 1197 1195 1654 0 1544 745 963 1412 1048 839 582 1859 1631
871 1851 1299 2397 1966 1803 1614 1137 1789 1639 1110 1337 2579 1363 1843 1544 0 2024 2344 274 2314 2220 1205 1130 1820
1336 1951 817 1535 1577 1904 541 1140 1330 1739 2314 1204 1669 1490 1944 745 2024 0 1482 1892 1568 1275 1062 2339 1921
1656 2363 1137 116 588 2315 1086 1460 1742 2151 2640 1524 1640 1902 2355 963 2344 1482 0 2212 317 1354 1329 2659 2333
739 1719 1167 2265 1834 1671 1482 1006 1657 1507 960 1205 2447 1231 1711 1412 274 1892 2212 0 2182 2088 1073 979 1689
1591 2448 1223 427 427 2401 1171 1477 1827 2236 2609 1610 1747 1964 2441 1048 2314 1568 317 2182 0 1440 1167 2629 2418
1532 2239 1013 1407 1533 2191 961 1336 1618 2027 2516 1400 529 1777 2231 839 2220 1275 1354 2088 1440 0 1259 2535 2209
482 1357 332 1432 819 1309 653 368 1064 1145 1500 534 1617 869 1349 582 1205 1062 1329 1073 1167 1259 0 1520 1326
1186 1855 1614 2712 2281 1807 1929 1453 1793 1642 126 1652 2894 1357 1847 1859 1130 2339 2659 979 2629 2535 1520 0 1824
1133 237 1421 2386 2087 482 1513 1259 890 501 1761 1297 2567 912 105 1631 1820 1921 2333 1689 2418 2209 1326 1824 0
OSM_IDS: 4322192798 10226326507 109911149 310681527 1774614116 4617107636 353059711 470919373 2019934956 749526618 249641400 139483033 34750368 6356391663 106229597 568441244 60512880 101071884 262184187 275373483 271366264 25427484 1638473908 2088628721 995038588
GRAPHML_FILE: data/tsp_dataset/graph_zurich_dist_20000.graphml
EOF