NAME: zurich_25_11
COMMENT: TSP instance with 25 nodes. City: Zurich, Switzerland, Seed: 53
TYPE: TSP
DIMENSION: 25
EDGE_WEIGHT_TYPE: EXPLICIT
EDGE_WEIGHT_FORMAT: FULL_MATRIX
NODE_COORD_SECTION:
1 47.472512 8.5250323
2 47.3882734 8.2896868
3 47.4083504 8.3363029
4 47.5157703 8.7652492
5 47.3631345 8.3687836
6 47.3914119 8.5199394
7 47.3809532 8.5381354
8 47.2186895 8.6121713
9 47.4110934 8.4327588
10 47.2254308 8.625699
11 47.3416533 8.5726408
12 47.3401714 8.6700011
13 47.2509775 8.5290325
14 47.2747729 8.4573214
15 47.3711026 8.774822
16 47.3013896 8.7201595
17 47.4174319 8.3728463
18 47.2595312 8.5987885
19 47.5015584 8.790254
20 47.3934484 8.7574509
21 47.4124837 8.5995749
22 47.2542929 8.6065504
23 47.3703335 8.3584098
24 47.3579614 8.5194277
25 47.4248047 8.4057211
EDGE_WEIGHT_SECTION:
0 1720 1311 1459 1152 726 752 1590 850 1539 1106 1108 1785 1508 1221 1425 919 1623 1517 1209 634 1560 1281 969 853
1720 0 474 2586 681 1443 1405 1664 1246 1613 1636 2168 1625 1335 2348 2320 892 1697 2645 2336 1781 1634 710 1179 1241
1311 474 0 2177 446 1027 1161 1680 962 1629 1556 1826 1641 1352 1939 2143 418 1713 2236 1927 1371 1650 384 1195 767
1459 2586 2177 0 2018 1380 1404 2241 1611 2191 1757 1604 2463 2312 1239 1752 1785 2275 366 1083 1141 2212 2147 1621 1719
1152 681 446 2018 0 875 1008 1279 669 1228 1251 1667 1241 964 1780 1936 600 1313 2077 1768 1213 1250 155 794 724
726 1443 1027 1380 875 0 158 1030 486 979 619 1022 1251 1100 1142 1240 635 1063 1438 1130 579 1000 1004 409 708
752 1405 1161 1404 1008 158 0 928 620 877 461 913 1149 998 1166 1081 769 962 1463 1154 603 898 1129 308 842
1590 1664 1680 2241 1279 1030 928 0 1217 158 1158 1690 577 952 2004 1843 1422 353 2300 1991 1441 290 1389 701 1495
850 1246 962 1611 669 486 620 1217 0 1167 1011 1260 1310 1033 1373 1516 570 1251 1669 1361 843 1188 798 663 599
1539 1613 1629 2191 1228 979 877 158 1167 0 1108 1640 736 1111 1953 1792 1371 303 2250 1941 1390 240 1339 651 1445
1106 1636 1556 1757 1251 619 461 1158 1011 1108 0 650 1380 1229 1266 766 1164 1192 1816 1245 949 1129 1361 494 1237
1108 2168 1826 1604 1667 1022 913 1690 1260 1640 650 0 1911 1760 845 422 1434 1724 1663 896 745 1661 1797 1026 1369
1785 1625 1641 2463 1241 1251 1149 577 1310 736 1380 1911 0 409 2225 2064 1383 931 2521 2213 1662 868 1351 923 1457
1508 1335 1352 2312 964 1100 998 952 1033 1111 1229 1760 409 0 2074 1913 1107 1289 2370 2062 1499 1227 1074 772 1180
1221 2348 1939 1239 1780 1142 1166 2004 1373 1953 1266 845 2225 2074 0 742 1547 2038 1198 213 899 1974 1910 1384 1482
1425 2320 2143 1752 1936 1240 1081 1843 1516 1792 766 422 2064 1913 742 0 1751 1877 1809 828 1103 1813 2046 1179 1685
919 892 418 1785 600 635 769 1422 570 1371 1164 1434 1383 1107 1547 1751 0 1456 1844 1535 979 1392 649 906 375
1623 1697 1713 2275 1313 1063 962 353 1251 303 1192 1724 931 1289 2038 1877 1456 0 2334 2025 1475 76 1423 735 1529
1517 2645 2236 366 2077 1438 1463 2300 1669 2250 1816 1663 2521 2370 1198 1809 1844 2334 0 1042 1200 2271 2206 1680 1778
1209 2336 1927 1083 1768 1130 1154 1991 1361 1941 1245 896 2213 2062 213 828 1535 2025 1042 0 887 1962 1897 1371 1469
634 1781 1371 1141 1213 579 603 1441 843 1390 949 745 1662 1499 899 1103 979 1475 1200 887 0 1411 1342 820 914
1560 1634 1650 2212 1250 1000 898 290 1188 240 1129 1661 868 1227 1974 1813 1392 76 2271 1962 1411 0 1360 672 1466
1281 710 384 2147 155 1004 1129 1389 798 1339 1361 1797 1351 1074 1910 2046 649 1423 2206 1897 1342 1360 0 904 793
969 1179 1195 1621 794 409 308 701 663 651 494 1026 923 772 1384 1179 906 735 1680 1371 820 672 904 0 979
853 1241 767 1719 724 708 842 1495 599 1445 1237 1369 1457 1180 1482 1685 375 1529 1778 1469 914 1466 793 979 0
OSM_IDS: 290670316 3170321150 10724061988 6466543846 745731828 2967144863 29033217 32460269 252510809 572579639 151000244 336284208 60524669 252510037 49973574 731398579 302323231 2092476965 277741710 301828894 145818719 179049965 653475205 12090791110 460426717
GRAPHML_FILE: data/tsp_dataset/graph_zurich_dist_20000.graphml
EOF