# Best hyperparameters for problem size 50
# Source: wandb sweep, size-50 sweep

model:
  hidden_dim: 256
  n_layers: 4
  node_features: "coords"

training:
  lr: 0.008170861644073093
  weight_decay: 0.001
  step_size: 20
  gamma: 0.74411889963273
  lambda_1: 3.259893607861616
  lambda_2: 0.004043728685989343
  temperature: 5.037424436911761
  batch_size: 64
  epochs: 300

data:
  path: "data/gnn_data/50/processed.h5"
