NAME: zurich_200_2
COMMENT: TSP instance with 200 nodes. City: Zurich, Switzerland, Seed: 44
TYPE: TSP
DIMENSION: 200
EDGE_WEIGHT_TYPE: EXPLICIT
EDGE_WEIGHT_FORMAT: FULL_MATRIX
NODE_COORD_SECTION:
1 47.2679766 8.3075424
2 47.2162172 8.5736908
3 47.254448 8.7952841
4 47.2018614 8.7923198
5 47.5215311 8.3301689
6 47.3211049 8.3808532
7 47.2706706 8.716597
8 47.3321278 8.7127347
9 47.2162755 8.5738842
10 47.5118199 8.6951648
11 47.5492204 8.5708545
12 47.3319781 8.638787
13 47.5334127 8.5852677
14 47.3944721 8.5266539
15 47.4778326 8.3104862
16 47.3342684 8.61177
17 47.529561 8.3927568
18 47.4372987 8.4740226
19 47.4443016 8.3619656
20 47.3517284 8.3335895
21 47.3366594 8.4878508
22 47.3849728 8.5387084
23 47.2953692 8.3947516
24 47.4239999 8.6076972
25 47.5179113 8.5425693
26 47.3925745 8.6156029
27 47.4455144 8.3687011
28 47.4527421 8.5327112
29 47.3180859 8.4762846
30 47.2685076 8.6385373
31 47.4645136 8.5842027
32 47.2520229 8.6073191
33 47.5067427 8.4757318
34 47.3643045 8.5481081
35 47.4091317 8.6412663
36 47.2057298 8.4313573
37 47.4216731 8.4992414
38 47.3430747 8.583031
39 47.358529 8.4978358
40 47.3618316 8.5305499
41 47.249632 8.7679199
42 47.2717956 8.6414363
43 47.3908165 8.3919933
44 47.2856327 8.555092
45 47.3196296 8.491303
46 47.4250698 8.5722
47 47.3682128 8.5039427
48 47.3656548 8.7915639
49 47.2110598 8.6231465
50 47.3907234 8.7782919
51 47.1983856 8.4781198
52 47.3577956 8.3615925
53 47.2362022 8.6361437
54 47.2741844 8.6251618
55 47.4625678 8.3269569
56 47.199056 8.6775756
57 47.477608 8.7676161
58 47.534362 8.7158307
59 47.509004 8.7555095
60 47.517926 8.6617145
61 47.3886115 8.3478594
62 47.4298034 8.6420938
63 47.3797408 8.6834398
64 47.5154309 8.5371272
65 47.2708089 8.5798115
66 47.2413847 8.6559578
67 47.5056202 8.5477199
68 47.3294874 8.5143305
69 47.2853759 8.550301
70 47.3625029 8.6250199
71 47.5187858 8.6860008
72 47.4142996 8.6381735
73 47.5197814 8.5421407
74 47.2829933 8.7379067
75 47.3350139 8.7608987
76 47.4963304 8.7427434
77 47.3034808 8.4434702
78 47.3320142 8.5387782
79 47.3513641 8.3734737
80 47.4451693 8.5761754
81 47.504459 8.7294713
82 47.3440353 8.7164939
83 47.3643391 8.6992077
84 47.2156917 8.4384009
85 47.2202761 8.4648777
86 47.2167674 8.6086893
87 47.4853978 8.4520148
88 47.2018566 8.5145755
89 47.2987493 8.4464368
90 47.3238754 8.5208651
91 47.4370229 8.291425
92 47.3076501 8.5417875
93 47.4097393 8.7218444
94 47.3652963 8.5197353
95 47.3406586 8.3533992
96 47.3470732 8.5844478
97 47.5494368 8.7950671
98 47.5244713 8.3325024
99 47.4058512 8.6803855
100 47.4392762 8.4776719
101 47.3605815 8.5689462
102 47.4482872 8.5276622
103 47.4156203 8.5591037
104 47.4591401 8.7836602
105 47.3122983 8.5881328
106 47.3410776 8.5754946
107 47.341286 8.5682763
108 47.4431677 8.5762357
109 47.331101 8.7174724
110 47.2697833 8.4231136
111 47.2044794 8.5174034
112 47.443846 8.6728076
113 47.4536898 8.6998443
114 47.4537921 8.4610345
115 47.3623519 8.5777679
116 47.3130584 8.4670889
117 47.4439383 8.5787763
118 47.3644731 8.3860546
119 47.3970452 8.440099
120 47.2153358 8.3640625
121 47.5063594 8.4436237
122 47.4540555 8.5821437
123 47.4808619 8.4973816
124 47.4075181 8.597008
125 47.385489 8.5304589
126 47.3848375 8.5982307
127 47.410085 8.5265362
128 47.4744876 8.3063897
129 47.3762839 8.516522
130 47.3122227 8.5859542
131 47.5125732 8.6357426
132 47.5348535 8.2888384
133 47.3942553 8.5325738
134 47.2063569 8.5738395
135 47.3137297 8.5831643
136 47.4887123 8.4995436
137 47.1981689 8.7312573
138 47.4825602 8.6996383
139 47.4804662 8.4836343
140 47.3964713 8.6329606
141 47.4158947 8.7179756
142 47.3353027 8.2995417
143 47.301418 8.5495284
144 47.508618 8.3770929
145 47.5282972 8.4650554
146 47.5176607 8.5888297
147 47.3266249 8.6240314
148 47.2990548 8.6971195
149 47.4981006 8.7975229
150 47.546311 8.7128232
151 47.4453099 8.6321968
152 47.4956543 8.743823
153 47.3593521 8.4450876
154 47.3721699 8.5168951
155 47.1991605 8.5263439
156 47.3452504 8.70878
157 47.5141689 8.7206303
158 47.4320664 8.6217793
159 47.5294559 8.6722998
160 47.4093711 8.5329541
161 47.2945791 8.3970092
162 47.3143339 8.7944079
163 47.4781067 8.3147008
164 47.2757614 8.413597
165 47.4052934 8.7232579
166 47.3841946 8.4760925
167 47.418635 8.2811963
168 47.2594223 8.3750869
169 47.3611198 8.5021825
170 47.3799709 8.4301381
171 47.4143752 8.3882567
172 47.2628757 8.3687754
173 47.5033936 8.7190724
174 47.3771776 8.5338267
175 47.4627914 8.3273428
176 47.5259685 8.6192235
177 47.4465172 8.7057066
178 47.4930875 8.7320434
179 47.502481 8.4202511
180 47.4377142 8.5021852
181 47.2987016 8.3090671
182 47.4902142 8.6604391
183 47.3330549 8.6284257
184 47.5333032 8.2926229
185 47.5180473 8.3671447
186 47.3928573 8.5507199
187 47.3696354 8.3102686
188 47.3266039 8.7958553
189 47.4976471 8.4975548
190 47.2908846 8.7131963
191 47.5499727 8.7947911
192 47.3480962 8.5249274
193 47.2586141 8.5926088
194 47.5027406 8.4338569
195 47.3645191 8.5102707
196 47.3711901 8.5429998
197 47.3462753 8.3594822
198 47.2585934 8.8039011
199 47.4107466 8.4657471
200 47.4527204 8.5733971
EDGE_WEIGHT_SECTION:
0 1571 2973 2656 2426 752 2683 2671 1571 2652 2780 2281 2661 1754 1979 2152 2744 1738 1737 903 1423 1669 809 2186 2338 2180 1746 1978 1280 2517 2086 1853 2349 1626 2155 1105 1717 1931 1632 1517 2923 2538 1502 1621 1393 1956 1621 2762 1856 2816 1266 1154 1844 2436 1874 2040 2884 2753 2835 2726 1433 2193 2295 2341 1813 1986 2292 1567 1672 2143 2619 2136 2365 2601 2696 2745 1071 1445 1071 1947 2661 2563 2408 1001 1149 1857 2085 1388 1009 1600 1630 1543 2509 1481 918 1960 2981 2487 2345 1742 1785 1992 1961 2952 2122 1882 1830 1964 2695 754 1426 2485 2420 1911 1900 1221 1966 1191 1466 636 2288 2016 2112 2012 1654 2009 1858 1950 1544 2114 2603 2649 1752 1772 2081 2153 2290 2574 2072 2165 2448 702 1491 2441 2446 2478 2178 2527 2946 2813 2271 2722 1326 1519 1483 2548 2695 2254 2745 1883 802 2809 2000 747 2586 1707 1483 585 1575 1400 1612 607 2606 1549 1870 2768 2402 2663 2314 1868 408 2593 2245 2681 2429 1822 1019 2774 2266 2509 2975 1518 1910 2315 1606 1619 983 3021 1681 1979
1571 0 2508 1307 2425 1290 2218 2219 3 2203 2422 1816 2303 1289 1978 1687 2743 1726 1736 1638 964 1204 1147 1733 1980 1724 1745 1743 903 2051 1728 522 2242 1161 1706 892 1597 1466 1167 1052 2458 2073 1607 595 864 1650 1156 2313 287 2367 614 1493 476 1971 1873 577 2435 2304 2386 2277 1771 1744 1846 1983 682 618 1934 885 565 1678 2170 1687 2007 2136 2246 2296 960 840 1409 1618 2212 2114 1959 783 688 288 2083 365 902 788 2085 722 2060 1016 1450 1495 2532 2486 1896 1741 1320 1760 1496 2503 1657 1417 1365 1604 2243 871 392 2036 1970 1909 1435 900 1606 1530 1464 1252 2287 1658 2009 1665 1189 1544 1424 1949 1078 1649 2245 2647 1287 204 1616 2062 941 2125 2070 1716 1999 1777 674 2439 2321 2120 1713 2062 2497 2364 1891 2273 1263 1054 311 2099 2246 1794 2296 1427 1141 2360 1999 949 2137 1312 2082 1051 1109 1398 1610 1151 2157 1084 1869 2410 1953 2214 2313 1762 1548 2235 1780 2680 2428 1357 1707 2325 2100 2044 2526 980 548 2313 1141 1154 1498 2556 1557 1621
2973 2508 0 3025 2790 2338 452 749 2508 1829 2373 956 2254 1644 2423 924 2935 1750 2180 2472 2200 1515 2451 1379 1931 1369 2189 1694 2175 920 1679 2222 2193 1367 1251 2792 1728 1089 1786 1543 172 886 2220 1990 2208 1608 1694 1036 2333 1206 2670 2327 2213 936 2317 2409 1804 1930 2012 1903 2601 1357 995 1934 2182 2355 1885 1834 2041 1102 1796 1232 1958 475 737 1922 2215 1762 2243 1569 1838 765 948 2684 2588 2354 2096 2752 2197 1868 2565 1912 1243 1594 2432 1159 2158 2852 1198 1753 1267 1711 1595 1689 1139 1165 1238 1555 773 2293 2790 1567 1592 1922 1315 2119 1557 2313 2052 2923 2299 1609 1959 1493 1568 1473 1685 2393 1609 1156 2057 3013 1608 2664 1205 2013 2659 1751 2053 1257 1278 2784 1860 2500 2271 2071 853 648 2083 1990 1519 1899 2054 1589 2816 829 1872 1417 1922 1666 2494 455 2444 2350 1228 1842 2797 2543 1728 2108 2055 2643 1783 1505 2314 2150 1502 1840 2325 1786 2899 1912 932 3046 2620 1617 2541 595 2051 517 2152 1696 2279 2326 1682 1447 2338 62 1991 1572
2656 1307 3025 0 2942 2021 2735 2737 1307 2720 2940 2333 2820 1806 2496 2204 3260 2243 2253 2156 1921 1721 2134 2250 2497 2241 2262 2261 1858 2569 2245 1046 2759 1678 2223 2196 2114 1983 1685 1569 2975 2591 2125 1321 1891 2168 1673 2830 1047 2884 1919 2010 903 2488 2390 773 2952 2822 2903 2795 2288 2261 2364 2501 1236 898 2452 1560 1373 2195 2688 2204 2524 2653 2764 2814 1899 1357 1927 2135 2730 2631 2476 2088 1992 1153 2601 1670 1880 1463 2602 1239 2577 1533 2115 2013 3050 3004 2413 2258 1837 2278 2014 3021 2174 1934 1882 2122 2760 1976 1697 2553 2488 2427 1952 1802 2124 2047 1982 2557 2804 2175 2526 2182 1706 2061 1941 2466 1596 2166 2762 3165 1805 1463 2133 2579 400 2642 2588 2233 2516 2467 1191 2957 2838 2638 2231 2580 3014 2881 2408 2791 1832 1572 1615 2616 2763 2311 2813 1945 2177 2877 2517 2034 2654 1830 2599 2226 1627 1916 2128 2326 2674 1601 2386 2927 2470 2731 2830 2280 2582 2752 2297 3197 2945 1875 2224 2843 2618 2561 3043 1498 1103 2831 1659 1671 2021 3073 2075 2138
2426 2425 2790 2942 0 1674 2656 2203 2425 2164 1714 2328 1601 1468 553 2199 580 1060 840 1632 1642 1580 1886 1726 1227 1710 910 1321 1696 2572 1437 2139 971 1681 1685 2323 1240 1986 1688 1665 2832 2594 1240 1907 1739 1486 1585 2292 2250 2346 2201 1535 2130 2491 633 2326 2414 2240 2365 1934 1291 1723 1825 1191 2099 2272 1260 1850 1958 2080 2142 1666 1233 2574 2226 2275 1737 1731 1572 1459 2191 2093 1938 2215 2119 2271 726 2284 1718 1884 845 1828 2039 1600 1633 2007 2512 81 1875 1072 1828 1309 1548 2482 2177 1937 1885 1488 2226 1824 2321 2002 1950 980 1940 1640 1496 1479 1246 2454 669 1450 976 1542 1471 1727 1381 555 1495 2169 1929 268 1508 2581 2136 1006 2576 2104 946 1695 1978 1805 1777 304 1014 1591 2225 2537 2476 2266 1718 2252 1425 1513 2378 2078 2225 1784 2026 1421 1929 2339 454 1882 2116 1428 1077 2074 1630 1274 1022 2174 2136 1534 631 1708 1932 2193 543 1145 2079 1965 2292 301 287 1619 1455 2304 973 2507 2505 1778 2196 606 1597 1663 1576 2838 1415 1414
752 1290 2338 2021 1674 0 2048 1921 1290 1900 2028 1646 1909 1099 1228 1517 1992 987 985 429 770 1034 218 1454 1586 1428 994 1226 619 1882 1334 1218 1597 991 1403 1009 965 1296 997 882 2288 1903 750 986 770 1204 935 2010 1329 2064 1039 402 1209 1801 1122 1405 2132 2001 2083 1975 681 1441 1543 1589 1178 1351 1540 932 1037 1508 1867 1384 1613 1966 1944 1993 495 810 319 1195 1909 1811 1656 901 922 1350 1333 1154 411 965 960 907 1757 846 166 1325 2229 1736 1593 990 1150 1240 1266 2200 1487 1247 1195 1212 1944 519 1191 1733 1668 1159 1265 563 1214 439 714 891 1536 1264 1360 1260 1019 1374 1106 1198 909 1479 1851 1897 1117 1491 1446 1401 1655 1822 1320 1413 1696 640 856 1689 1695 1726 1543 1892 2194 2061 1519 1970 574 884 1248 1796 1943 1502 1993 1146 261 2057 1249 472 1834 955 906 549 940 648 860 554 1854 914 1118 2016 1650 1911 1562 1116 561 1841 1610 1929 1677 1187 540 2022 1514 1874 2223 883 1275 1563 971 984 231 2386 929 1227
2683 2218 452 2735 2656 2048 0 570 2218 1694 2239 666 2119 1365 2277 634 2800 1615 2035 2182 1910 1225 2160 1244 1797 1079 2044 1560 1885 468 1544 1932 2059 1077 1116 2502 1593 799 1496 1253 313 434 2080 1700 1918 1474 1404 1030 2043 1183 2380 2037 1923 484 2172 2119 1689 1796 1877 1769 2315 1222 861 1800 1892 2065 1751 1544 1751 812 1662 1097 1823 176 634 1788 1925 1472 1953 1434 1704 610 791 2394 2298 2064 1961 2462 1907 1578 2420 1621 1109 1304 2142 869 2024 2717 1064 1619 977 1577 1458 1575 824 875 948 1421 593 2003 2500 1433 1458 1787 1025 1829 1423 2074 1790 2633 2165 1474 1825 1359 1278 1183 1448 2248 1318 841 1923 2878 1318 2374 878 1878 2369 1617 1919 1123 1144 2494 1570 2365 2137 1937 563 320 1968 1855 1385 1765 1764 1299 2526 666 1737 1283 1787 1452 2204 495 2298 2060 1094 1552 2608 2253 1438 1942 1910 2353 1649 1215 2168 2016 1368 1705 2191 1651 2609 1778 642 2911 2485 1330 2251 635 1917 191 2017 1406 1989 2191 1392 1157 2048 514 1771 1437
2671 2219 749 2737 2203 1921 570 0 2219 1241 1786 677 1666 1090 1835 644 2347 1162 1593 2055 1854 1092 2132 791 1343 824 1602 1107 1886 767 1091 1933 1605 1087 663 2503 1140 810 1455 1264 790 711 1633 1701 1919 1020 1362 610 2045 720 2381 1827 1925 760 1730 2120 1222 1343 1424 1316 2023 769 408 1347 1894 2066 1298 1545 1753 720 1209 644 1370 492 407 1335 1927 1483 1826 981 1251 112 293 2395 2299 2065 1508 2464 1908 1579 1978 1623 656 1298 2014 880 1571 2264 611 1166 988 1124 1008 1107 843 886 958 968 74 2004 2501 980 1005 1334 934 1830 970 1725 1464 2634 1712 1021 1372 906 1080 955 1098 1806 1246 860 1469 2425 1071 2375 908 1425 2370 1164 1466 669 691 2367 1572 1912 1684 1484 574 425 1501 1402 931 1312 1671 1257 2527 168 1284 830 1334 1079 2175 527 1856 2062 640 1428 2210 2254 1397 1521 1468 2354 1196 1165 1726 1563 915 1252 1738 1198 2481 1324 653 2458 2032 1037 2123 532 1464 382 1564 1417 1990 1738 1351 1157 1921 796 1403 984
1571 3 2508 1307 2425 1290 2218 2219 0 2203 2422 1816 2303 1289 1978 1687 2743 1726 1736 1637 964 1204 1147 1733 1980 1724 1745 1743 903 2051 1728 522 2242 1161 1706 892 1597 1466 1167 1052 2458 2073 1607 595 864 1650 1156 2313 287 2367 614 1493 476 1971 1873 577 2435 2304 2386 2277 1771 1744 1846 1983 682 618 1934 885 565 1678 2170 1687 2007 2136 2246 2296 960 840 1409 1618 2212 2114 1959 783 688 288 2083 365 902 788 2085 722 2060 1016 1450 1495 2532 2486 1896 1741 1320 1760 1496 2503 1657 1417 1365 1604 2243 871 392 2036 1970 1909 1435 900 1606 1530 1464 1252 2287 1658 2009 1665 1189 1544 1424 1949 1078 1649 2245 2647 1287 204 1616 2062 941 2125 2070 1716 1999 1777 674 2439 2321 2120 1713 2062 2497 2364 1891 2273 1263 1054 311 2099 2246 1794 2296 1427 1141 2360 1999 949 2137 1312 2082 1051 1109 1398 1610 1151 2157 1084 1869 2410 1953 2214 2313 1762 1548 2235 1780 2680 2428 1357 1707 2325 2100 2044 2526 980 548 2313 1141 1154 1495 2556 1557 1621
2652 2203 1829 2720 2164 1900 1694 1241 2203 0 838 1660 697 1069 1815 1542 2309 1141 1572 2034 1833 1071 2111 780 963 913 1581 1086 1869 1936 950 1917 1373 1233 723 2487 1119 1499 1434 1307 1870 1880 1612 1685 1903 1000 1341 1135 2028 1045 2365 1806 1908 1930 1709 2104 589 345 505 287 2002 756 864 1005 1877 2050 1030 1529 1736 1287 175 704 947 1612 1264 449 1910 1508 1805 960 275 1131 976 2378 2283 2049 1487 2447 1891 1563 1957 1606 680 1281 1994 1504 573 2226 702 1145 1307 1103 987 830 1729 1479 1437 947 1265 1988 2484 659 572 1313 1353 1814 949 1704 1444 2617 1559 949 1351 885 1060 935 1077 1785 1225 1721 440 2387 1050 2359 1688 1362 2354 416 1445 810 619 2346 1555 1873 1404 619 1568 1595 638 404 808 427 1650 1236 2511 1117 291 818 305 1058 2155 1378 1836 2045 757 1407 2189 2237 1376 1500 1447 2337 211 1144 1705 534 573 370 1692 1177 2460 367 1592 2419 1994 1016 2102 1343 1275 1546 567 1481 1974 1612 1330 1197 1900 1876 1383 963
2780 2422 2373 2940 1714 2028 2239 1786 2422 838 0 2034 179 1288 1943 1911 1858 1270 1701 2163 1997 1290 2240 1134 513 1293 1710 1013 2050 2344 754 2136 922 1453 1268 2678 1248 1722 1654 1527 2415 2366 1740 1904 2093 1028 1561 1761 2248 1671 2556 1935 2128 2263 1811 2323 1300 892 1187 609 2131 1084 1408 555 2097 2269 580 1748 1956 1662 819 1249 497 2157 1809 1161 2091 1728 1934 919 987 1676 1521 2569 2474 2268 1097 2638 2072 1782 2086 1826 1306 1501 2122 1723 1195 1775 1328 1245 1531 1083 1120 1541 1949 1699 1657 938 1809 2179 2675 1113 1092 1240 1642 1995 927 1833 1572 2808 1108 814 971 1125 1279 1310 1285 1914 1444 1941 603 1936 1270 2578 1908 911 2573 1042 1069 1278 1245 2474 1775 1423 954 355 1938 2120 1350 917 927 1139 1779 1456 2725 1661 926 1160 679 1235 2283 1922 1921 2236 1383 1627 2318 2428 1596 1629 1575 2528 922 1364 1807 316 1200 1081 1242 1227 2589 841 1968 1969 1543 1236 2231 1887 824 2090 1188 1701 2193 1161 1549 1417 2028 2421 1511 842
2281 1816 956 2333 2328 1646 666 677 1816 1660 2034 0 1915 963 1881 231 2562 1377 1639 1780 1508 823 1758 1162 1592 823 1648 1355 1482 726 1339 1530 1854 674 1082 2100 1219 397 1094 851 906 676 1688 1298 1516 1245 1002 1215 1641 1325 1978 1634 1521 655 1776 1717 1827 1761 1843 1734 1913 1199 880 1595 1490 1663 1546 1142 1349 538 1627 1063 1618 584 976 1753 1523 1070 1551 1230 1669 717 898 1991 1896 1662 1723 2060 1504 1176 2024 1219 1234 902 1740 467 1989 2389 1004 1380 575 1372 1116 1712 495 473 545 1216 700 1601 2097 1373 1419 1549 669 1427 1218 1671 1387 2230 1926 1270 1620 1156 876 861 1046 1852 916 512 1856 2550 916 1972 561 1674 1967 1582 1710 954 1229 2092 1168 2127 1932 1732 158 510 1954 1821 1346 1730 1362 897 2124 773 1703 1236 1753 1049 1801 854 1902 1658 1241 1150 2212 1851 1036 1540 1514 1950 1614 813 1772 1981 1357 1671 1952 1384 2206 1717 107 2583 2247 928 1849 994 1712 492 1983 1004 1587 1953 990 755 1646 1003 1369 1232
2661 2303 2254 2820 1601 1909 2119 1666 2303 697 179 1915 0 1169 1824 1792 1746 1150 1581 2043 1877 1171 2121 1015 400 1173 1590 900 1931 2224 634 2017 810 1334 1149 2558 1128 1603 1534 1407 2296 2246 1621 1785 1974 908 1442 1619 2128 1530 2436 1815 2008 2143 1698 2204 1159 750 1046 467 2012 965 1289 442 1977 2150 467 1629 1836 1543 677 1129 384 2037 1689 1020 1972 1609 1814 800 846 1557 1401 2450 2354 2149 984 2519 1953 1663 1966 1706 1165 1381 2003 1604 1053 1662 1187 1132 1411 971 1000 1400 1830 1580 1537 818 1690 2059 2556 994 973 1128 1523 1875 808 1714 1453 2689 996 694 858 1005 1160 1190 1165 1794 1325 1822 462 1824 1151 2459 1788 799 2454 900 956 1159 1104 2355 1655 1310 841 236 1819 2001 1209 776 808 997 1659 1337 2605 1542 785 1040 538 1115 2164 1803 1808 2117 1242 1507 2198 2309 1476 1509 1456 2409 781 1244 1694 174 1058 940 1129 1114 2470 721 1848 1856 1431 1116 2112 1768 712 1971 1047 1581 2074 1049 1430 1297 1909 2301 1392 723
1754 1289 1644 1806 1468 1099 1365 1090 1289 1069 1288 963 1169 0 1022 834 1717 527 779 1234 835 167 1231 599 846 590 788 602 955 1263 594 1003 1108 372 572 1573 375 642 465 418 1605 1285 828 771 951 491 372 1179 1114 1233 1451 1020 994 1182 917 1190 1301 1170 1252 1143 1216 610 712 849 963 1136 800 615 822 785 1036 553 873 1283 1112 1162 996 595 1005 484 1078 980 825 1464 1369 1135 878 1533 977 649 1164 692 926 355 1193 643 1398 1530 762 536 451 606 325 1369 868 618 576 470 1113 1074 1570 902 836 704 561 900 472 918 557 1703 1082 524 868 529 143 563 201 992 252 860 1111 1691 84 1445 827 921 1440 991 865 582 865 1545 641 1282 1187 986 861 1209 1363 1230 757 1139 689 273 1597 965 1112 660 1162 205 1274 1226 1043 1131 1003 409 1396 1324 407 714 654 1423 1023 241 913 1276 819 1080 1108 540 1660 1101 927 1724 1402 218 1302 1191 966 1191 1392 581 1060 1108 361 340 1099 1691 473 487
1979 1978 2423 2496 553 1228 2277 1835 1978 1815 1943 1881 1824 1022 0 1752 939 901 455 1186 1196 1133 1439 1369 1501 1342 524 1141 1249 2125 1249 1692 1303 1235 1318 1877 880 1539 1241 1218 2465 2147 794 1460 1293 1119 1138 1925 1804 1979 1755 1089 1684 2045 247 1879 2047 1916 1998 1889 844 1356 1458 1492 1653 1825 1455 1404 1511 1712 1782 1299 1528 2195 1858 1908 1290 1284 1126 1110 1824 1726 1570 1768 1673 1824 1047 1837 1271 1438 398 1382 1672 1154 1186 1561 2144 634 1508 905 1382 1155 1180 2115 1731 1491 1439 1127 1859 1378 1874 1648 1582 895 1493 1194 1129 1032 799 2007 1001 1179 1183 1174 1024 1360 1021 76 1049 1723 1766 776 1062 2134 1689 1224 2129 1737 1104 1328 1611 1358 1330 636 1346 1641 1779 2128 2109 1975 1434 1885 978 1066 1932 1711 1858 1417 1907 1061 1482 1972 196 1435 1749 982 630 1628 1183 828 575 1727 1769 1087 246 1931 1565 1826 875 1031 1633 1756 1845 809 624 1195 1008 1937 1274 2109 2138 1332 1749 938 1150 1216 1129 2471 968 1142
2152 1687 924 2204 2199 1517 634 644 1687 1542 1911 231 1792 834 1752 0 2433 1247 1510 1651 1379 694 1629 1045 1469 705 1519 1232 1353 737 1217 1401 1731 545 964 1971 1090 268 965 722 873 687 1559 1169 1387 1122 873 1183 1512 1293 1849 1505 1392 666 1647 1588 1726 1643 1725 1617 1784 1081 762 1472 1361 1534 1424 1013 1220 420 1509 945 1496 552 943 1635 1394 941 1422 1107 1551 685 866 1862 1767 1533 1593 1931 1375 1047 1895 1090 1117 773 1611 338 1872 2260 886 1251 446 1250 987 1611 401 344 416 1093 668 1472 1968 1255 1301 1420 540 1298 1095 1542 1258 2101 1797 1147 1498 1039 747 732 917 1723 787 388 1734 2421 787 1843 398 1551 1838 1464 1581 836 1111 1963 1039 1998 1810 1609 129 478 1836 1703 1229 1612 1233 768 1995 741 1585 1119 1635 920 1672 821 1773 1529 1123 1021 2082 1722 907 1411 1385 1821 1496 683 1643 1864 1240 1553 1823 1255 2077 1599 195 2454 2118 799 1720 962 1589 460 1865 875 1458 1824 861 625 1517 971 1240 1110
2744 2743 2935 3260 580 1992 2800 2347 2743 2309 1858 2562 1746 1717 939 2433 0 1205 1158 1950 1960 1766 2204 1871 1372 1854 1228 1466 2014 2862 1582 2457 1116 1971 1830 2641 1384 2241 2006 1983 2977 2884 1558 2225 2057 1631 1903 2437 2568 2491 2519 1853 2448 2781 951 2644 2559 2384 2510 2079 1609 1868 1970 1336 2417 2590 1405 2168 2276 2224 2287 1811 1378 2718 2370 2420 2055 2049 1891 1604 2336 2238 2082 2533 2437 2589 871 2602 2036 2202 1163 2146 2184 1918 1951 2241 2656 615 2020 1217 2043 1454 1692 2627 2467 2217 2175 1633 2371 2142 2639 2147 2094 1125 2153 1958 1641 1797 1564 2772 814 1595 1121 1686 1775 1872 1525 910 1813 2459 2073 828 1699 2899 2426 1150 2894 2249 1090 1840 2123 2123 2095 448 1159 1736 2459 2682 2621 2411 1863 2397 1743 1831 2696 2223 2369 1929 2171 1566 2247 2484 815 2200 2261 1746 1395 2392 1948 1592 1340 2492 2281 1852 949 1853 2077 2338 687 1290 2397 2110 2525 860 340 1764 1773 2449 1118 2652 2650 2096 2514 751 1915 1940 1894 2982 1623 1559
1738 1726 1750 2243 1060 987 1615 1162 1726 1141 1270 1377 1150 527 901 1247 1205 0 637 1121 955 581 1198 695 811 669 559 381 1009 1676 575 1440 630 786 644 1636 197 1055 853 859 1791 1698 693 1208 1052 445 750 1251 1551 1306 1514 893 1431 1596 736 1627 1373 1243 1324 1216 1089 682 785 798 1400 1573 720 1052 1259 1039 1109 625 835 1533 1185 1235 1049 1032 892 437 1151 1052 897 1527 1432 1572 366 1596 1030 1086 1044 1129 998 789 1080 1056 1471 1122 835 32 858 322 507 1442 1282 1032 990 453 1186 1137 1633 974 909 192 968 953 455 791 530 1766 569 505 402 501 594 686 340 872 684 1274 1092 1283 514 1882 1240 443 1877 1064 362 654 937 1433 1078 770 728 968 1274 1496 1436 1302 761 1212 737 708 1691 1037 1184 743 1234 380 1241 1298 900 1194 1075 609 1276 1387 795 587 534 1486 1095 679 733 1257 891 1152 595 158 1547 1082 1340 1316 890 579 1189 1264 556 1467 1464 1018 1497 596 765 755 986 1797 423 468
1737 1736 2180 2253 840 985 2035 1593 1736 1572 1701 1639 1581 779 455 1510 1158 637 0 1119 953 891 1197 1126 1258 1100 78 898 1007 1883 1006 1450 1069 992 1075 1634 637 1297 999 976 2222 1905 535 1218 1050 876 896 1682 1561 1736 1512 889 1441 1802 251 1637 1804 1674 1755 1647 885 1113 1216 1237 1410 1583 1213 1161 1269 1470 1540 1056 1279 1953 1616 1666 1048 1042 890 867 1582 1483 1328 1526 1430 1582 800 1595 1029 1195 602 1139 1429 911 1079 1318 1902 902 1266 659 1139 912 938 1873 1488 1248 1196 884 1617 1135 1632 1405 1340 640 1251 951 886 787 554 1765 1004 936 928 932 782 1117 778 425 806 1480 1523 1063 819 1892 1447 969 1887 1494 848 1085 1368 1431 1088 855 1166 1399 1536 1885 1866 1733 1192 1643 736 824 1689 1468 1615 1174 1665 819 1240 1729 415 1193 1506 739 834 1385 941 585 316 1485 1526 845 247 1688 1322 1583 1007 777 1546 1513 1603 1096 843 952 1157 1695 1019 1867 1895 1089 1507 1030 908 974 985 2228 628 899
903 1638 2472 2156 1632 429 2182 2055 1637 2034 2163 1780 2043 1234 1186 1651 1950 1121 1119 0 904 1168 614 1588 1720 1562 1128 1360 910 2016 1468 1352 1731 1125 1537 1338 1099 1430 1132 1016 2422 2038 728 1120 953 1338 1069 2144 1464 2198 1368 391 1344 1935 1253 1539 2266 2136 2217 2109 633 1575 1678 1723 1313 1485 1675 1066 1171 1642 2002 1518 1747 2100 2078 2128 917 944 374 1329 2044 1945 1790 1230 1251 1484 1467 1483 834 1100 800 1042 1891 980 291 1460 2364 1694 1727 1125 1284 1374 1400 2334 1621 1381 1329 1346 2079 848 1520 1867 1802 1293 1399 854 1348 494 848 1042 1670 1398 1494 1394 1153 1508 1240 1156 1043 1613 1985 1855 1251 1794 1580 1535 1789 1956 1454 1547 1830 392 990 1647 1829 1860 1678 2026 2328 2195 1654 2104 708 1019 1577 1930 2077 1636 2127 1281 663 2191 1207 841 1968 1089 654 700 1074 782 922 705 1988 1048 1250 2150 1784 2045 1696 1250 545 1975 1744 1887 1635 1322 181 2156 1648 2008 2357 1017 1409 1697 1106 1118 269 2520 1064 1361
1423 964 2200 1921 1642 770 1910 1854 964 1833 1997 1508 1877 835 1196 1379 1960 955 953 904 0 876 753 1363 1554 1354 962 1194 392 1743 1302 1117 1565 853 1336 1242 933 1158 652 777 2150 1765 807 831 131 1172 570 1943 1217 1997 1120 758 1109 1663 1090 1305 2065 1934 2016 1908 1037 1374 1476 1557 1078 1250 1509 831 800 1365 1801 1317 1581 1828 1877 1927 518 709 675 1163 1843 1744 1589 1133 1038 1228 1301 1054 499 818 1325 791 1690 682 864 1187 2163 1704 1526 959 1009 1208 1094 2133 1349 1109 1057 1180 1877 743 1034 1666 1601 1127 1123 366 1182 795 682 1372 1504 1232 1328 1206 809 1231 970 1166 674 1341 1819 1865 875 1165 1308 1369 1554 1755 1288 1346 1629 1216 756 1657 1663 1694 1405 1754 2127 1994 1488 1903 313 612 1148 1729 1876 1424 1926 974 796 1990 1217 800 1767 591 1348 993 594 559 828 1092 1787 750 1087 1984 1583 1844 1530 1084 1331 1809 1472 1898 1645 1002 973 1955 1482 1736 2156 782 1174 1531 627 836 770 2248 869 1195
1669 1204 1515 1721 1580 1034 1225 1092 1204 1071 1290 823 1171 167 1133 694 1766 581 891 1168 876 0 1146 601 848 592 900 611 870 1123 596 918 1110 232 574 1488 423 502 462 308 1465 1145 940 686 904 504 369 1181 1029 1235 1366 1022 909 1042 1028 1105 1303 1172 1254 1146 1299 612 714 851 878 1051 802 530 737 669 1038 555 875 1143 1115 1164 911 509 939 486 1080 982 827 1379 1284 1050 927 1448 892 564 1276 607 928 282 1127 502 1400 1641 764 585 315 629 337 1371 728 478 436 472 1115 989 1485 904 839 753 427 815 474 1030 669 1618 1131 526 877 533 113 489 250 1104 278 720 1113 1802 121 1360 687 930 1355 993 914 584 867 1480 556 1331 1189 988 720 1069 1365 1232 759 1141 730 264 1512 967 1114 662 1164 254 1189 1228 1154 1046 1005 517 1508 1238 404 825 766 1338 1025 150 1024 1278 821 1082 1156 589 1594 1103 787 1835 1451 185 1236 1193 968 1051 1394 482 975 1157 357 198 1033 1563 600 489
809 1147 2451 2134 1886 218 2160 2132 1147 2111 2240 1758 2121 1231 1439 1629 2204 1198 1197 614 753 1146 0 1636 1798 1636 1206 1438 572 1994 1545 1330 1808 1103 1615 820 1177 1408 1110 995 2400 2016 963 1098 723 1415 1071 2221 1419 2276 850 615 1322 1913 1334 1518 2343 2213 2294 2186 893 1653 1755 1801 1291 1463 1752 1044 1150 1620 2079 1595 1824 2078 2155 2205 406 922 532 1407 2121 2023 1867 711 733 1430 1544 964 321 1078 1172 1020 1969 959 378 1438 2441 1947 1805 1202 1262 1452 1436 2412 1599 1359 1307 1424 2156 330 1002 1945 1879 1370 1378 513 1426 652 925 850 1748 1476 1571 1467 1131 1486 1318 1410 1021 1591 2062 2108 1230 1348 1558 1612 1767 2034 1531 1625 1908 753 969 1900 1906 1938 1656 2005 2406 2272 1731 2182 699 997 1059 2008 2154 1705 2204 1357 72 2269 1460 283 2046 1091 1119 470 1052 847 1072 539 2066 1026 1330 2227 1862 2122 1774 1328 674 2052 1722 2141 1889 1300 746 2234 1725 1986 2434 995 1387 1774 1084 1096 444 2498 1141 1438
2186 1733 1379 2250 1726 1454 1244 791 1733 780 1134 1162 1015 599 1369 1045 1871 695 1126 1588 1363 601 1636 0 753 400 1135 587 1400 1486 440 1447 1015 764 273 2017 674 1006 964 837 1420 1430 1166 1215 1433 344 872 880 1558 935 1895 1361 1438 1480 1263 1634 1012 881 963 854 1557 254 414 756 1407 1580 705 1059 1266 790 747 233 779 1162 814 873 1440 1039 1359 291 789 681 526 1909 1813 1579 1042 1977 1422 1093 1511 1136 637 811 1548 1034 1109 1787 464 699 827 634 388 1080 1260 1010 967 305 815 1518 2015 532 547 868 857 1344 295 1259 998 2148 1161 334 853 373 590 463 595 1339 755 1252 850 1949 581 1889 1218 906 1884 702 946 299 576 1900 1085 1435 1093 832 1071 1145 1074 941 233 850 1194 767 2041 667 823 140 873 561 1679 928 1390 1575 714 937 1743 1768 906 1054 1001 1868 734 674 1260 1101 530 791 1258 732 2015 717 1095 1981 1556 546 1657 893 877 1096 1103 1011 1504 1214 860 727 1454 1426 937 363
2338 1980 1931 2497 1227 1586 1797 1343 1980 963 513 1592 400 846 1501 1469 1372 811 1258 1720 1554 848 1798 753 0 850 1239 547 1608 1901 423 1694 445 1011 826 2235 806 1280 1211 1085 1973 1923 1298 1462 1651 585 1119 1433 1806 1487 2114 1493 1685 1821 1324 1881 1425 1039 1312 733 1689 811 966 42 1655 1827 111 1306 1513 1220 944 807 27 1715 1366 1286 1649 1286 1492 477 1112 1234 1078 2127 2031 1826 611 2196 1630 1340 1643 1384 1180 1058 1680 1281 1320 1289 1016 779 1088 618 677 1623 1507 1257 1215 509 1367 1736 2233 1003 1052 754 1200 1553 518 1391 1130 2366 622 436 504 682 837 868 842 1471 1002 1499 728 1450 828 2136 1465 425 2131 1146 582 836 1119 2032 1332 937 477 391 1496 1678 1475 1065 704 1264 1337 1014 2283 1219 1051 835 825 793 1841 1480 1435 1794 1257 1185 1875 1986 1154 1186 1133 2086 1047 922 1320 507 1073 1206 756 761 2147 801 1525 1483 1057 794 1789 1445 338 1648 1313 1258 1751 675 1107 975 1586 1979 1069 400
2180 1724 1369 2241 1710 1428 1079 824 1724 913 1293 823 1173 590 1342 705 1854 669 1100 1562 1354 592 1636 400 850 0 1109 614 1391 1232 598 1438 1112 667 325 2008 647 685 955 788 1319 1179 1140 1206 1424 510 863 914 1549 951 1886 1334 1429 1161 1237 1625 1145 1014 1096 987 1530 443 430 854 1398 1571 805 1050 1257 450 880 306 877 997 847 1006 1431 1007 1333 488 922 715 542 1900 1804 1570 1015 1968 1413 1084 1485 1127 735 802 1521 755 1242 1771 470 673 632 631 463 1213 1047 762 834 475 848 1509 2006 741 681 841 516 1335 477 1232 971 2139 1219 528 879 414 581 243 598 1313 746 1034 1115 1932 572 1880 1044 932 1875 835 973 198 695 1874 1076 1419 1191 991 731 908 1207 1074 585 983 1178 758 2032 695 956 475 1006 574 1679 961 1363 1566 741 928 1717 1759 897 1028 975 1859 867 665 1233 1234 663 924 1245 705 1988 1017 755 1965 1539 540 1630 926 971 905 1236 942 1495 1245 851 669 1428 1417 910 491
1746 1745 2189 2262 910 994 2044 1602 1745 1581 1710 1648 1590 788 524 1519 1228 559 78 1128 962 900 1206 1135 1239 1109 0 907 1016 1892 1015 1459 1035 1001 1084 1643 632 1306 1008 985 2231 1914 544 1227 1059 885 905 1691 1570 1745 1521 898 1450 1811 320 1646 1813 1683 1764 1656 894 1122 1225 1203 1419 1592 1222 1170 1278 1479 1549 1065 1245 1962 1625 1675 1057 1051 899 876 1591 1492 1337 1535 1439 1591 766 1604 1038 1204 672 1148 1438 920 1088 1327 1911 971 1275 588 1148 878 947 1882 1497 1257 1205 893 1626 1144 1641 1414 1349 606 1260 960 895 796 563 1774 970 945 894 941 791 1126 787 495 815 1489 1532 1132 828 1901 1456 935 1896 1503 814 1094 1377 1440 1097 924 1132 1408 1545 1894 1875 1742 1201 1652 745 833 1698 1477 1624 1183 1674 828 1249 1738 484 1202 1515 748 904 1394 950 594 325 1494 1535 854 316 1697 1331 1592 973 714 1555 1522 1612 1165 913 961 1197 1704 985 1876 1904 1098 1516 996 917 983 994 2237 637 908
1978 1743 1694 2261 1321 1226 1560 1107 1743 1086 1013 1355 900 602 1141 1232 1466 381 898 1360 1194 611 1438 587 547 614 907 0 1248 1664 458 1457 614 774 589 1875 407 1043 975 848 1736 1686 938 1225 1291 343 882 1196 1569 1250 1753 1132 1448 1584 1030 1644 1318 1187 1269 1160 1329 627 729 559 1418 1590 455 1069 1276 983 1053 570 574 1478 1129 1179 1289 1049 1131 296 1095 997 842 1767 1671 1589 626 1836 1270 1103 1283 1147 943 821 1320 1044 1415 1382 779 349 852 80 426 1386 1270 1020 978 330 1130 1376 1873 918 853 500 963 1192 345 1031 770 2006 761 371 354 446 600 631 501 1111 765 1262 975 1544 584 1899 1228 407 1894 1008 432 599 882 1672 1095 1030 713 850 1259 1441 1380 1247 627 1156 976 777 1930 982 1129 669 1179 469 1481 1243 1162 1433 1020 946 1515 1626 917 826 773 1726 1040 685 1026 1007 836 1097 856 223 1786 948 1289 1576 1151 557 1429 1208 469 1411 1409 1021 1514 814 870 738 1226 1742 709 334
1280 903 2175 1858 1696 619 1885 1886 903 1869 2050 1482 1931 955 1249 1353 2014 1009 1007 910 392 870 572 1400 1608 1391 1016 1248 0 1718 1356 1055 1619 827 1372 1126 987 1132 834 719 2124 1740 878 770 292 1226 822 1979 1160 2034 1004 764 1046 1637 1144 1242 2101 1971 2052 1944 1042 1411 1513 1611 1015 1188 1562 768 740 1344 1837 1353 1635 1803 1913 1963 337 646 681 1217 1879 1780 1625 1018 922 1171 1355 993 318 757 1356 734 1726 683 778 1162 2199 1758 1563 1012 986 1262 1163 2170 1324 1083 1031 1234 1910 643 973 1703 1637 1181 1102 136 1236 801 736 1308 1558 1286 1382 1238 855 1210 1090 1220 745 1316 1873 1919 954 1104 1282 1423 1492 1792 1342 1382 1665 1221 693 1711 1716 1748 1380 1729 2164 2030 1530 1940 557 721 1087 1766 1912 1460 1962 1094 615 2027 1271 700 1803 916 1353 928 776 670 882 1010 1824 750 1140 2038 1620 1880 1584 1138 1160 1863 1446 1951 1699 1024 978 1992 1536 1711 2192 719 1112 1585 808 820 775 2222 951 1249
2517 2051 920 2569 2572 1882 468 767 2051 1936 2344 726 2224 1263 2125 737 2862 1676 1883 2016 1743 1123 1994 1486 1901 1232 1892 1664 1718 0 1649 1766 2163 919 1358 2336 1519 794 1330 1086 774 56 1932 1533 1751 1572 1237 1305 1877 1415 2214 1870 1757 89 2020 1953 1917 2038 2119 2011 2149 1464 1102 1905 1726 1898 1856 1378 1585 961 1904 1339 1928 645 1060 2030 1759 1305 1787 1539 1946 807 988 2227 2131 1898 2022 2296 1740 1412 2268 1455 1351 1137 1975 882 2266 2633 1306 1680 959 1682 1416 1802 460 755 702 1526 790 1836 2333 1675 1700 1849 1088 1662 1528 1907 1623 2466 2226 1579 1930 1520 1172 1332 1346 2096 1152 452 2155 2794 1216 2208 475 1983 2202 1859 2009 1361 1386 2328 1404 2426 2242 2041 636 520 2196 2097 1626 2007 1598 1133 2360 863 1979 1525 2029 1349 2037 939 2146 1894 1335 1386 2447 2086 1272 1776 1758 2186 1890 1074 2016 2258 1610 1947 2252 1684 2442 2019 702 2827 2547 1231 2084 1079 2021 570 2259 1240 1823 2253 1225 995 1881 982 1631 1542
2086 1728 1679 2245 1437 1334 1544 1091 1728 950 754 1339 634 594 1249 1217 1582 575 1006 1468 1302 596 1545 440 423 598 1015 458 1356 1649 0 1442 685 758 573 1983 553 1028 959 832 1720 1671 1046 1210 1399 333 867 1180 1553 1235 1861 1240 1433 1568 1143 1629 1302 1092 1253 786 1437 493 714 426 1402 1575 375 1054 1261 968 996 554 450 1462 1114 1164 1397 1034 1239 225 1080 981 826 1875 1779 1574 820 1944 1378 1088 1391 1131 927 806 1428 1029 1372 1499 764 579 836 513 425 1371 1255 1004 962 243 1115 1484 1981 668 781 747 947 1300 233 1139 878 2114 832 119 664 430 585 615 590 1219 750 1247 576 1660 576 1884 1213 635 1879 917 775 583 866 1780 1080 1147 764 451 1244 1426 1365 1118 387 1141 1084 761 2030 967 1101 522 878 540 1589 1228 1270 1541 1004 932 1623 1734 901 934 881 1834 1025 669 1140 741 821 1081 965 606 1894 590 1273 1692 1267 541 1537 1193 548 1396 1366 1006 1499 885 855 722 1334 1726 817 148
1853 522 2222 1046 2139 1218 1932 1933 522 1917 2136 1530 2017 1003 1692 1401 2457 1440 1450 1352 1117 918 1330 1447 1694 1438 1459 1457 1055 1766 1442 0 1956 875 1420 1411 1311 1180 881 766 2172 1787 1321 483 1088 1364 870 2027 347 2081 1133 1207 233 1685 1587 429 2149 2018 2100 1991 1485 1458 1560 1697 253 320 1648 757 534 1392 1884 1401 1721 1850 1960 2010 1095 554 1123 1332 1926 1828 1673 1302 1207 368 1797 884 1077 660 1799 436 1774 730 1312 1209 2246 2200 1610 1455 1034 1475 1210 2217 1371 1131 1079 1318 1957 1173 911 1750 1684 1623 1149 999 1320 1244 1178 1771 2001 1372 1723 1379 903 1258 1138 1663 793 1363 1959 2361 1001 678 1330 1776 679 1839 1784 1430 1713 1664 388 2153 2035 1834 1427 1776 2211 2078 1605 1987 1029 768 830 1813 1960 1508 2010 1141 1374 2074 1713 1230 1851 1026 1796 1423 824 1112 1325 1523 1871 798 1583 2124 1667 1928 2027 1477 1779 1949 1494 2394 2142 1071 1421 2039 1814 1758 2240 694 121 2027 855 868 1218 2270 1271 1335
2349 2242 2193 2759 971 1597 2059 1605 2242 1373 922 1854 810 1108 1303 1731 1116 630 1069 1731 1565 1110 1808 1015 445 1112 1035 614 1619 2163 685 1956 0 1273 1088 2246 809 1542 1473 1347 2235 2185 1309 1724 1662 843 1375 1695 2067 1749 2124 1503 1947 2083 1120 2143 1810 1448 1722 1143 1700 1073 1228 435 1917 2089 508 1568 1775 1482 1353 1069 442 1977 1628 1670 1660 1548 1502 739 1521 1496 1340 2138 2042 2088 406 2207 1641 1602 1466 1646 1442 1320 1691 1543 1729 1033 1278 642 1350 650 937 1885 1769 1519 1477 771 1629 1747 2244 1265 1352 550 1462 1563 780 1402 1141 2377 338 698 337 944 1099 1130 950 1274 1264 1761 1137 1194 1090 2398 1727 254 2393 1507 394 1098 1381 2043 1594 681 218 800 1758 1940 1868 1475 966 1648 1347 1276 2301 1481 1461 1097 1235 991 1852 1742 1179 1804 1519 1234 1698 1997 1416 1197 1144 2097 1457 1184 1116 916 1335 1589 500 715 2157 1198 1787 1227 801 1056 1800 1707 221 1910 1723 1520 2013 402 1369 1237 1597 2241 1048 662
1626 1161 1367 1678 1681 991 1077 1087 1161 1233 1453 674 1334 372 1235 545 1971 786 992 1125 853 232 1103 764 1011 667 1001 774 827 919 758 875 1273 0 736 1445 628 333 439 196 1317 941 1041 643 861 681 347 1343 986 1398 1323 979 866 838 1129 1062 1465 1335 1416 1308 1258 775 877 1014 835 1008 965 487 694 548 1201 717 1037 995 1277 1327 868 415 896 649 1243 1128 989 1336 1241 1007 1132 1405 849 521 1377 564 1090 247 1085 354 1563 1743 927 790 178 791 526 1534 525 284 232 635 1111 946 1442 1067 1001 958 306 772 637 1016 732 1575 1335 689 1039 695 281 457 455 1205 261 517 1275 1904 325 1317 483 1093 1312 1156 1119 745 1029 1437 513 1536 1351 1151 572 921 1528 1394 921 1304 707 242 1469 1130 1276 824 1326 459 1146 1265 1256 1003 1167 495 1557 1196 381 885 867 1295 1188 183 1126 1440 984 1244 1361 794 1551 1265 639 1936 1656 340 1194 1356 1131 903 1556 349 932 1362 335 105 991 1414 740 651
2155 1706 1251 2223 1685 1403 1116 663 1706 723 1268 1082 1149 572 1318 964 1830 644 1075 1537 1336 574 1615 273 826 325 1084 589 1372 1358 573 1420 1088 736 0 1990 622 944 937 810 1293 1302 1115 1188 1406 503 845 753 1531 807 1868 1309 1411 1352 1212 1607 956 825 907 798 1506 244 286 829 1380 1553 780 1032 1239 709 691 74 852 1034 686 817 1413 1012 1308 464 733 554 398 1881 1786 1552 990 1950 1394 1066 1460 1109 576 784 1497 1007 1053 1746 327 648 811 606 490 1024 1233 982 940 450 687 1491 1987 541 491 817 782 1317 452 1208 947 2120 1194 504 854 388 563 438 580 1288 728 1225 952 1908 554 1862 1191 908 1857 646 948 217 520 1849 1058 1394 1166 966 990 1017 1018 884 406 794 1153 739 2014 539 766 312 816 561 1658 800 1339 1548 599 910 1692 1741 879 1003 950 1840 678 647 1209 1045 474 735 1220 681 1964 828 1014 1940 1515 519 1606 765 946 968 1047 984 1477 1220 833 700 1403 1298 886 466
1105 892 2792 2196 2323 1009 2502 2503 892 2487 2678 2100 2558 1573 1877 1971 2641 1636 1634 1338 1242 1488 820 2017 2235 2008 1643 1875 1126 2336 1983 1411 2246 1445 1990 0 1614 1750 1451 1336 2742 2357 1506 1304 1167 1853 1440 2597 1176 2651 364 1391 1366 2255 1771 1466 2719 2588 2670 2561 1670 2028 2130 2239 1571 1507 2190 1386 1273 1962 2454 1971 2262 2420 2530 2580 917 1264 1308 1844 2496 2398 2243 110 321 1177 1982 613 858 1354 1945 1346 2344 1300 1169 1779 2816 2385 2180 1640 1604 1889 1780 2787 1941 1701 1649 1861 2527 655 661 2320 2254 1808 1719 1067 1863 1428 1363 639 2185 1913 2009 1865 1473 1828 1708 1847 1363 1933 2500 2546 1571 1050 1900 2050 1830 2409 1969 2000 2283 1357 1310 2338 2344 2375 1997 2346 2781 2648 2156 2557 1204 1338 718 2383 2530 2078 2580 1711 813 2644 1898 689 2421 1590 1909 648 1394 1297 1509 746 2441 1368 1768 2665 2237 2498 2211 1765 1114 2490 2064 2579 2326 1641 1454 2609 2163 2328 2810 1337 1437 2212 1425 1438 1235 2840 1579 1876
1717 1597 1728 2114 1240 965 1593 1140 1597 1119 1248 1219 1128 375 880 1090 1384 197 637 1099 933 423 1177 674 806 647 632 407 987 1519 553 1311 809 628 622 1614 0 898 773 708 1769 1541 677 1079 1030 423 681 1229 1422 1284 1492 871 1302 1438 774 1498 1351 1221 1302 1194 1068 660 763 809 1271 1444 760 923 1130 1017 1087 603 832 1511 1163 1213 1028 903 870 415 1129 1030 875 1506 1410 1443 545 1575 1009 957 1022 1001 976 663 1059 898 1449 1301 813 203 700 348 387 1420 1124 874 832 431 1164 1115 1612 952 887 371 810 931 433 770 509 1745 749 484 572 479 437 664 182 850 560 1116 1070 1462 356 1753 1083 613 1748 1042 532 632 915 1411 949 949 907 946 1117 1462 1414 1280 739 1190 715 581 1669 1015 1162 721 1212 223 1220 1276 901 1172 1053 645 1254 1365 715 565 512 1465 1073 521 771 1235 870 1130 774 254 1525 1060 1183 1495 1069 425 1168 1242 726 1436 1442 878 1368 775 669 597 965 1775 448 446
