NAME: zurich_200_0
COMMENT: TSP instance with 200 nodes. City: Zurich, Switzerland, Seed: 42
TYPE: TSP
DIMENSION: 200
EDGE_WEIGHT_TYPE: EXPLICIT
EDGE_WEIGHT_FORMAT: FULL_MATRIX
NODE_COORD_SECTION:
1 47.419038 8.538454
2 47.3093319 8.7215885
3 47.496469 8.3902564
4 47.3331159 8.7863899
5 47.4866933 8.2934941
6 47.4337178 8.7721375
7 47.4405476 8.4764935
8 47.4185075 8.5903558
9 47.3604279 8.5266655
10 47.4052261 8.5049562
11 47.3850352 8.484984
12 47.520692 8.5174143
13 47.4880169 8.2910895
14 47.4533941 8.4366659
15 47.3950607 8.6728638
16 47.3607475 8.5483098
17 47.3978957 8.77474
18 47.2778122 8.6160878
19 47.2760305 8.5775881
20 47.2693494 8.3120271
21 47.4622411 8.3271911
22 47.4964576 8.7443614
23 47.2434554 8.5358338
24 47.5094467 8.4679589
25 47.2215789 8.4992737
26 47.4580191 8.3208328
27 47.2221873 8.6792482
28 47.3174025 8.4756181
29 47.3667111 8.4928582
30 47.4506188 8.4694799
31 47.5347374 8.5783364
32 47.5106257 8.3734423
33 47.4271578 8.5540555
34 47.3494262 8.2845221
35 47.2449648 8.6525318
36 47.3766039 8.6434761
37 47.2717956 8.6414363
38 47.3196085 8.5310951
39 47.3937016 8.5346191
40 47.3604894 8.2768174
41 47.4843046 8.4842475
42 47.4137013 8.5378692
43 47.3587864 8.5990378
44 47.3749399 8.5408495
45 47.3578115 8.5524361
46 47.4584365 8.4399825
47 47.3895987 8.3302888
48 47.322593 8.3824222
49 47.407683 8.7296996
50 47.4598656 8.4295556
51 47.3201371 8.7411026
52 47.371761 8.7749188
53 47.4625678 8.3269569
54 47.3765792 8.534793
55 47.3119731 8.4021314
56 47.5015764 8.3740827
57 47.2959836 8.3966819
58 47.4247928 8.3601472
59 47.4707233 8.3399974
60 47.3596585 8.7299015
61 47.5032995 8.545851
62 47.3661312 8.7816339
63 47.467776 8.3220299
64 47.5031902 8.436647
65 47.3156254 8.5267394
66 47.2064604 8.6872026
67 47.3879998 8.5393208
68 47.4228408 8.3105414
69 47.2823576 8.5490774
70 47.2047974 8.5758016
71 47.4405244 8.3323711
72 47.402324 8.499357
73 47.4584717 8.4313115
74 47.5244713 8.3325024
75 47.2477484 8.4557493
76 47.38945 8.5162604
77 47.5297341 8.7709914
78 47.4121525 8.5242055
79 47.438011 8.2900716
80 47.4687944 8.4073324
81 47.2760738 8.347884
82 47.4246814 8.3001666
83 47.3135509 8.7198828
84 47.4192132 8.5910906
85 47.5016817 8.4180931
86 47.5270826 8.7892665
87 47.3017934 8.4475241
88 47.2242336 8.388112
89 47.5016652 8.3471863
90 47.3632934 8.3884927
91 47.425983 8.3034161
92 47.2541326 8.6086309
93 47.3967883 8.5304248
94 47.4633235 8.5845804
95 47.3643545 8.6191552
96 47.3842152 8.5111802
97 47.4148929 8.5124438
98 47.269057 8.4848578
99 47.2885903 8.5337803
100 47.3500223 8.7122698
101 47.4132413 8.5323285
102 47.2585727 8.5924771
103 47.3363268 8.3048257
104 47.3045645 8.5946963
105 47.4543389 8.3238504
106 47.4904983 8.7681515
107 47.4747235 8.682571
108 47.5364874 8.7362694
109 47.3657994 8.532214
110 47.5146025 8.5324799
111 47.2735035 8.6412644
112 47.1952148 8.5335737
113 47.2187113 8.6417801
114 47.4547984 8.6961949
115 47.5055562 8.7711369
116 47.3621115 8.5313983
117 47.3001459 8.4472286
118 47.3509687 8.3495675
119 47.3875003 8.7534365
120 47.4503226 8.2864336
121 47.4965957 8.8008481
122 47.387328 8.7532256
123 47.3950078 8.7760503
124 47.2662747 8.4321421
125 47.3798559 8.6595657
126 47.4547097 8.3213034
127 47.4300227 8.4727219
128 47.3960257 8.6084833
129 47.3975106 8.6137638
130 47.5177705 8.5414767
131 47.3384952 8.387519
132 47.2772296 8.4494852
133 47.5357724 8.7257421
134 47.3086478 8.5535659
135 47.4559317 8.6947851
136 47.4855146 8.4849376
137 47.3845871 8.6506599
138 47.411661 8.593945
139 47.4622415 8.576629
140 47.4150904 8.6451745
141 47.3650625 8.5315617
142 47.3161262 8.7952972
143 47.4917847 8.4358045
144 47.3465294 8.7099587
145 47.2441385 8.7170344
146 47.3576256 8.4380712
147 47.4133635 8.7960102
148 47.4210302 8.58548
149 47.2664221 8.4857427
150 47.2751619 8.3304344
151 47.5051678 8.5895617
152 47.3994113 8.5425206
153 47.5361321 8.7297532
154 47.3043894 8.544372
155 47.3321278 8.7127347
156 47.4153592 8.4032215
157 47.4273812 8.3596347
158 47.3809928 8.6765212
159 47.5153703 8.6514443
160 47.4888709 8.6215003
161 47.5012235 8.6931826
162 47.4130187 8.5724693
163 47.2464037 8.6119418
164 47.202203 8.685262
165 47.3692691 8.5311091
166 47.4079499 8.4154975
167 47.4004611 8.6241385
168 47.4149687 8.5455168
169 47.3712879 8.3780876
170 47.3228624 8.4671953
171 47.4980382 8.7325295
172 47.4609616 8.439758
173 47.3405022 8.5742343
174 47.3829189 8.5009606
175 47.4038247 8.448921
176 47.3161603 8.4222524
177 47.2954762 8.7341784
178 47.1992996 8.4308724
179 47.5274085 8.5483705
180 47.4270495 8.578628
181 47.2624672 8.3700972
182 47.3286767 8.3383206
183 47.4988102 8.6065189
184 47.332523 8.711482
185 47.4116712 8.6364772
186 47.2281787 8.6653372
187 47.3488623 8.7168276
188 47.2005012 8.7128353
189 47.4242622 8.6912207
190 47.4306876 8.3497029
191 47.4049066 8.5425644
192 47.5261146 8.3283367
193 47.3104423 8.7599901
194 47.3820902 8.5651648
195 47.2683214 8.6565582
196 47.4921703 8.4460783
197 47.3592483 8.5277632
198 47.2035153 8.4305134
199 47.333153 8.4352079
200 47.412231 8.613286
EDGE_WEIGHT_SECTION:
0 1251 1140 1181 1180 1210 450 521 730 275 648 797 1258 679 625 656 1250 1406 1241 1919 1005 1158 1673 935 1668 1032 1613 1202 713 545 1076 1217 228 1492 1485 817 1559 959 392 1611 757 254 932 537 711 659 1380 1203 972 730 1128 1121 1000 547 1247 1193 1406 898 1085 835 686 1101 1024 992 1033 1469 409 1343 1167 1744 1085 344 690 1527 1394 485 1190 176 1268 850 1651 1361 1231 533 984 1289 1206 1815 1361 1027 1365 1365 349 471 946 525 187 1536 1205 920 237 1385 1636 1244 973 1296 1050 1260 650 732 1570 1895 1402 830 1309 695 1203 1191 1056 1155 1399 1053 1205 1299 876 883 416 511 515 764 1015 1328 1215 1044 843 769 797 476 422 573 662 1206 862 984 1863 885 1364 540 1544 1790 816 340 1226 992 1089 742 889 752 1150 780 1011 393 1312 1447 625 627 531 207 934 1132 1048 705 876 604 660 1151 1369 1862 842 359 1633 1532 890 1069 511 1518 946 1684 868 971 336 1521 1320 644 1653 839 753 1859 1004 506
1251 0 2040 548 2072 1094 1349 1074 1189 1358 1446 1554 2150 1579 770 1017 904 728 1776 2592 1897 1493 2208 1794 2263 1924 2148 1806 1384 1481 1832 2117 1170 2282 2020 665 628 1494 1224 2400 1643 1223 820 1094 984 1559 2215 1993 842 1629 125 684 1892 1140 1968 2093 2096 1790 1977 433 1443 664 1916 1891 1568 2004 1175 2235 1702 2279 1977 1415 1589 2426 1988 1336 1525 1276 2160 1749 2284 2253 64 1069 1884 1624 1811 2409 2260 1919 2257 1900 1208 1228 709 1297 1353 2135 1740 352 1246 1920 2426 854 1865 1532 1364 1596 1125 1489 645 2430 1937 1162 1644 1137 1807 1981 710 2047 1644 708 859 1894 683 1775 1367 853 873 1521 1805 1923 1550 1568 1174 1655 741 993 1179 827 1134 420 1762 339 652 1723 1018 1127 2139 2474 1573 1122 1561 1527 239 1634 1781 610 1578 1453 1346 1205 1847 1982 1142 1519 874 1194 1826 1736 1384 1605 807 1352 1552 1873 240 2456 1598 1166 2228 2321 1647 188 767 2053 326 2219 952 1863 1171 2420 292 1117 572 1739 1196 2454 1768 919
1140 2040 0 1970 706 1999 741 1340 1586 1078 1272 808 750 762 1414 1511 2039 2261 2078 2430 800 1947 2251 540 2180 820 2451 1713 1456 640 1232 204 1085 1816 2322 1606 2414 1796 1247 1695 605 1138 1721 1393 1565 674 1370 1715 1760 724 1917 1910 795 1402 1758 96 1917 1120 916 1624 919 1890 731 297 1871 2306 1264 1122 2005 2581 985 1062 728 513 1905 1335 1979 1031 1027 715 2163 1121 2020 1351 202 2077 1718 2326 347 1538 1125 2202 1204 1087 1735 1343 973 2048 2043 1709 1105 2222 2013 2099 873 2085 1785 2018 1506 838 2425 2453 2240 1619 2098 1551 1714 1671 1845 914 2188 1842 1994 1810 1665 938 830 1300 1304 908 1527 1840 1960 1881 1632 623 1586 1265 1038 1362 1518 1994 278 1773 2652 1397 2153 1358 2056 2302 1274 1195 1982 1830 1878 1198 1097 1541 1550 1416 1800 1279 2150 2284 1481 1138 1320 1144 1445 1643 1837 656 1731 1318 1172 1663 2158 2373 980 1202 2144 1992 1403 1858 1300 2355 1735 2521 1657 1080 1191 507 2109 1499 2492 342 1609 2371 1516 1295
1181 548 1970 0 2002 954 1280 1005 1426 1288 1477 1484 2080 1509 700 1356 682 1203 1942 2741 1827 1424 2374 1724 2428 1854 2314 1972 1488 1411 1763 2047 1101 2315 2185 743 1103 1660 1154 2433 1573 1153 1115 1233 1405 1489 2203 2026 768 1560 423 423 1822 1255 2069 2023 2228 1720 1908 374 1373 402 1846 1822 1734 2170 1151 2166 1868 2445 1907 1345 1519 2357 2154 1269 1456 1206 2090 1680 2449 2184 568 1000 1814 1554 1976 2575 2191 1849 2187 2065 1138 1158 981 1308 1284 2301 1906 467 1176 2086 2458 1329 1795 1391 1295 1526 1345 1420 1120 2596 2103 1092 1534 1391 1973 2013 557 1977 1504 554 637 2059 698 1705 1298 921 898 1451 1838 2088 1480 1744 1104 1586 728 923 1109 758 1357 202 1692 483 1037 1708 796 1058 2304 2613 1503 1053 1492 1693 523 1564 1711 541 1508 1383 1277 1136 2013 2147 1321 1449 804 1125 1756 1902 1314 1535 1282 1388 1483 1974 604 2622 1529 1096 2393 2354 1577 522 698 2218 441 2384 883 1793 1102 2351 514 1298 1073 1669 1449 2619 1827 849
1180 2072 706 2002 0 2031 1001 1372 1290 1118 994 1387 83 830 1446 1319 2071 2068 1678 2030 326 1979 1851 1119 1780 346 2051 1313 1188 964 1812 585 1117 1281 1922 1638 2222 1396 1187 1160 1184 1177 1694 1242 1373 826 835 1315 1793 816 1949 1943 322 1169 1358 623 1517 601 442 1656 1498 1922 257 876 1471 1906 1182 587 1605 2181 499 1093 776 513 1505 990 2011 1070 493 762 1763 586 2052 1384 781 2110 1318 1926 375 1138 590 1802 1119 1298 1767 1001 1013 1648 1643 1741 1145 1822 1478 1907 387 2118 1872 2081 1217 1417 2233 2053 1840 1652 2130 1263 1314 1137 1877 380 2220 1874 2026 1410 1697 418 1019 1332 1337 1488 1127 1440 2036 1481 1664 1202 1618 1297 1249 1394 1229 2027 857 1805 2671 997 2185 1391 1656 1902 1643 1166 2047 1430 1910 663 587 1573 1976 1606 1832 1312 1750 1884 1200 753 1352 1177 1045 1243 1869 848 1539 1050 900 1263 2190 1973 1560 1237 1744 1458 1717 1890 1332 1955 1767 2121 1689 594 1220 487 2141 1433 2316 921 1309 1971 1116 1327
1210 1094 1999 954 2031 0 1309 1038 1455 1317 1506 1513 2110 1538 810 1385 398 1668 1971 2770 1856 700 2403 1753 2457 1883 2343 2001 1517 1441 1490 2076 1130 2344 2214 920 1568 1689 1183 2462 1602 1182 1292 1262 1440 1518 2232 2055 336 1589 982 536 1851 1284 2098 2052 2257 1749 1937 675 1402 640 1875 1851 1763 2199 1180 2195 1897 2474 1936 1374 1548 2386 2183 1298 1000 1235 2119 1709 2478 2213 1071 1038 1843 981 2005 2604 2220 1878 2216 2094 1167 1187 1158 1337 1313 2330 1935 771 1206 2115 2487 1773 1824 603 903 985 1374 1449 1585 2625 2132 683 746 1420 2002 2042 402 2006 715 400 407 2088 875 1734 1327 975 979 1480 1867 2117 1044 1773 695 1615 905 955 1138 868 1386 1038 1721 831 1717 1737 350 1091 2333 2642 1362 1082 1022 1722 929 1593 1740 720 1140 1164 908 1165 2042 2176 1350 1478 914 1154 1785 1931 694 1564 1488 1417 1512 2003 1223 2651 1558 1126 2422 2383 1399 909 806 2247 789 2413 600 1822 1131 2380 1174 1327 1576 1698 1478 2648 1856 888
450 1349 741 1280 1001 1309 0 649 890 387 572 745 1079 285 723 820 1348 1570 1382 1740 752 1256 1560 611 1489 809 1754 1023 756 182 1107 818 394 1313 1626 915 1723 1100 556 1432 400 447 1031 703 875 265 1201 1024 1070 336 1226 1220 747 711 1068 793 1227 719 832 934 675 1199 771 592 1174 1610 573 1164 1308 1885 906 363 296 1127 1215 639 1288 340 1089 456 1472 1182 1329 661 585 1387 1027 1636 961 848 1186 1506 514 575 1045 644 283 1357 1346 1019 414 1526 1457 1409 794 1395 1149 1359 813 775 1734 1763 1543 929 1407 859 1024 1012 1154 976 1498 1152 1303 1120 974 704 131 609 614 812 836 1149 1313 1185 941 417 895 574 526 671 825 1304 463 1082 1962 706 1463 668 1365 1611 920 504 1324 1133 1187 563 710 851 1254 884 1109 589 1453 1587 791 442 629 454 755 952 1147 311 1040 618 481 972 1468 1683 910 515 1454 1353 994 1167 610 1658 1044 1824 966 792 501 1121 1419 809 1801 440 909 1680 825 605
521 1074 1340 1005 1372 1038 649 0 757 619 808 747 1450 879 449 687 1073 1420 1273 2080 1197 986 1705 987 1759 1224 1645 1303 819 781 1026 1417 315 1684 1516 622 1499 991 485 1803 887 406 737 564 742 859 1572 1395 800 929 951 945 1192 586 1418 1393 1557 1090 1277 659 636 924 1216 1144 1065 1501 482 1535 1199 1776 1277 676 889 1726 1485 600 1018 498 1460 1049 1780 1553 1054 12 1184 1117 1307 1906 1560 1219 1557 1397 470 421 751 639 575 1632 1237 744 430 1417 1828 1276 1165 1124 728 1088 676 683 1512 1927 1434 658 1137 722 1304 1383 879 1347 1227 877 1028 1390 700 1075 667 315 320 714 1207 1419 1043 1075 671 900 600 196 372 396 688 1029 1062 807 1683 1077 1188 63 1635 1962 766 384 1054 1024 912 934 1081 576 1065 686 839 324 1344 1478 652 819 334 368 1126 1233 876 905 907 719 852 1322 1193 1953 792 230 1724 1724 840 892 335 1549 769 1715 689 1163 414 1721 1144 653 1508 1038 780 1950 1196 246
730 1189 1586 1426 1290 1455 890 757 0 604 393 1138 1368 1125 870 209 1495 959 612 1428 1115 1403 1044 1378 1098 1141 984 642 304 1027 1417 1663 688 1118 856 900 1112 330 417 1236 1227 552 600 225 264 1105 1051 829 1216 1176 1314 1366 1110 196 804 1639 932 1008 1195 1080 1027 1346 1134 1437 404 840 331 1323 538 1115 1195 572 1135 1723 824 381 1434 556 1378 1282 1120 1335 1253 769 1430 1533 647 1245 1494 826 1331 736 420 812 684 289 633 971 576 1165 576 756 1262 797 1083 1541 1295 1505 81 1074 1123 1266 773 1075 1554 52 643 817 1301 1265 1644 1298 1449 729 1021 993 832 707 740 1105 641 759 1459 415 1087 1240 1005 707 763 817 75 1446 1308 1228 1570 571 1609 781 975 1309 1157 427 1470 363 1268 861 999 997 1486 1121 1256 707 683 817 145 837 776 571 948 572 1293 1151 429 313 666 709 1164 1292 1183 738 1063 1157 1231 1216 756 888 1191 1054 1113 1081 508 1718 1401 444 1206 1285 23 1290 603 777
275 1358 1078 1288 1118 1317 387 619 604 0 373 1000 1196 617 732 533 1357 1282 1112 1857 942 1265 1544 949 1598 969 1484 1139 557 519 1279 1155 444 1430 1356 917 1436 830 263 1548 748 272 830 415 587 597 1318 1141 1079 668 1235 1228 938 418 1184 1131 1343 836 1023 942 890 1208 961 929 904 1340 286 1281 1038 1615 1023 69 627 1464 1323 337 1297 165 1205 787 1589 1299 1338 631 922 1396 1144 1744 1299 964 1303 1236 220 675 904 378 176 1423 1076 1027 240 1256 1574 1121 910 1403 1157 1367 524 936 1447 1766 1273 937 1416 569 1140 1128 1163 1092 1506 1160 1312 1229 983 821 354 611 622 967 953 1258 1322 915 950 765 904 569 626 680 536 1313 800 1091 1829 816 1471 644 1474 1728 1019 247 1333 863 1196 680 827 859 1348 983 1118 502 1183 1318 502 560 638 321 871 1069 1155 643 753 419 460 1089 1423 1791 1045 547 1563 1469 1093 1176 618 1389 1053 1555 975 908 305 1459 1427 528 1530 777 627 1789 942 639
648 1446 1272 1477 994 1506 572 808 393 373 0 1189 1072 811 921 465 1546 1215 899 1644 819 1454 1253 1143 1379 845 1271 866 207 713 1468 1349 685 1217 1143 1106 1369 617 456 1336 952 514 851 390 520 791 1150 929 1267 862 1424 1417 814 349 888 1325 1056 712 899 1131 1078 1396 838 1123 691 1127 447 1157 825 1402 899 304 821 1427 1105 260 1485 517 1082 972 1376 1175 1509 820 1116 1584 904 1526 1198 828 1179 1023 389 863 936 186 549 1050 863 1216 537 1043 1361 1054 787 1592 1346 1556 334 1125 1379 1553 1060 1126 1605 380 900 916 1352 969 1695 1349 1500 1010 1172 697 515 800 811 1156 741 1040 1510 701 1138 970 1092 758 814 868 346 1501 994 1279 1826 443 1660 832 1109 1516 1208 436 1521 650 1384 551 703 1048 1537 1172 1307 732 970 1104 347 476 827 562 735 760 1344 837 685 138 305 793 1420 1573 1234 778 1344 1257 1282 1364 807 1175 1242 1341 1164 785 498 1422 1616 692 1463 971 412 1571 646 828
797 1554 808 1484 1387 1513 745 747 1138 1000 1189 0 1431 770 928 1068 1553 1818 1654 2362 1235 1434 2086 328 2112 1291 2026 1645 1201 644 522 885 633 1936 1898 1120 1971 1372 866 2054 487 781 1235 945 1123 682 1824 1647 1274 738 1431 1424 1230 967 1690 861 1849 1342 1315 1138 278 1404 1253 564 1446 1882 863 1696 1580 2157 1423 1049 743 1194 1837 982 1277 876 1601 895 2095 1694 1534 759 646 1376 1650 2258 1029 1470 1698 1778 851 446 1249 1020 913 1980 1618 1223 805 1798 2080 1657 1311 1576 1131 1308 1057 217 1982 2308 1815 1133 1575 1103 1646 1634 1359 1488 1672 1356 1508 1743 1179 1221 835 814 818 201 1459 1772 1249 1457 1130 500 1100 770 397 876 1069 1508 542 1287 2166 1329 1667 766 1988 2234 563 765 1271 1405 1392 1186 1333 1055 839 742 1134 761 1725 1859 1033 1070 834 733 1377 1575 1328 670 1288 1100 1104 1595 1672 2305 278 585 2077 1975 709 1372 814 1930 1249 2096 1171 1414 814 1189 1623 1066 2006 478 1161 2303 1448 809
1258 2150 750 2080 83 2110 1079 1450 1368 1196 1072 1431 0 908 1524 1397 2149 2146 1756 2108 405 2057 1929 1164 1858 424 2129 1391 1266 1043 1856 630 1195 1359 2000 1716 2300 1474 1265 1238 1229 1255 1772 1320 1451 904 913 1393 1871 894 2027 2021 400 1247 1436 667 1595 679 520 1734 1543 2000 335 920 1549 1984 1260 665 1683 2259 577 1171 854 557 1583 1068 2089 1148 571 840 1841 664 2130 1462 825 2188 1396 2004 419 1216 668 1880 1197 1376 1845 1079 1091 1726 1721 1820 1223 1900 1556 1985 465 2196 1950 2160 1296 1461 2311 2131 1918 1730 2208 1341 1392 1215 1955 458 2298 1953 2104 1488 1775 497 1097 1410 1415 1532 1205 1518 2114 1559 1742 1246 1696 1375 1327 1472 1308 2105 901 1883 2749 1075 2263 1469 1734 1980 1721 1244 2125 1508 1988 741 665 1652 2054 1684 1910 1390 1828 1962 1278 831 1430 1255 1123 1321 1948 926 1617 1128 978 1341 2269 2051 1604 1316 1823 1536 1795 1968 1410 2033 1845 2199 1767 672 1298 532 2219 1511 2394 965 1387 2049 1194 1405
679 1579 762 1509 830 1538 285 879 1125 617 811 770 908 0 953 1050 1578 1800 1617 1969 557 1486 1790 637 1719 613 1990 1252 995 224 1195 839 624 1543 1861 1145 1953 1335 786 1581 490 677 1260 932 1104 88 1212 1254 1300 141 1456 1449 552 941 1297 815 1456 670 637 1163 882 1429 576 613 1410 1846 803 1018 1544 2120 745 601 100 1148 1444 874 1518 570 923 260 1702 1016 1559 890 606 1617 1257 1865 973 1077 1020 1741 743 805 1274 882 512 1587 1582 1248 644 1762 1687 1638 633 1624 1378 1588 1045 800 1964 1992 1779 1158 1637 1090 1253 1241 1384 810 1727 1381 1533 1350 1204 543 369 839 843 871 1066 1379 1543 1420 1171 507 1125 804 756 901 1057 1534 484 1312 2191 936 1692 897 1595 1841 1149 734 1554 1369 1417 733 661 1080 1483 1113 1339 818 1689 1823 1020 677 859 683 984 1182 1376 116 1270 857 711 1202 1697 1912 943 744 1684 1582 1223 1397 839 1894 1274 2060 1196 743 730 1143 1648 1038 2031 461 1148 1910 1055 834
625 770 1414 700 1446 810 723 449 870 732 921 928 1524 953 0 800 769 1345 1385 2185 1271 868 1817 1168 1872 1298 1758 1415 932 855 1207 1491 545 1758 1629 437 1247 1103 598 1877 1017 597 712 676 854 933 1646 1470 556 1004 647 640 1266 699 1513 1467 1672 1164 1352 354 817 620 1290 1266 1178 1614 595 1609 1312 1888 1351 789 963 1801 1598 713 899 650 1534 1123 1893 1627 750 444 1258 998 1420 2019 1635 1293 1631 1509 582 602 648 751 727 1745 1350 439 620 1530 1902 1340 1239 1006 739 970 789 863 1264 2040 1547 538 1019 835 1417 1457 575 1421 1109 572 724 1503 392 1149 742 372 349 895 1281 1532 924 1188 551 1030 422 367 553 201 801 724 1136 502 1382 1152 883 501 1748 2057 947 497 935 1137 608 1008 1155 271 952 827 721 580 1457 1591 765 893 248 568 1200 1345 758 979 956 832 926 1418 888 2066 973 540 1837 1798 1021 588 141 1662 465 1828 438 1237 546 1795 839 741 1255 1113 893 2063 1271 293
656 1017 1511 1356 1319 1385 820 687 209 533 465 1068 1397 1050 800 0 1425 750 796 1611 1143 1333 1228 1308 1282 1170 1168 826 403 952 1347 1588 618 1302 1040 741 903 514 341 1420 1157 477 441 178 55 1030 1235 1013 1146 1100 1142 1296 1139 192 988 1564 1116 1036 1224 1010 957 1276 1162 1362 588 1024 259 1470 722 1299 1223 549 1060 1752 1008 402 1365 480 1406 1220 1303 1474 1081 699 1355 1463 830 1429 1522 1010 1476 920 357 743 525 317 558 1155 760 1095 500 940 1446 588 1111 1471 1225 1435 145 1004 914 1450 957 1005 1484 157 827 1000 1231 1293 1574 1228 1380 913 862 1022 787 593 628 1035 825 942 1389 588 1018 1170 845 637 693 748 153 1290 1233 1158 1398 743 1539 712 1159 1493 1087 351 1400 547 1096 890 1028 911 1416 1051 1186 636 867 1001 162 876 705 500 1079 756 1223 1076 220 372 705 893 992 1476 1113 668 1247 1341 1161 1044 686 1072 1121 1238 1043 1109 436 1746 1229 336 997 1210 215 1473 787 707
1250 904 2039 682 2071 398 1348 1073 1495 1357 1546 1553 2149 1578 769 1425 0 1477 2010 2810 1896 932 2442 1793 2497 1923 2383 2040 1557 1480 1542 2116 1170 2383 2254 803 1377 1728 1223 2502 1642 1222 1175 1301 1471 1558 2271 2094 343 1629 791 276 1891 1324 2138 2092 2297 1789 1976 484 1442 294 1915 1890 1803 2238 1220 2234 1937 2513 1976 1414 1588 2425 2222 1338 1139 1275 2159 1748 2518 2252 880 1069 1883 1214 2045 2643 2260 1918 2256 2134 1207 1227 1041 1376 1352 2369 1975 626 1245 2154 2527 1582 1864 836 954 1205 1414 1488 1394 2664 2172 735 978 1460 2041 2082 199 2046 948 197 45 2128 758 1774 1367 977 954 1520 1906 2157 1164 1813 747 1654 788 992 1178 826 1426 766 1761 642 1527 1776 202 1126 2373 2682 1414 1122 1175 1762 738 1633 1780 601 1192 1216 960 1204 2082 2216 1389 1518 864 1193 1825 1970 926 1604 1371 1456 1551 2043 1032 2690 1597 1165 2462 2423 1451 718 766 2287 600 2453 632 1862 1170 2420 962 1366 1386 1738 1518 2688 1895 918
1406 728 2261 1203 2068 1668 1570 1420 959 1282 1215 1818 2146 1800 1345 750 1477 0 1546 2361 1893 2064 1978 2058 2032 1920 1918 1576 1153 1702 2097 2338 1367 2051 1789 971 153 1264 1091 2170 1907 1227 946 928 731 1780 1985 1763 1419 1850 853 1293 1888 942 1738 2313 1866 1786 1974 1006 1707 1272 1912 2112 1338 1774 1009 2220 1472 2049 1973 1299 1810 2502 1758 1152 2096 1230 2156 1970 2053 2223 792 1432 2105 2195 1580 2179 2272 1760 2226 1669 1107 1492 876 1067 1308 1905 1510 923 1250 1690 2195 282 1861 2105 1917 2166 895 1754 164 2200 1707 1734 2215 906 1577 1750 1284 2043 2217 1281 1432 1663 1092 1771 1537 1157 1176 1785 1575 1692 2121 1338 1746 1920 1075 1358 1443 1403 903 1001 1983 911 727 1493 1591 1455 1908 2243 1837 1101 2132 1297 811 1640 1777 1157 2147 1801 1917 1386 1617 1751 912 1626 1226 1250 1829 1506 1954 1825 604 1122 1455 1643 702 2226 1863 1418 1997 2091 1911 759 1343 1822 897 1988 1505 1859 1186 2496 940 1073 248 1960 965 2223 1537 1343
1241 1776 2078 1942 1678 1971 1382 1273 612 1112 899 1654 1756 1617 1385 796 2010 1546 0 1741 1503 1918 959 1894 1112 1530 766 955 817 1520 1932 2092 1203 1431 502 1487 1699 504 932 1549 1736 1062 1186 741 850 1597 1364 1142 1732 1668 1888 1882 1498 709 1117 2130 1245 1396 1583 1595 1543 1861 1522 1930 488 628 847 1636 323 865 1583 1068 1628 2112 1137 874 1950 1065 1732 1680 1433 1648 1840 1284 1922 2049 960 1558 1882 1140 1644 307 922 1328 1271 781 1143 970 445 1681 1085 190 1575 1384 1471 2057 1811 2021 655 1589 1710 1016 554 1591 2069 658 956 1130 1816 1653 2159 1814 1965 1043 1608 1381 1325 1264 1276 1621 954 1072 1975 321 1603 1751 1557 1223 1279 1333 655 1966 1801 1744 2156 884 2124 1297 961 1623 1673 942 1986 311 1845 1248 1387 1513 2001 1636 1771 1222 393 605 685 1195 1291 1087 1261 885 1809 1643 1016 805 1128 1022 1750 1578 1698 1254 1377 1470 1747 1803 1272 676 1706 842 1628 1469 1024 2106 1988 1030 1793 1777 620 1576 917 1293
1919 2592 2430 2741 2030 2770 1740 2080 1428 1857 1644 2362 2108 1969 2185 1611 2810 2361 1741 0 1855 2718 1341 2301 1232 1882 2113 1245 1557 1872 2641 2444 1856 874 1985 2303 2515 1459 1748 962 2100 1878 2002 1557 1666 1949 1263 752 2532 2020 2688 2682 1850 1525 859 2482 789 1748 1936 2395 2252 2661 1874 2282 1533 1969 1662 1511 1667 1721 1935 1838 1980 2464 917 1689 2750 1809 1637 2032 341 1501 2656 2092 2274 2849 1033 706 2234 1152 1519 1865 1738 2037 2087 1597 1752 1109 1596 2480 1877 1885 744 2200 1823 2856 2610 2820 1471 2298 2525 1506 1902 2391 2869 1474 996 998 2616 1751 2959 2613 2765 788 2416 1733 1758 2071 2075 2329 914 893 2775 1544 2403 2118 2357 2027 1988 2133 1471 2766 2153 2544 2972 1246 2924 2099 1109 210 2382 1758 2786 1492 2648 1600 1739 2312 2715 2345 2571 2035 1812 1946 1500 1547 2091 1901 1300 1175 2608 1995 1832 1621 1480 965 2566 1103 2407 1976 548 757 2456 2610 2071 2017 2506 2183 2428 1821 1840 2458 2804 1846 2609 2129 1436 1068 1057 2066
1005 1897 800 1827 326 1856 752 1197 1115 942 819 1235 405 557 1271 1143 1896 1893 1503 1855 0 1804 1675 1101 1604 78 1876 1138 1013 691 1659 680 942 1279 1747 1463 2047 1221 1012 1158 954 1002 1519 1067 1198 552 833 1140 1618 543 1774 1768 5 994 1183 717 1342 425 183 1481 1326 1747 70 970 1296 1731 1007 585 1430 2006 296 918 502 699 1330 815 1836 895 490 488 1587 584 1877 1208 875 1935 1143 1751 469 963 587 1627 944 1123 1592 826 838 1473 1467 1566 970 1647 1476 1732 183 1942 1696 1906 1042 1264 2057 1878 1664 1477 1955 1088 1139 1127 1702 377 2045 1699 1851 1235 1522 233 824 1157 1161 1335 951 1264 1861 1306 1489 971 1443 1122 1074 1219 1054 1852 948 1630 2496 822 2010 1215 1481 1727 1468 991 1872 1254 1735 488 411 1398 1801 1431 1657 1137 1575 1709 1025 578 1177 1001 870 1068 1694 575 1364 875 725 1088 2015 1798 1407 1062 1569 1455 1542 1715 1157 1780 1592 1946 1514 391 1045 693 1966 1258 2141 925 1134 1795 941 1152
1158 1493 1947 1424 1979 700 1256 986 1403 1265 1454 1434 2057 1486 868 1333 932 2064 1918 2718 1804 0 2350 1690 2405 1831 2291 1948 1465 1388 1048 2024 1078 2291 2162 1159 1970 1636 1131 2410 1550 1130 1344 1209 1387 1466 2179 2002 817 1537 1370 1070 1799 1232 2046 2000 2205 1697 1884 1078 1342 1174 1823 1798 1711 2146 1128 2142 1845 2421 1884 1322 1496 2333 2130 1246 443 1183 2067 1656 2426 2160 1473 986 1791 428 1953 2551 2167 1826 2164 2042 1115 1135 1358 1284 1260 2277 1883 1163 1153 2062 2435 1921 1772 230 592 432 1322 1350 1987 2572 2080 603 229 1367 1949 1990 936 1954 320 934 941 2036 1113 1682 1275 922 927 1289 1814 2065 478 1721 590 1562 1143 903 1086 815 1334 1448 1669 1226 2106 1684 856 1039 2281 2589 1028 1029 456 1670 1331 1541 1688 995 697 875 372 1112 1990 2124 1297 1426 862 1101 1733 1878 114 1512 1553 1364 1459 1951 1612 2598 1256 1073 2370 2331 1134 1311 754 2195 1188 2361 713 1770 1078 2328 1563 1274 1979 1646 1426 2596 1803 835
1673 2208 2251 2374 1851 2403 1560 1705 1044 1544 1253 2086 1929 1790 1817 1228 2442 1978 959 1341 1675 2350 0 2121 286 1702 1030 644 1167 1692 2365 2265 1635 1603 913 1919 2131 848 1364 1722 1921 1494 1619 1173 1282 1770 1536 1082 2164 1840 2320 2314 1671 1141 1004 2302 945 1569 1756 2028 1975 2293 1694 2102 725 916 1279 1808 684 449 1755 1500 1800 2284 449 1306 2382 1497 1904 1852 1033 1820 2272 1716 2095 2481 724 881 2054 1312 1816 830 1354 1760 1703 1213 1561 362 531 2113 1517 820 1558 1816 1643 2489 2243 2453 1087 2021 2142 519 696 2023 2501 1090 688 1302 2248 1825 2592 2246 2397 613 2040 1554 1578 1696 1708 2053 1126 549 2407 853 2035 1938 1989 1655 1711 1765 1087 2398 1973 2176 2588 1028 2556 1729 353 1223 2105 1374 2418 782 2277 1420 1560 1945 2433 2069 2203 1655 777 894 1117 1367 1723 1519 1434 665 2241 1816 1448 1237 1301 884 2182 810 2131 1686 887 1337 2179 2235 1704 946 2138 1131 2060 1641 1456 2278 2420 1462 2225 1950 1052 807 861 1725
935 1794 540 1724 1119 1753 611 987 1378 949 1143 328 1164 637 1168 1308 1793 2058 1894 2301 1101 1690 2121 0 2050 1157 2266 1584 1327 511 792 617 819 1874 2138 1360 2212 1612 1091 1993 355 961 1475 1185 1363 548 1750 1585 1515 604 1671 1665 1096 1208 1629 593 1788 1214 1181 1378 519 1644 1120 280 1686 2122 1104 1513 1820 2397 1289 933 609 927 1776 1201 1548 901 1418 760 2033 1512 1774 999 378 1647 1589 2197 761 1409 1515 2018 1075 686 1489 1214 844 1918 1858 1463 976 2038 2018 1897 1177 1832 1385 1578 1298 437 2222 2324 2055 1373 1836 1343 1585 1573 1599 1305 1929 1596 1748 1681 1419 1087 701 1054 1058 472 1397 1710 1520 1697 1370 372 1340 1010 637 1116 1310 1749 274 1527 2406 1268 1907 1006 1927 2173 834 1005 1542 1645 1632 1124 1206 1295 1110 1000 1404 999 1965 2100 1273 1009 1074 914 1316 1514 1584 537 1529 1189 1042 1534 1912 2244 549 825 2015 1914 979 1612 1054 2171 1489 2337 1411 1287 1042 921 1863 1307 2246 210 1401 2241 1387 1049
1668 2263 2180 2428 1780 2457 1489 1759 1098 1598 1379 2112 1858 1719 1872 1282 2497 2032 1112 1232 1604 2405 286 2050 0 1631 1133 890 1293 1621 2390 2194 1605 1532 1016 1974 2186 1094 1419 1651 1849 1549 1673 1228 1337 1699 1465 1035 2219 1769 2374 2368 1600 1196 1011 2231 836 1497 1685 2082 2001 2348 1623 2031 971 1019 1333 1737 930 552 1684 1554 1729 2213 340 1360 2437 1552 1833 1781 924 1749 2327 1771 2024 2536 731 772 1983 1241 1745 933 1408 1786 1758 1267 1501 497 777 2167 1572 922 1450 1871 1572 2543 2297 2507 1142 2047 2196 301 798 2077 2556 1145 694 1231 2303 1754 2646 2300 2452 504 2095 1482 1507 1751 1762 2079 1055 522 2462 1099 2090 1867 2044 1709 1737 1820 1142 2453 1902 2231 2643 976 2611 1784 449 1114 2131 1429 2473 1028 2331 1349 1489 1999 2464 2095 2258 1709 880 996 1171 1296 1778 1573 1362 873 2295 1745 1503 1292 1229 891 2237 582 2156 1723 778 1228 2205 2289 1758 1049 2193 1234 2115 1570 1511 2207 2474 1517 2280 1879 1107 580 992 1767
1032 1924 820 1854 346 1883 809 1224 1141 969 845 1291 424 613 1298 1170 1923 1920 1530 1882 78 1831 1702 1157 1631 0 1902 1165 1040 747 1716 699 969 1283 1774 1490 2073 1248 1038 1162 1010 1029 1545 1094 1225 609 837 1166 1644 599 1801 1794 73 1021 1209 737 1369 424 251 1508 1364 1774 131 990 1322 1758 1034 589 1456 2033 280 944 559 719 1357 842 1863 922 494 545 1614 588 1904 1235 895 1961 1169 1778 489 990 592 1654 971 1150 1619 853 865 1499 1494 1593 996 1674 1480 1759 167 1969 1723 1933 1069 1321 2084 1905 1691 1503 1982 1115 1166 1121 1729 382 2072 1726 1877 1262 1549 252 867 1183 1188 1392 978 1291 1887 1333 1516 1028 1470 1148 1100 1246 1081 1878 971 1656 2522 848 2037 1242 1507 1753 1494 1018 1898 1281 1762 515 401 1425 1828 1458 1684 1163 1601 1735 1051 604 1204 1028 897 1094 1721 631 1390 902 752 1114 2042 1825 1464 1089 1596 1457 1568 1742 1184 1806 1619 1972 1541 375 1071 713 1993 1284 2167 982 1161 1822 967 1179
1613 2148 2451 2314 2051 2343 1754 1645 984 1484 1271 2026 2129 1990 1758 1168 2383 1918 766 2113 1876 2291 1030 2266 1133 1902 0 1327 1189 1892 2305 2465 1576 1803 264 1859 2071 876 1305 1922 2108 1434 1559 1113 1223 1970 1736 1515 2104 2040 2260 2254 1871 1082 1490 2502 1618 1769 1956 1968 1915 2234 1894 2302 871 147 1219 2008 872 886 1956 1440 2000 2484 1410 1246 2323 1438 2105 2052 1805 2020 2212 1657 2295 2421 1332 1842 2254 1512 2016 496 1294 1701 1643 1153 1515 1365 993 2053 1458 582 1947 1757 1843 2429 2183 2393 1028 1962 2082 1037 375 1963 2442 1031 1329 1502 2189 2025 2532 2186 2337 1415 1980 1754 1697 1637 1648 1993 1327 1444 2347 748 1976 2124 1930 1595 1651 1706 1028 2338 2173 2116 2529 1257 2497 1669 1355 1995 2045 1315 2358 693 2217 1620 1760 1885 2374 2009 2144 1595 509 181 1057 1567 1664 1459 1634 1257 2181 2016 1388 1178 1501 1394 2123 1668 2071 1626 1749 1843 2119 2175 1644 135 2079 325 2001 1841 1396 2478 2360 1403 2165 2150 992 1665 1289 1665
1202 1806 1713 1972 1313 2001 1023 1303 642 1139 866 1645 1391 1252 1415 826 2040 1576 955 1245 1138 1948 644 1584 890 1165 1327 0 779 1154 1924 1727 1139 1066 1199 1517 1729 673 962 1184 1383 1092 1217 771 880 1232 999 621 1762 1303 1918 1912 1133 739 476 1765 564 1031 1218 1626 1534 1891 1157 1565 713 1183 877 1270 736 1066 1218 1098 1262 1746 669 904 1980 1091 1367 1314 937 1283 1870 1314 1557 2079 278 1141 1517 774 1279 1079 952 1320 1301 811 1035 441 583 1711 1115 1099 1200 1414 1106 2087 1841 2051 685 1581 1740 1123 1116 1621 2099 688 275 764 1846 1288 2189 1844 1995 627 1638 1016 1041 1294 1306 1612 589 469 2005 758 1633 1401 1587 1253 1270 1363 685 1996 1435 1774 2186 490 2154 1327 500 1127 1664 972 2016 706 1875 883 1022 1543 1998 1628 1801 1253 1027 1161 715 830 1321 1117 896 127 1839 1278 1046 835 763 381 1780 1137 1690 1258 960 983 1738 1833 1302 1232 1736 1398 1658 1104 1054 1741 2018 1060 1823 1412 650 1134 323 1301
713 1384 1456 1488 1188 1517 756 819 304 557 207 1201 1266 995 932 403 1557 1153 817 1557 1013 1465 1167 1327 1293 1040 1189 779 0 898 1479 1533 706 1131 1061 1090 1307 535 477 1249 1137 534 790 328 458 975 1064 842 1279 1046 1435 1429 1008 291 801 1509 969 906 1094 1142 1090 1408 1032 1308 609 1045 426 1306 744 1320 1093 488 1005 1622 1019 344 1497 537 1276 1166 1290 1310 1447 831 1300 1596 817 1440 1392 839 1312 941 409 875 874 269 615 964 781 1227 557 961 1275 992 981 1603 1358 1567 264 1136 1317 1471 978 1138 1616 310 814 829 1363 1163 1706 1360 1512 924 1183 891 699 811 822 1168 654 953 1522 620 1150 1154 1104 770 826 880 276 1513 1178 1291 1764 357 1671 844 1022 1429 1220 456 1533 568 1396 754 897 1059 1548 1183 1318 748 889 1023 285 683 838 583 833 673 1355 1021 623 223 512 706 1358 1487 1245 798 1258 1170 1294 1376 818 1094 1253 1260 1175 979 519 1616 1595 633 1401 1155 323 1484 559 839
545 1481 640 1411 964 1441 182 781 1027 519 713 644 1043 224 855 952 1480 1702 1520 1872 691 1388 1692 511 1621 747 1892 1154 898 0 1069 717 526 1445 1763 1047 1855 1238 688 1563 364 579 1162 834 1007 190 1329 1156 1202 275 1358 1352 686 843 1199 693 1359 804 771 1065 722 1331 710 491 1312 1748 705 1152 1446 2023 879 504 234 1026 1346 776 1420 472 1057 394 1604 1151 1461 793 484 1519 1159 1767 860 980 1155 1644 645 707 1176 785 415 1489 1484 1151 546 1664 1589 1541 767 1527 1281 1491 947 674 1866 1894 1681 1061 1539 993 1156 1144 1286 944 1629 1284 1435 1252 1106 677 272 741 746 745 968 1281 1445 1322 1073 381 1027 706 658 803 959 1436 362 1214 2094 838 1594 800 1497 1743 1052 636 1456 1271 1319 695 796 983 1385 1015 1241 721 1591 1725 923 579 761 586 887 1084 1279 243 1172 759 613 1104 1600 1814 817 647 1586 1484 1126 1299 741 1796 1176 1962 1098 877 633 1021 1550 940 1933 339 1050 1812 957 736
1076 1832 1232 1763 1812 1490 1107 1026 1417 1279 1468 522 1856 1195 1207 1347 1542 2097 1932 2641 1659 1048 2365 792 2390 1716 2305 1924 1479 1069 0 1310 912 2214 2176 1398 2250 1651 1145 2333 904 1060 1514 1223 1402 1107 2102 1926 1251 1163 1709 1528 1654 1246 1969 1285 2128 1620 1740 1417 431 1631 1678 989 1725 2161 1142 2066 1859 2436 1807 1336 1167 1619 2116 1260 886 1155 1990 1320 2373 2083 1812 1037 1070 984 1929 2537 1453 1749 2087 2056 1129 604 1528 1299 1191 2259 1897 1502 1083 2077 2358 1935 1695 1195 907 894 1336 432 2261 2587 2094 939 1183 1382 1925 1913 1394 1877 1280 1391 1542 2021 1457 1605 1198 1092 1097 372 1738 2051 835 1735 926 917 1378 1049 654 1128 1348 1787 967 1565 2445 1608 1702 1044 2267 2513 323 1044 857 1684 1670 1464 1611 1334 448 502 742 1040 2004 2138 1312 1349 1112 1012 1656 1854 938 1095 1567 1379 1382 1874 1951 2584 338 864 2355 2254 468 1650 1093 2209 1527 2375 1148 1693 1093 1613 1902 1345 2284 903 1440 2582 1727 1088
1217 2117 204 2047 585 2076 818 1417 1663 1155 1349 885 630 839 1491 1588 2116 2338 2092 2444 680 2024 2265 617 2194 699 2465 1727 1533 717 1310 0 1162 1695 2336 1683 2491 1810 1324 1575 682 1215 1798 1470 1643 751 1249 1729 1838 801 1994 1988 675 1479 1772 121 1931 1000 796 1701 996 1967 611 374 1885 2321 1341 1002 2019 2595 865 1139 806 393 1919 1405 2056 1108 907 792 2177 1000 2097 1428 279 2155 1732 2340 227 1552 1004 2216 1281 1164 1812 1414 1051 2062 2057 1786 1182 2237 1892 2176 753 2162 1862 2095 1583 915 2502 2467 2254 1697 2175 1628 1728 1551 1922 794 2265 1919 2071 1825 1742 818 908 1377 1381 985 1541 1854 2037 1895 1709 700 1663 1342 1115 1439 1595 2072 355 1850 2729 1411 2230 1435 2070 2316 1351 1272 2059 1844 1955 1078 977 1618 1627 1493 1877 1357 2164 2298 1558 1167 1397 1221 1459 1657 1914 733 1808 1395 1249 1677 2235 2387 1058 1279 2159 1872 1480 1935 1377 2369 1812 2535 1734 960 1268 387 2186 1576 2569 419 1686 2385 1530 1372
228 1170 1085 1101 1117 1130 394 315 688 444 685 633 1195 624 545 618 1170 1367 1203 1856 942 1078 1635 819 1605 969 1576 1139 706 526 912 1162 0 1429 1447 737 1521 921 384 1548 641 183 852 494 672 604 1317 1140 891 674 1047 1041 937 510 1184 1138 1343 835 1022 755 522 1020 961 936 996 1431 386 1280 1130 1706 1022 513 634 1471 1331 478 1109 279 1205 794 1588 1298 1150 326 929 1208 1143 1752 1305 964 1302 1327 342 307 866 517 357 1473 1167 840 208 1347 1573 1206 910 1216 906 1180 607 568 1532 1857 1365 750 1229 652 1140 1128 976 1092 1319 973 1124 1236 796 820 413 430 435 600 952 1265 1134 1006 762 653 717 340 258 492 619 1125 807 903 1783 822 1284 333 1481 1727 652 289 1145 954 1008 679 826 672 986 616 931 212 1275 1409 582 564 451 136 871 1069 968 650 838 596 597 1088 1289 1799 678 156 1570 1469 726 988 431 1480 865 1646 788 908 277 1466 1240 597 1605 784 711 1796 941 404
1492 2282 1816 2315 1281 2344 1313 1684 1118 1430 1217 1936 1359 1543 1758 1302 2383 2051 1431 874 1279 2291 1603 1874 1532 1283 1803 1066 1131 1445 2214 1695 1429 0 1675 1950 2205 1149 1438 137 1673 1489 1692 1247 1356 1522 611 657 2105 1593 2261 2255 1274 1215 808 1733 854 1168 1400 1968 1825 2234 1215 1855 1223 1659 1352 718 1357 1934 1356 1411 1553 1715 1256 1309 2323 1382 844 1590 766 709 2346 1696 1848 2422 1070 1158 1485 645 726 1555 1424 1610 1777 1287 1325 1395 1395 2054 1457 1575 247 1890 1268 2430 2184 2394 1161 1871 2216 1806 1592 1964 2442 1164 1067 377 2189 958 2532 2187 2338 1132 2009 1289 1331 1644 1649 1903 566 1192 2348 1234 1976 1691 1930 1609 1561 1706 1161 2339 1726 2117 2662 819 2497 1703 1394 739 1955 1448 2359 1182 2222 1097 1180 1886 2288 1918 2144 1624 1502 1637 1191 1082 1664 1489 718 996 2182 1568 1522 1297 1053 913 2256 1555 1980 1550 896 489 2029 2202 1645 1708 2079 1874 2001 1277 1528 1709 2453 1536 2299 1703 1126 1520 850 1639
1485 2020 2322 2185 1922 2214 1626 1516 856 1356 1143 1898 2000 1861 1629 1040 2254 1789 502 1985 1747 2162 913 2138 1016 1774 264 1199 1061 1763 2176 2336 1447 1675 0 1731 1943 748 1176 1793 1980 1306 1430 985 1094 1841 1608 1386 1976 1912 2131 2126 1742 953 1361 2374 1489 1640 1827 1839 1787 2105 1766 2174 742 360 1090 1880 743 769 1827 1312 1871 2356 1293 1117 2194 1309 1976 1923 1677 1892 2084 1528 2166 2293 1204 1725 2126 1383 1888 232 1166 1572 1515 1025 1387 1248 864 1924 1329 341 1819 1628 1715 2300 2055 2264 899 1833 1953 920 323 1835 2313 902 1200 1374 2060 1897 2403 2057 2209 1286 1852 1625 1569 1508 1519 1864 1198 1316 2219 619 1847 1995 1801 1467 1523 1577 899 2210 2044 1988 2400 1128 2368 1541 1239 1866 1917 1186 2230 565 2089 1492 1631 1756 2245 1880 2015 1466 380 381 928 1439 1535 1331 1505 1129 2052 1887 1260 1049 1372 1266 1994 1551 1942 1498 1620 1714 1991 2047 1515 215 1950 495 1872 1713 1268 2350 2232 1274 2037 2021 864 1549 1160 1536
817 665 1606 743 1638 920 915 622 900 917 1106 1120 1716 1145 437 741 803 971 1487 2303 1463 1159 1919 1360 1974 1490 1859 1517 1090 1047 1398 1683 737 1950 1731 0 1004 1205 783 2069 1209 777 391 789 709 1125 1838 1661 651 1196 690 683 1458 836 1679 1659 1807 1356 1543 397 1009 663 1482 1457 1279 1715 780 1801 1413 1990 1543 974 1155 1992 1699 898 1190 833 1726 1315 1995 1819 679 633 1450 1289 1522 2120 1826 1485 1823 1611 767 794 257 936 910 1846 1451 479 800 1631 2094 989 1431 1297 965 1261 836 1055 1019 2141 1648 784 1310 848 1518 1649 609 1613 1400 607 758 1605 140 1341 934 314 334 1087 1473 1634 1215 1279 796 1221 124 517 745 497 845 767 1328 494 1191 1343 917 665 1850 2185 1139 682 1226 1238 559 1200 1347 206 1243 1102 1012 719 1558 1693 853 1085 383 742 1392 1447 1049 1171 587 1017 1118 1584 812 2167 1164 728 1939 1990 1213 539 438 1764 504 1930 553 1429 725 1987 882 674 1012 1305 907 2165 1459 500
1559 628 2414 1103 2222 1568 1723 1499 1112 1436 1369 1971 2300 1953 1247 903 1377 153 1699 2515 2047 1970 2131 2212 2186 2073 2071 1729 1307 1855 2250 2491 1521 2205 1943 1004 0 1417 1244 2323 2060 1380 985 1081 884 1933 2138 1916 1319 2004 753 1193 2042 1096 1891 2467 2019 1940 2127 906 1861 1172 2066 2266 1491 1927 1162 2373 1625 2202 2127 1452 1963 2655 1911 1305 2002 1383 2310 2123 2207 2377 692 1510 2258 2101 1734 2332 2426 1914 2379 1823 1260 1646 915 1220 1461 2058 1663 823 1404 1843 2349 436 2015 2005 1841 2073 1048 1907 17 2353 1860 1639 2121 1060 1730 1904 1183 2197 2117 1181 1332 1817 1125 1925 1690 1191 1211 1938 1728 1846 2027 1491 1651 2073 1108 1394 1597 1304 1057 901 2136 810 619 1646 1491 1542 2062 2397 1991 1254 2038 1450 711 1793 1931 1087 2055 1930 1823 1539 1770 1905 1065 1779 1261 1403 1982 1659 1861 1979 758 1275 1609 1796 602 2379 2016 1571 2151 2244 2064 659 1244 1976 797 2142 1429 2012 1340 2650 840 1226 114 2113 1119 2377 1691 1378
