NAME: zurich_200_5
COMMENT: TSP instance with 200 nodes. City: Zurich, Switzerland, Seed: 47
TYPE: TSP
DIMENSION: 200
EDGE_WEIGHT_TYPE: EXPLICIT
EDGE_WEIGHT_FORMAT: FULL_MATRIX
NODE_COORD_SECTION:
1 47.4044931 8.5566525
2 47.3396616 8.528608
3 47.2490342 8.5315581
4 47.3657547 8.7924388
5 47.2327923 8.6567093
6 47.3002029 8.4511073
7 47.4985742 8.4096763
8 47.3884793 8.2922095
9 47.4193787 8.3162778
10 47.3569192 8.5291883
11 47.2660085 8.7350101
12 47.3814504 8.535909
13 47.4402029 8.4775332
14 47.2396906 8.7874329
15 47.3648057 8.5632803
16 47.2484952 8.605365
17 47.4922117 8.7186157
18 47.4813749 8.4477182
19 47.2641575 8.3419598
20 47.5170786 8.6464333
21 47.37039 8.3838345
22 47.3541268 8.2864019
23 47.3729442 8.5174083
24 47.5000953 8.3455779
25 47.381917 8.5435273
26 47.353375 8.2870416
27 47.3498954 8.378777
28 47.2536026 8.6099631
29 47.5476878 8.2907489
30 47.4359126 8.7678222
31 47.3784933 8.5257339
32 47.4048391 8.6293489
33 47.5426663 8.7298848
34 47.4138827 8.6004669
35 47.3168518 8.3869643
36 47.3444029 8.2817105
37 47.5160917 8.5936331
38 47.4037459 8.3960552
39 47.4265656 8.5669854
40 47.3664253 8.545065
41 47.4006198 8.6126023
42 47.4746328 8.5158366
43 47.3653542 8.5316519
44 47.4145993 8.5073762
45 47.4719358 8.6316757
46 47.3790306 8.4819668
47 47.5237774 8.7926394
48 47.4307631 8.7677089
49 47.3877137 8.6556556
50 47.3413339 8.301402
51 47.3452376 8.5283198
52 47.4022831 8.4395083
53 47.4220584 8.6368872
54 47.2475724 8.3671953
55 47.5470443 8.7106175
56 47.4899697 8.293173
57 47.4598406 8.639775
58 47.3891577 8.4317
59 47.5165516 8.3636592
60 47.4983158 8.7330239
61 47.4093167 8.3969299
62 47.2921992 8.7022711
63 47.3549457 8.7271983
64 47.4888077 8.7339676
65 47.3669792 8.7867888
66 47.4918517 8.5588678
67 47.439612 8.6281618
68 47.4299428 8.5638831
69 47.4103677 8.5954718
70 47.4496784 8.4581033
71 47.4098128 8.4971269
72 47.3459215 8.5761717
73 47.3738684 8.4839423
74 47.3468413 8.7111669
75 47.3584077 8.4972366
76 47.2614285 8.4227971
77 47.3891618 8.4859821
78 47.4032391 8.4479175
79 47.4808665 8.3205445
80 47.2314628 8.6342462
81 47.3422898 8.4002155
82 47.4712527 8.3052515
83 47.2544611 8.7955515
84 47.3858462 8.6659949
85 47.2876708 8.4296193
86 47.4437807 8.6389907
87 47.3488623 8.7168276
88 47.297139 8.5637978
89 47.1965333 8.6480931
90 47.4023739 8.3128599
91 47.4542468 8.5279435
92 47.5263018 8.730579
93 47.2706183 8.4401319
94 47.3819859 8.5162979
95 47.5177109 8.538674
96 47.3159041 8.5976256
97 47.4818202 8.4352929
98 47.2888722 8.3656137
99 47.3875787 8.6207068
100 47.3488068 8.3774731
101 47.3682516 8.533179
102 47.3878964 8.6924385
103 47.3242166 8.7563286
104 47.542133 8.6811687
105 47.4457061 8.6047587
106 47.4133635 8.7960102
107 47.4323592 8.676378
108 47.3997822 8.4953531
109 47.5055959 8.7124645
110 47.4013325 8.5931387
111 47.5202506 8.6748434
112 47.2107819 8.6213575
113 47.4416021 8.3670565
114 47.3424705 8.5309099
115 47.4545634 8.6313344
116 47.2126683 8.605289
117 47.3554381 8.2768223
118 47.4791291 8.3172522
119 47.3890506 8.4867435
120 47.5088502 8.5081078
121 47.2760016 8.4470265
122 47.2167309 8.6371745
123 47.287273 8.4295787
124 47.4270719 8.766983
125 47.2939506 8.5245513
126 47.4506893 8.3726781
127 47.432677 8.6883803
128 47.2789296 8.7659209
129 47.500448 8.4391578
130 47.2013819 8.4848556
131 47.4746527 8.6800183
132 47.3444345 8.5191755
133 47.2890968 8.6116613
134 47.2016746 8.4858753
135 47.4477543 8.6458397
136 47.2770846 8.6634952
137 47.5013423 8.4167445
138 47.4132413 8.5323285
139 47.3121926 8.5255745
140 47.526876 8.6213265
141 47.4697585 8.3308073
142 47.5477627 8.5135469
143 47.5078177 8.7123742
144 47.4093721 8.5537841
145 47.38945 8.5162604
146 47.4656878 8.4686212
147 47.3081562 8.7603657
148 47.406666 8.4790699
149 47.4576545 8.6374451
150 47.4550957 8.3855395
151 47.4949043 8.7308535
152 47.1948213 8.6552893
153 47.4759791 8.4509718
154 47.3173268 8.5302908
155 47.4011076 8.6153702
156 47.4131292 8.6020901
157 47.460134 8.3155148
158 47.3955126 8.4671431
159 47.4294178 8.6454227
160 47.3717557 8.5428364
161 47.3617659 8.7129578
162 47.5290777 8.784784
163 47.2550276 8.7180052
164 47.3852532 8.672419
165 47.5157703 8.7652492
166 47.3448818 8.2851978
167 47.3742739 8.4195771
168 47.4038963 8.5553565
169 47.4034009 8.5454681
170 47.3568231 8.5999526
171 47.4204601 8.5845129
172 47.3243657 8.6582052
173 47.2796093 8.7622079
174 47.4643456 8.4995167
175 47.5309197 8.5872333
176 47.4918745 8.7597771
177 47.2719814 8.4492218
178 47.3664407 8.5478521
179 47.5408458 8.6779098
180 47.3898025 8.3336217
181 47.2908314 8.6020666
182 47.5145272 8.5326197
183 47.2091577 8.7059959
184 47.4427381 8.4242621
185 47.2545994 8.7624736
186 47.3966651 8.3902052
187 47.2406178 8.6455516
188 47.3834663 8.6000101
189 47.3573615 8.7103566
190 47.4931447 8.3781882
191 47.4538739 8.3213796
192 47.5268683 8.324592
193 47.4689915 8.3194795
194 47.3985681 8.3448402
195 47.5522455 8.7948682
196 47.5514381 8.5642231
197 47.2259867 8.4613876
198 47.4487677 8.5293729
199 47.218424 8.6740769
200 47.2453355 8.6483768
EDGE_WEIGHT_SECTION:
0 701 1408 1027 1230 1066 1102 1636 1415 551 1464 302 549 1686 455 1064 797 873 1683 1055 1013 1540 442 1472 306 1534 1117 1142 1800 1018 361 411 1147 360 1301 1639 814 881 346 391 329 618 440 380 830 594 1184 1009 701 1713 651 690 442 1564 1072 1308 722 854 1377 903 831 1266 726 906 1033 637 594 319 313 652 551 641 563 832 632 1221 542 657 1277 1075 997 1108 1527 656 1223 654 796 922 1355 1557 501 1076 1072 364 694 966 978 1522 444 1097 402 619 1032 1032 524 1215 631 500 933 290 993 1239 933 667 690 1233 1631 1238 525 725 1138 1155 1229 1007 930 1041 606 1320 1044 1637 900 575 1194 1654 702 1400 1072 211 777 1155 1134 901 929 106 342 742 1092 566 703 969 922 1354 821 816 364 360 1108 609 502 393 683 1186 1542 582 1201 1586 807 22 113 748 382 1006 1348 628 1017 1075 1150 410 1064 1496 1081 681 1395 778 1539 932 1197 440 717 1310 1012 1591 1122 1312 1241 1135 1453 460 1345 1280
701 0 863 1613 706 683 1650 1252 1300 238 1502 497 1097 1826 488 539 1383 1421 1300 1641 960 1156 398 1619 506 1150 733 618 2011 1605 420 997 1733 956 917 1255 1401 872 938 334 915 1204 278 884 1416 644 1770 1595 1238 1329 81 792 1028 1180 1658 1440 1308 833 1761 1489 927 1291 1312 1492 1619 1223 1180 912 907 1200 905 648 592 1418 509 838 607 835 1409 551 614 1240 1720 1218 840 1241 1383 397 831 1252 1087 1662 688 472 1280 909 1526 1139 936 713 323 1205 1610 1618 1110 1801 1217 671 1519 886 1579 715 1065 35 1276 709 1248 1370 597 1311 755 631 845 1594 385 1173 1193 1488 1592 1254 1486 228 1137 1271 1288 1379 1621 768 232 1741 1266 1488 1516 725 582 1291 1483 801 1289 1240 1508 830 1370 271 950 956 1239 717 1088 392 1269 1772 1570 1168 1787 1202 683 707 668 783 973 1028 1461 1214 1603 1662 766 382 1651 1116 1024 1267 871 1241 1640 896 673 734 1303 1858 1144 1802 1254 1200 1828 1721 1069 1046 821 756
1408 863 0 2320 936 648 2074 1660 1708 1011 2299 1204 1521 2624 1286 805 2090 1845 1187 2349 1369 1564 1073 2027 1218 1558 1141 884 2419 2312 1117 1704 2440 1664 992 1663 2108 1280 1646 1131 1622 1885 1041 1566 2123 1166 2477 2302 1995 1626 918 1200 1735 977 2365 1848 2015 1241 2169 2196 1335 2089 2020 2199 2326 1931 1887 1620 1615 1624 1584 1446 1114 2125 1178 670 1249 1243 1817 780 1022 1648 2517 1950 632 1948 2090 816 876 1660 1768 2369 554 1147 1988 1706 1950 1026 1731 1121 1075 1913 2326 2325 1818 2508 1924 1342 2227 1593 2286 606 1473 872 1983 518 1656 1778 1239 2018 526 725 637 2301 500 1581 1900 2285 2016 662 2193 916 1934 679 1996 2176 2045 1469 632 2449 1674 2195 2223 1432 1257 1714 2281 1472 1997 1648 2215 892 1793 731 1657 1663 1647 1353 1796 1162 1976 2479 2368 1876 2495 1610 1091 1415 1375 1580 1680 1825 2258 1719 2310 2369 512 1179 2358 1524 1821 1975 1119 1725 2437 1304 902 1531 2011 2282 1552 2210 1662 1608 2535 2428 560 1727 968 986
1027 1613 2320 0 2142 1978 1837 2415 2150 1463 1098 1214 1284 1194 1337 1976 1011 1608 2592 1270 1748 2319 1354 2207 1218 2313 1896 2054 2536 624 1273 752 1362 911 2080 2418 1511 1616 1097 1303 892 1353 1352 1334 1269 1516 1399 583 668 2492 1563 1522 829 2476 1286 2043 1157 1604 2112 1117 1566 945 396 1121 73 1372 1005 1078 896 1387 1473 1333 1486 506 1544 2133 1465 1474 2012 1987 1776 1844 1034 634 2135 1061 471 1834 2267 2292 1236 1291 1984 1287 1429 1268 1713 2373 928 1876 1314 549 604 1247 1149 426 783 1423 1148 1017 1207 2151 1668 1579 1119 2145 2410 1973 1447 1460 2050 2067 2141 540 1842 1776 752 910 1779 2549 1069 1487 1397 2566 1023 1125 1808 1172 1689 1486 1869 1637 1144 1061 1265 1478 679 1489 1135 1704 1137 2266 1556 1728 872 911 1843 1531 899 1305 464 1400 1177 588 1361 2365 1542 1033 1081 1135 1054 976 938 1363 1609 1087 2062 1322 1279 2231 1427 1416 2307 1525 1129 1668 2109 1032 499 2045 1747 2326 1857 2048 1456 1756 2365 1195 2257 2192
1230 706 936 2142 0 1172 2155 1742 1789 832 2121 1026 1597 2446 1107 310 1912 1927 1789 2170 1450 1645 895 2108 1040 1640 1222 388 2501 2134 939 1526 2262 1486 1407 1745 1930 1362 1467 953 1444 1733 862 1407 1945 1141 2299 2124 1817 1819 760 1281 1557 1670 2187 1930 1837 1323 2251 2018 1416 1911 1841 2021 2148 1753 1709 1442 1436 1706 1406 1268 1082 1947 1000 1327 1104 1324 1898 157 1103 1730 2339 1772 1329 1770 1912 675 404 1741 1616 2191 1177 969 1809 1528 2031 1628 1553 1203 897 1734 2148 2147 1640 2330 1746 1168 2049 1415 2108 358 1554 714 1805 436 1737 1860 1094 1840 1244 274 1335 2123 782 1662 1722 2107 2097 1202 2015 782 1756 1219 1818 1998 2126 1291 659 2271 1755 2017 2045 1254 1079 1796 2103 1298 1819 1730 2037 403 1875 744 1479 1485 1729 1214 1617 984 1798 2301 2190 1698 2316 1692 1173 1237 1197 1402 1502 1647 2080 1743 2132 2191 1256 1001 2180 1606 1643 1797 369 1738 2259 1386 221 1353 1833 2364 1634 2291 1744 1690 2357 2250 1261 1575 203 219
1066 683 648 1978 1172 0 1596 1183 1230 668 1957 862 1043 2282 943 1005 1748 1367 848 1978 891 1086 731 1549 875 1080 663 1084 1942 1970 775 1362 2098 1301 432 1185 1727 802 1212 789 1280 1407 698 1095 1742 872 2135 1960 1653 1093 726 722 1393 810 2023 1370 1635 763 1692 1854 857 1747 1677 1857 1984 1550 1533 1162 1272 1146 1233 1104 820 1783 836 470 940 765 1339 1017 544 1171 2175 1608 203 1578 1748 863 1297 1181 1290 2027 303 805 1607 1364 1472 687 1389 643 733 1570 1984 1983 1437 2166 1582 981 1885 1251 1944 1167 995 691 1602 1101 1178 1300 930 1612 229 1097 208 1959 694 1103 1558 1943 1538 830 1851 618 1592 847 1626 1834 1567 1127 719 2068 1196 1814 1881 1090 915 1237 1938 1070 1616 1170 1873 1296 1316 757 1315 1300 1170 906 1453 820 1634 2137 2025 1533 2152 1133 613 1072 1033 1238 1338 1483 1916 1242 1929 2027 262 837 2016 1046 1479 1594 1337 1247 2095 826 1139 1189 1669 1804 1074 1732 1184 1130 2193 2047 645 1249 1287 1222
1102 1650 2074 1837 2155 1596 0 1544 1172 1500 2274 1228 621 2496 1398 1989 1607 321 2177 1384 1314 1838 1320 390 1224 1857 1461 2067 718 1828 1286 1221 1924 1154 1645 1912 1124 1181 1018 1334 1139 694 1389 894 1465 1219 1994 1818 1511 2053 1600 1088 1252 2103 1800 740 1357 1169 295 1713 1131 2091 1536 1716 1843 896 1280 968 1128 592 977 1584 1249 1641 1457 1761 1140 1039 670 2000 1342 726 2337 1466 1753 1313 1606 1847 2280 1336 823 1886 1611 1234 741 1909 265 1938 1266 1441 1351 1429 1842 1620 1163 2025 1440 991 1743 1243 1621 2164 1033 1615 1325 2158 1768 691 1131 562 1678 2080 1759 1817 1855 943 1416 2130 153 2177 1651 1503 2137 2194 1360 2232 57 976 1702 1284 846 964 1737 1114 1206 442 1902 921 1338 808 1732 2279 340 1741 1174 1154 806 1156 1312 1341 1493 1996 2352 1392 2011 1887 1108 1108 1110 1617 1229 1840 2158 652 1145 1885 1690 1353 1611 1428 2024 711 2320 803 2348 1233 2122 1262 1527 228 851 509 734 1441 2051 1257 1993 871 2270 2206
1636 1252 1660 2415 1742 1183 1544 0 372 1238 2527 1432 1428 2851 1513 1575 2185 1689 1073 2363 821 370 1301 1212 1445 389 628 1654 1605 2407 1345 1799 2535 1733 815 442 2112 1074 1597 1359 1717 1792 1268 1480 2127 1284 2572 2397 2090 595 1296 1107 1830 1147 2460 1034 2019 1148 1355 2291 1021 2317 2114 2294 2421 1934 1942 1546 1706 1512 1619 1674 1232 2220 1406 1248 1367 1149 1002 1587 722 821 2745 2045 1202 1975 2185 1433 1867 238 1675 2464 1198 1375 1991 1934 1671 836 1844 609 1303 2007 2421 2420 1822 2603 2019 1366 2321 1802 2381 1751 1136 1261 1987 1745 298 963 1357 1943 1265 1667 1208 2396 1442 1209 1995 2513 1677 1764 2288 1188 2162 1781 2022 2404 1581 1562 1289 2452 1014 2199 2318 1653 1414 1569 2480 1454 2000 1207 2310 1866 1624 1327 1752 1732 965 1290 1890 1390 2071 2574 2595 1970 2589 416 998 1642 1603 1808 1808 2053 2486 1626 2314 2464 1276 1407 2453 362 2049 1978 1907 1398 2665 1038 1709 1759 2106 1523 931 1395 903 569 2630 2432 1534 1633 1857 1792
1415 1300 1708 2150 1789 1230 1172 372 0 1286 2571 1319 1163 2810 1559 1623 1920 1341 1333 2098 632 666 1303 840 1417 685 643 1701 1232 2142 1288 1535 2270 1468 854 740 1847 774 1332 1406 1452 1527 1316 1215 1862 1222 2307 2132 1825 893 1343 915 1565 1407 2195 661 1754 1008 983 2026 722 2364 1850 2029 2156 1670 1677 1282 1441 1210 1348 1721 1252 1955 1448 1376 1144 957 630 1634 770 449 2650 1780 1241 1710 1920 1481 1914 165 1410 2200 1245 1201 1726 1981 1299 1095 1579 624 1347 1743 2156 2155 1557 2338 1754 1095 2057 1556 2116 1798 799 1308 1722 1792 597 591 1134 1606 1312 1714 1247 2131 1489 854 1730 2444 1305 1811 2023 1235 2209 1828 1757 2451 1209 1297 1336 2188 642 1934 2053 1427 1143 1231 2215 1211 1736 835 2046 1913 1265 1375 1487 1467 592 1080 1626 1437 1806 2309 2643 1706 2325 715 957 1421 1363 1854 1543 2100 2471 1361 2049 2199 1324 1454 2188 256 2096 1704 1954 1060 2662 754 1756 1576 1841 1150 559 1023 531 270 2365 2167 1627 1369 1904 1839
551 238 1011 1463 832 668 1500 1238 1286 0 1351 347 947 1676 338 666 1232 1271 1286 1491 946 1142 252 1560 356 1136 719 744 1952 1454 270 847 1583 806 903 1241 1250 858 788 183 765 1054 127 734 1265 471 1620 1444 1087 1315 177 744 878 1166 1507 1381 1158 819 1702 1338 909 1141 1162 1342 1469 1073 1030 762 757 1050 756 498 424 1267 354 823 461 711 1350 677 599 1181 1569 1067 825 1090 1232 524 957 1237 937 1512 674 326 1130 758 1375 1125 785 699 172 1055 1459 1468 960 1650 1066 525 1369 736 1428 841 1006 204 1126 835 1233 1311 451 1160 740 757 831 1443 532 1114 1042 1338 1441 1240 1336 179 986 1257 1138 1228 1470 618 379 1591 1207 1337 1365 574 436 1140 1333 654 1139 1181 1358 956 1219 418 799 805 1180 571 938 242 1118 1621 1420 1018 1637 1188 669 557 518 632 823 878 1310 1064 1452 1511 752 231 1500 1102 873 1117 997 1095 1489 882 799 583 1153 1708 1085 1743 1195 1186 1677 1570 1055 895 947 882
1464 1502 2299 1098 2121 1957 2274 2527 2571 1351 0 1307 1721 359 1106 1954 1644 2045 2574 1903 2177 2430 1380 2644 1286 2424 2007 2032 2973 1425 1360 1189 1994 1342 2191 2529 1987 2053 1534 1177 1258 1790 1273 1672 1740 1624 2032 1383 1105 2603 1451 1839 1266 2454 1919 2469 1615 1981 2549 1750 2003 296 809 1753 1104 1809 1442 1515 1326 1824 1737 972 1582 736 1570 2112 1584 1807 2438 1965 1888 2270 344 1071 2114 1504 728 1812 2245 2526 1673 1924 1962 1419 1866 809 2150 2413 1061 1987 1276 986 569 1879 1586 1391 1370 1649 1781 1294 1840 2130 2094 1467 1563 2123 2522 2399 1575 1897 2029 2046 2119 1341 1821 2202 1352 216 2216 2528 1726 1465 742 2545 1552 422 2245 1555 1667 2118 2295 2074 1777 1490 1496 1915 426 1752 1592 2141 1770 2245 1993 1706 1237 1341 2269 1694 1336 1236 865 2033 120 1025 2049 2477 1905 1470 1455 966 1491 491 189 1800 2189 1888 2040 1176 1912 2391 753 1854 2286 1962 172 2099 2087 1233 825 2482 2173 2763 2283 2470 2089 2307 2343 1632 2235 2171
302 497 1204 1214 1026 862 1228 1432 1319 347 1307 0 675 1632 279 860 984 999 1479 1242 923 1336 236 1390 180 1330 913 938 1783 1206 155 598 1334 557 1097 1435 1001 821 539 204 516 805 236 462 1017 463 1371 1196 888 1509 447 575 629 1360 1259 1212 909 747 1503 1090 785 1097 913 1093 1220 824 781 513 508 778 470 454 432 1019 426 1017 393 543 1180 871 793 1012 1526 843 1019 842 983 718 1151 1431 688 1263 868 200 881 779 1103 1318 636 893 198 806 1219 1219 711 1402 818 405 1120 487 1180 1035 836 463 877 1029 1427 1141 375 912 934 951 1025 1194 726 944 793 1294 1169 1433 1087 371 1007 1450 889 1227 1198 346 573 1342 1037 1089 1116 325 217 868 1263 486 890 1012 1109 1150 947 612 551 557 1011 479 689 203 870 1373 1376 769 1388 1382 717 308 258 573 574 834 1267 815 1204 1262 946 223 1251 1296 894 868 1191 851 1446 845 993 522 904 1436 915 1573 1026 1216 1428 1322 1249 647 1141 1076
549 1097 1521 1284 1597 1043 621 1428 1163 947 1721 675 0 1943 845 1430 1054 392 1624 1232 761 1331 758 991 671 1325 908 1508 1320 1275 733 668 1404 601 1092 1430 980 623 466 781 586 446 835 341 996 656 1441 1265 958 1504 1047 535 699 1550 1329 1056 888 616 897 1160 573 1538 983 1163 1290 747 810 415 575 177 415 1031 686 1088 895 1208 578 487 989 1441 789 856 1784 913 1200 843 1053 1288 1721 1305 366 1333 1058 681 815 1356 497 1385 713 888 798 876 1289 1289 690 1472 887 428 1190 690 1250 1606 647 1062 856 1599 1423 950 568 637 1125 1521 1206 1264 1296 629 863 1577 563 1624 1157 941 1584 1641 891 1679 592 424 1143 1296 808 1040 1186 561 648 262 1349 359 869 494 1179 1720 341 1182 621 601 839 603 759 788 940 1443 1799 839 1458 1378 555 555 557 1064 676 1287 1605 256 1157 1332 1137 800 1321 1243 1471 786 1761 348 1796 678 1563 709 974 829 760 1110 796 1060 1498 1269 1440 334 1711 1647
1686 1826 2624 1194 2446 2282 2496 2851 2810 1676 359 1632 1943 0 1430 2279 1866 2267 2899 2125 2408 2755 1705 2866 1611 2749 2332 2357 3195 1628 1685 1412 2217 1571 2516 2854 2209 2275 1756 1502 1552 2012 1598 1982 1963 1949 2254 1586 1327 2928 1776 2164 1489 2779 2141 2703 1837 2263 2772 1972 2225 655 1032 1976 1200 2032 1664 1737 1555 2047 2062 1297 1907 979 1894 2437 1909 2130 2672 2290 2212 2503 194 1294 2439 1727 971 2137 2570 2851 1896 2146 2287 1744 2089 1134 2372 2738 1386 2312 1601 1208 761 2102 1808 1512 1592 1973 2003 1619 2062 2455 2327 1792 1785 2448 2846 2633 1899 2119 2353 2370 2444 1543 2145 2436 1575 430 2438 2853 1948 1790 1047 2870 1774 781 2467 1831 1992 2341 2528 2296 1999 1720 1821 2137 612 2077 1815 2364 1992 2569 2216 2031 1531 1570 2502 2019 1559 1560 1108 2255 480 1247 2271 2801 2176 1693 1740 1291 1713 815 403 2023 2411 2091 2365 1501 2134 2715 1034 2076 2610 2184 214 2327 2412 1558 1068 2704 2407 2985 2517 2707 2311 2529 2668 1854 2560 2496
455 488 1286 1337 1107 943 1398 1513 1559 338 1106 279 845 1430 0 941 1138 1169 1561 1397 1166 1417 362 1633 258 1411 994 1019 2026 1360 342 680 1489 658 1178 1516 1160 1064 693 162 593 963 260 632 1175 606 1526 1350 782 1590 438 819 784 1441 1413 1455 1067 963 1673 1244 1028 895 1036 1247 1343 982 936 665 643 948 708 253 565 1098 552 1098 566 786 1424 952 874 1255 1324 764 1100 998 1103 799 1232 1512 846 1418 949 399 1039 592 1273 1399 565 974 263 919 1225 1373 869 1516 972 629 1275 593 1334 1116 1080 454 1035 1110 1508 1385 556 1070 1015 1032 1106 1349 807 1188 948 1092 1339 1515 1241 452 867 1532 1046 1025 1368 516 654 1500 1280 1247 1271 473 467 1038 1087 723 1048 1244 1264 1231 1117 693 617 658 1254 676 844 216 993 1527 1174 789 1543 1463 897 462 412 328 727 632 1065 973 1362 1417 1027 173 1406 1377 754 1026 1272 1033 1244 1088 1074 364 1028 1606 1159 1817 1269 1454 1583 1480 1330 805 1222 1157
1064 539 805 1976 310 1005 1989 1575 1623 666 1954 860 1430 2279 941 0 1745 1760 1623 2004 1283 1479 728 1942 873 1473 1056 94 2334 1967 772 1360 2096 1319 1240 1578 1763 1195 1301 786 1277 1566 696 1241 1778 974 2133 1957 1650 1652 594 1115 1391 1503 2020 1763 1670 1156 2084 1851 1250 1744 1675 1854 1981 1586 1543 1275 1270 1539 1239 1101 916 1780 834 1161 937 1157 1732 154 936 1563 2172 1605 1163 1603 1745 496 428 1575 1450 2025 1011 803 1643 1361 1865 1462 1386 1036 731 1568 1981 1980 1473 2163 1579 1001 1882 1249 1941 312 1388 548 1638 306 1570 1693 927 1673 1077 228 1168 1956 615 1496 1555 1941 1931 1071 1848 615 1589 1088 1651 1831 1959 1124 492 2104 1589 1850 1878 1087 912 1629 1936 1131 1652 1563 1871 427 1708 578 1312 1318 1562 1047 1451 817 1631 2134 2023 1531 2150 1525 1006 1070 1030 1235 1335 1480 1913 1577 1965 2024 1089 834 2013 1439 1476 1630 474 1571 2092 1219 276 1186 1666 2197 1467 2125 1577 1523 2190 2083 1131 1408 424 314
797 1383 2090 1011 1912 1748 1607 2185 1920 1232 1644 984 1054 1866 1138 1745 0 1378 2362 538 1518 2088 1124 1976 988 2082 1665 1824 2305 759 1043 603 483 685 1849 2187 780 1385 867 1073 678 1123 1122 1104 669 1286 550 760 876 2262 1333 1292 618 2245 485 1813 624 1374 1882 113 1336 1487 906 145 1017 1141 721 847 670 1157 1243 1323 1255 1012 1314 1903 1234 1244 1782 1757 1546 1613 1707 831 1905 614 977 1603 2037 2062 1006 410 1753 1056 1174 1647 1482 2143 805 1646 1084 746 1212 522 835 958 462 1192 216 786 476 1921 1438 1348 639 1915 2180 1743 1217 1229 1820 1837 1910 763 1612 1546 389 1500 1548 2319 401 1256 1829 2336 561 1636 1577 941 1458 754 1639 1406 220 830 1034 1247 1272 1258 647 1474 132 2036 1326 1497 713 685 1612 1301 677 1075 863 557 1722 757 411 2135 1312 803 850 1157 828 1380 1528 1133 877 285 1832 1092 554 2000 1762 1186 2077 1294 1719 1437 1878 801 897 1815 1517 2096 1627 1817 667 1024 2135 964 2027 1962
873 1421 1845 1608 1927 1367 321 1689 1341 1271 2045 999 392 2267 1169 1760 1378 0 1948 1233 1085 1655 1091 691 995 1649 1232 1838 1020 1599 1057 992 1728 925 1416 1754 973 952 790 1105 910 465 1160 665 1297 990 1765 1589 1282 1828 1371 859 1023 1874 1649 1041 1189 940 596 1484 902 1862 1307 1487 1614 739 1112 739 899 363 748 1355 1020 1412 1228 1532 911 811 972 1771 1113 972 2108 1237 1524 1145 1377 1618 2051 1506 594 1657 1382 1005 590 1680 128 1709 1037 1212 1122 1200 1613 1469 995 1796 1211 762 1514 1014 1470 1936 810 1386 1157 1929 1747 992 902 411 1449 1851 1530 1588 1626 720 1187 1901 263 1948 1474 1274 1908 1965 1192 2003 292 748 1473 1133 898 814 1510 885 977 213 1673 692 1171 585 1503 2050 98 1512 945 925 929 927 1083 1112 1264 1767 2123 1163 1782 1702 879 879 881 1388 1000 1611 1929 423 994 1656 1461 1124 1460 1542 1795 560 2091 569 2120 1004 1893 1033 1298 529 885 810 887 1380 1822 1106 1764 642 2041 1977
1683 1300 1187 2592 1789 848 2177 1073 1333 1286 2574 1479 1624 2899 1561 1623 2362 1948 0 2559 1165 848 1348 2129 1493 842 904 1701 2522 2584 1392 1977 2712 1898 680 762 2308 1383 1793 1406 1894 1988 1316 1676 2323 1480 2749 2574 2267 694 1343 1303 2007 237 2637 1951 2215 1344 2272 2468 1438 2364 2292 2471 2598 2130 2131 1742 1870 1727 1815 1721 1428 2397 1453 650 1557 1345 1920 1634 888 1751 2792 2222 646 2171 2362 1481 1913 1199 1871 2642 636 1422 2187 1981 2052 331 2006 884 1350 2185 2598 2597 2018 2780 2196 1562 2499 1868 2558 1660 1576 1308 2183 1573 840 1881 1547 2192 703 1714 651 2573 1434 1684 2172 2560 2118 1123 2465 1235 2209 1140 2218 2451 2147 1744 1336 2648 1776 2395 2495 1707 1532 1817 2556 1651 2196 1751 2488 1913 1896 1375 1929 1897 1750 1486 2068 1437 2248 2751 2643 2148 2767 709 1194 1690 1650 1855 1941 2100 2533 1822 2510 2641 714 1454 2630 1174 2096 2174 1954 1827 2712 1386 1756 1806 2283 2385 1655 2313 1765 1371 2807 2628 892 1829 1904 1839
1055 1641 2349 1270 2170 1978 1384 2363 2098 1491 1903 1242 1232 2125 1397 2004 538 1233 2559 0 1696 2266 1382 1754 1246 2260 1843 2082 2082 1060 1301 861 562 944 2027 2365 263 1563 941 1331 936 915 1381 1283 791 1544 641 1050 1135 2440 1591 1470 877 2486 438 1991 690 1552 1659 551 1514 1745 1165 643 1276 686 793 915 928 1335 1501 1581 1514 1270 1572 2143 1493 1422 1960 2015 1724 1791 1965 1090 2135 762 1235 1862 2295 2240 1123 533 1994 1315 658 1906 1338 2321 1063 1824 1342 1005 1471 258 808 1314 721 1451 395 1045 259 2179 1616 1607 658 2173 2358 1921 1475 852 2060 2095 2141 1049 1870 1724 648 1759 1231 2559 681 1515 2087 2576 703 1894 1355 1126 1717 238 1817 903 379 1086 1293 1278 1530 1484 672 1652 573 2294 1241 1756 971 943 1790 1531 922 1333 1121 643 1980 1016 676 2313 1490 1061 1109 1415 1058 1638 1786 1106 361 723 2072 1350 249 2178 2021 711 2335 1472 1977 1615 2137 1060 1156 1592 1695 1873 1805 1995 699 508 2375 1118 2285 2220
1013 960 1369 1748 1450 891 1314 821 632 946 2177 923 761 2408 1166 1283 1518 1085 1165 1696 0 724 908 1267 1021 718 261 1361 1659 1740 893 1132 1868 1066 633 823 1445 344 930 1027 1050 1125 976 813 1460 807 1905 1730 1423 897 1003 423 1163 1238 1793 1088 1352 455 1409 1624 401 1977 1447 1627 1754 1267 1275 880 1039 864 949 1334 782 1553 975 1060 728 465 1057 1294 463 888 2248 1378 1020 1308 1518 1141 1574 757 1008 1797 911 806 1324 1602 1190 927 1177 281 964 1340 1754 1753 1155 1936 1352 699 1655 1154 1714 1459 710 968 1320 1452 816 1018 719 1329 977 1374 1026 1729 1149 818 1328 2042 1256 1476 1621 895 1830 1493 1355 2072 1284 895 996 1785 914 1532 1651 1025 747 954 1813 771 1334 887 1643 1573 1033 1035 1085 1065 887 614 1223 1047 1404 1907 2252 1303 1922 771 406 1019 967 1461 1141 1713 2069 959 1647 1797 989 1075 1786 685 1717 1312 1614 962 2260 337 1416 1174 1439 1522 792 1450 902 529 1963 1765 1292 967 1564 1500
1540 1156 1564 2319 1645 1086 1838 370 666 1142 2430 1336 1331 2755 1417 1479 2088 1655 848 2266 724 0 1204 1506 1349 19 532 1557 1899 2310 1248 1703 2439 1636 719 219 2015 989 1500 1262 1621 1695 1172 1383 2030 1187 2476 2300 1993 354 1199 1010 1734 1004 2363 1327 1922 1051 1649 2194 1046 2220 2018 2198 2324 1838 1845 1450 1609 1434 1523 1577 1135 2123 1310 1163 1270 1053 1296 1490 626 1115 2648 1948 1106 1878 2088 1337 1770 532 1578 2368 1101 1278 1895 1837 1760 751 1747 512 1207 1911 2324 2323 1725 2506 1922 1269 2225 1706 2284 1654 1283 1164 1890 1648 149 1257 1260 1900 1168 1570 1111 2299 1345 1391 1898 2417 1826 1667 2191 1091 2065 1684 1926 2307 1855 1466 1192 2356 1308 2102 2221 1556 1318 1525 2383 1358 1904 1439 2214 1769 1604 1231 1655 1635 1258 1194 1794 1293 1974 2477 2499 1874 2493 177 901 1546 1506 1711 1711 1956 2389 1529 2217 2367 1180 1310 2356 655 1952 1882 1810 1535 2568 941 1612 1662 2009 1817 1225 1689 1197 863 2533 2335 1449 1537 1760 1696
442 398 1073 1354 895 731 1320 1301 1303 252 1380 236 758 1705 362 728 1124 1091 1348 1382 908 1204 0 1375 278 1198 781 807 1768 1346 121 738 1474 698 965 1304 1142 803 679 212 656 945 137 570 1157 286 1511 1336 1029 1378 352 548 769 1228 1399 1196 1049 662 1518 1230 763 1170 1053 1233 1360 965 921 646 648 870 569 527 240 1159 227 886 265 516 1165 740 662 997 1599 984 888 982 1124 586 1020 1300 828 1403 736 132 1021 787 1196 1187 776 762 149 946 1360 1359 852 1542 958 329 1261 627 1320 904 821 368 1017 898 1296 1126 255 1052 803 820 894 1335 595 929 934 1367 1262 1302 1227 240 1015 1319 1030 1258 1290 454 442 1483 1022 1229 1257 466 242 960 1362 459 1031 996 1249 1019 1039 480 691 697 996 375 830 234 1010 1513 1449 910 1528 1251 652 449 394 657 714 907 1340 955 1344 1403 815 260 1392 1165 902 1009 1060 899 1519 828 862 608 1045 1528 900 1558 1010 1201 1569 1462 1118 787 1010 945
1472 1619 2027 2207 2108 1549 390 1212 840 1560 2644 1390 991 2866 1633 1942 1976 691 2129 1754 1267 1506 1375 0 1488 1525 1414 2020 451 2198 1360 1591 2294 1524 1598 1580 1494 993 1388 1494 1509 1063 1454 1264 1835 1294 2364 2188 1881 1733 1650 1072 1622 2056 2169 408 1727 1122 201 2082 941 2444 1906 2086 2212 1266 1649 1338 1498 962 1347 1801 1324 2011 1542 1714 1215 1115 339 1953 1294 394 2707 1836 1706 1682 1976 1799 2233 1005 1193 2256 1564 1273 1111 2069 635 1891 1635 1394 1432 1799 2212 1990 1533 2394 1810 1166 2113 1612 1991 2117 752 1627 1695 2111 1437 359 1205 932 1631 2033 1711 2187 1808 802 1786 2500 523 2130 2021 1552 2297 2147 1730 2540 427 1346 1655 1654 514 1334 2107 1484 1215 811 2271 1291 1708 783 2102 2232 710 1694 1543 1523 474 1179 1682 1515 1862 2365 2719 1762 2381 1555 1060 1478 1434 1928 1599 2181 2527 1022 1515 2255 1643 1543 1981 1096 2184 1081 2273 1013 2718 1040 2075 1632 1897 369 520 241 402 1109 2421 1627 1945 1241 2223 2158
306 506 1218 1218 1040 875 1224 1445 1417 356 1286 180 671 1611 258 873 988 995 1493 1246 1021 1349 278 1488 0 1343 926 951 1881 1210 248 602 1338 561 1110 1448 1006 919 539 183 520 809 250 458 1021 523 1375 1200 893 1522 456 673 633 1373 1263 1310 913 845 1499 1094 883 1076 917 1097 1224 828 785 511 512 774 546 433 481 1023 468 1031 482 641 1278 884 806 1110 1505 848 1033 846 988 731 1164 1445 692 1267 881 290 885 758 1100 1332 640 906 213 810 1224 1223 715 1406 822 484 1124 491 1184 1049 934 471 881 1042 1440 1240 472 916 947 964 1038 1199 739 1042 798 1273 1166 1447 1091 384 986 1464 893 1206 1195 342 586 1346 1135 1093 1121 319 317 864 1268 562 895 1084 1113 1163 943 625 555 561 1109 587 693 190 874 1377 1355 773 1392 1395 776 312 242 552 578 813 1246 819 1208 1267 959 202 1256 1309 873 872 1204 860 1425 943 1006 458 909 1432 1014 1671 1124 1314 1433 1326 1262 651 1154 1090
1534 1150 1558 2313 1640 1080 1857 389 685 1136 2424 1330 1325 2749 1411 1473 2082 1649 842 2260 718 19 1198 1525 1343 0 526 1551 1918 2304 1242 1697 2433 1630 713 213 2009 984 1494 1256 1615 1689 1166 1377 2024 1181 2470 2294 1987 348 1193 1004 1728 998 2357 1346 1917 1045 1668 2188 1040 2214 2012 2192 2319 1832 1839 1444 1604 1428 1517 1571 1129 2117 1304 1157 1264 1047 1315 1484 620 1134 2642 1942 1100 1872 2082 1331 1764 551 1572 2362 1095 1273 1889 1831 1754 745 1741 506 1201 1905 2318 2318 1719 2500 1916 1263 2219 1700 2278 1649 1277 1158 1884 1642 168 1276 1254 1894 1162 1564 1105 2293 1339 1385 1892 2411 1820 1661 2186 1086 2059 1678 1920 2301 1849 1460 1186 2350 1327 2096 2215 1550 1312 1519 2377 1352 1898 1445 2208 1763 1598 1225 1649 1629 1277 1188 1788 1288 1968 2471 2493 1868 2487 171 895 1540 1501 1705 1705 1951 2383 1524 2211 2361 1174 1304 2350 651 1946 1876 1804 1529 2562 936 1606 1656 2003 1836 1244 1708 1216 882 2527 2329 1443 1531 1754 1690
1117 733 1141 1896 1222 663 1461 628 643 719 2007 913 908 2332 994 1056 1665 1232 904 1843 261 532 781 1414 926 526 0 1134 1806 1887 825 1280 2016 1213 372 631 1592 547 1077 839 1198 1272 749 960 1607 764 2053 1877 1570 705 776 587 1311 977 1940 1235 1499 628 1557 1771 604 1797 1595 1774 1901 1415 1422 1027 1186 1011 1099 1154 712 1700 886 828 847 630 1204 1067 203 1035 2225 1525 759 1455 1665 914 1347 627 1155 1945 678 855 1472 1414 1337 666 1324 20 784 1488 1901 1900 1302 2083 1499 846 1802 1283 1861 1231 860 741 1467 1225 623 1165 837 1477 745 1147 765 1876 922 968 1475 1994 1403 1244 1768 668 1642 1261 1503 1884 1432 1043 769 1933 1061 1679 1798 1133 895 1102 1960 935 1481 1035 1791 1346 1180 808 1232 1212 1034 771 1371 870 1551 2054 2076 1451 2070 578 478 1123 1083 1288 1288 1533 1966 1106 1794 1944 757 887 1933 492 1529 1459 1387 1112 2145 540 1189 1239 1586 1669 939 1597 1049 541 2110 1912 1060 1114 1337 1272
1142 618 884 2054 388 1084 2067 1654 1701 744 2032 938 1508 2357 1019 94 1824 1838 1701 2082 1361 1557 807 2020 951 1551 1134 0 2413 2046 850 1438 2174 1397 1318 1656 1841 1274 1379 864 1356 1645 774 1319 1857 1052 2211 2036 1728 1730 672 1193 1469 1581 2099 1841 1749 1234 2163 1930 1328 1822 1753 1933 2060 1664 1621 1353 1348 1617 1318 1179 994 1859 912 1239 1016 1236 1810 233 1015 1642 2251 1683 1241 1682 1823 493 506 1653 1528 2103 1089 881 1721 1439 1943 1540 1464 1114 809 1646 2059 2059 1551 2242 1658 1080 1960 1327 2020 391 1466 626 1717 384 1649 1771 1006 1752 1156 306 1246 2034 693 1574 1633 2019 2009 1150 1927 694 1667 1167 1729 1910 2038 1203 570 2182 1667 1929 1956 1165 991 1708 2014 1209 1730 1641 1949 505 1787 656 1391 1397 1641 1125 1529 896 1710 2213 2101 1609 2228 1604 1084 1148 1109 1314 1414 1559 1992 1655 2044 2102 1168 913 2091 1518 1554 1708 553 1650 2171 1297 304 1265 1744 2275 1545 2203 1655 1601 2268 2162 1209 1487 503 235
1800 2011 2419 2536 2501 1942 718 1605 1232 1952 2973 1783 1320 3195 2026 2334 2305 1020 2522 2082 1659 1899 1768 451 1881 1918 1806 2413 0 2527 1753 1920 2623 1853 1991 1973 1822 1386 1717 1887 1837 1392 1847 1593 2163 1686 2693 2517 2210 2126 2043 1465 1951 2449 2498 689 2056 1515 529 2411 1333 2790 2235 2414 2541 1595 1978 1667 1826 1291 1676 2194 1716 2340 1935 2107 1608 1508 691 2346 1687 787 3035 2165 2099 2011 2305 2192 2625 1397 1521 2585 1957 1666 1440 2462 964 2284 1964 1787 1824 2128 2541 2318 1862 2723 2139 1559 2442 1941 2320 2510 1144 2020 2024 2504 1829 670 1598 1261 2023 2426 2104 2516 2201 1195 2115 2829 852 2523 2349 1945 2690 2540 2059 2925 756 1675 2047 1983 906 1663 2436 1812 1607 1140 2600 1620 2037 1176 2431 2625 1038 2086 1872 1852 866 1572 2011 1907 2191 2694 3050 2091 2710 1947 1453 1807 1809 2316 1928 2539 2856 1351 1844 2584 2035 1935 2310 1489 2577 1410 2666 1406 3047 1433 2467 1961 2226 697 912 228 795 1502 2750 1955 2338 1570 2615 2551
1018 1605 2312 624 2134 1970 1828 2407 2142 1454 1425 1206 1275 1628 1360 1967 759 1599 2584 1060 1740 2310 1346 2198 1210 2304 1887 2046 2527 0 1264 824 1051 907 2071 2409 1301 1607 1089 1294 900 1345 1344 1326 1059 1508 944 50 808 2483 1554 1514 840 2467 1074 2035 954 1595 2104 655 1557 1258 673 665 630 1364 927 1069 892 1379 1465 1472 1477 783 1536 2125 1456 1466 2004 1978 1768 1835 1468 763 2127 865 747 1825 2258 2284 1228 999 1975 1278 1421 1546 1704 2365 1024 1867 1305 583 993 1036 1071 324 592 1414 839 1008 997 2143 1660 1570 918 2137 2402 1965 1439 1451 2042 2059 2132 84 1834 1768 542 1281 1770 2541 859 1478 1674 2558 823 1403 1799 1163 1680 1276 1861 1628 843 1052 1256 1469 1053 1480 932 1696 686 2258 1548 1719 934 906 1834 1523 822 1297 641 963 1503 688 817 2357 1534 1025 1072 1275 1050 1254 1308 1355 1399 544 2054 1313 1069 2222 1704 1408 2299 1516 1499 1659 2100 1023 675 2036 1739 2318 1849 2039 1073 1546 2356 1186 2248 2184
361 420 1117 1273 939 775 1286 1345 1288 270 1360 155 733 1685 342 772 1043 1057 1392 1301 893 1248 121 1360 248 1242 825 850 1753 1264 0 657 1393 616 1009 1347 1060 791 598 192 575 864 155 521 1076 362 1430 1254 947 1421 370 545 688 1272 1318 1181 968 691 1503 1149 755 1150 972 1152 1279 883 840 572 567 837 533 507 324 1077 311 930 309 513 1150 783 706 982 1578 902 932 900 1042 630 1063 1344 747 1322 780 117 940 767 1162 1231 695 805 129 865 1278 1278 770 1461 876 358 1179 546 1239 948 806 386 936 941 1340 1111 292 970 847 864 937 1253 639 914 852 1346 1228 1346 1146 283 995 1363 948 1237 1257 404 485 1401 1007 1147 1175 384 227 927 1319 488 949 981 1168 1063 1006 524 610 615 981 404 748 213 929 1432 1429 828 1447 1295 670 367 317 636 633 886 1319 874 1263 1321 858 240 1310 1209 882 927 1104 913 1498 814 905 583 963 1494 885 1543 995 1186 1487 1380 1161 706 1053 989
411 997 1704 752 1526 1362 1221 1799 1535 847 1189 598 668 1412 680 1360 603 992 1977 861 1132 1703 738 1591 602 1697 1280 1438 1920 824 657 0 953 264 1464 1802 934 1000 478 686 140 737 736 718 699 900 990 815 427 1876 947 906 210 1860 878 1428 573 988 1496 709 950 1032 451 712 758 756 400 462 249 771 857 886 869 557 928 1517 849 858 1396 1371 1160 1228 1252 382 1519 463 522 1218 1651 1676 620 882 1368 671 813 1084 1097 1757 217 1260 698 344 758 838 544 940 423 807 739 309 799 1535 1052 962 522 1529 1794 1357 831 844 1434 1451 1525 813 1226 1160 412 1046 1163 1933 706 871 1241 1950 511 1177 1192 556 1073 1077 1253 1021 735 444 648 862 817 872 551 1088 728 1650 940 1112 119 263 1227 915 295 688 408 992 1267 307 1007 1749 926 417 465 576 419 791 1073 747 1136 881 1446 705 870 1615 1271 801 1691 909 1264 1052 1493 317 443 1429 1131 1710 1241 1432 1047 1254 1749 579 1641 1576
1147 1733 2440 1362 2262 2098 1924 2535 2270 1583 1994 1334 1404 2217 1489 2096 483 1728 2712 562 1868 2439 1474 2294 1338 2433 2016 2174 2623 1051 1393 953 0 1036 2200 2538 804 1736 1217 1423 1028 1456 1472 1454 1041 1636 459 1052 1227 2612 1683 1642 968 2596 249 2163 996 1724 2200 418 1686 1837 1257 532 1368 1226 1092 1198 1020 1507 1593 1673 1605 1362 1664 2253 1585 1594 2132 2107 1896 1964 2057 1182 2255 986 1327 1954 2387 2412 1356 184 2104 1407 1198 1998 1833 2493 1155 1996 1434 1096 1563 316 1207 1249 812 1543 408 1137 497 2271 1788 1699 1010 2265 2530 2093 1567 1392 2170 2187 2261 1054 1962 1896 740 1851 1771 2669 773 1607 2179 2686 932 1986 1895 1292 1809 756 1989 1444 374 1181 1384 1597 1622 1608 1019 1824 463 2386 1676 1848 1063 1035 1963 1651 1027 1425 1213 452 2072 1108 433 2485 1662 1153 1201 1507 1178 1730 1878 1483 879 513 2182 1442 348 2351 2113 1251 2427 1644 2069 1788 2229 1152 1248 2132 1867 2413 1977 2168 483 1026 2485 1315 2377 2312
360 956 1664 911 1486 1301 1154 1733 1468 806 1342 557 601 1571 658 1319 685 925 1898 944 1066 1636 698 1524 561 1630 1213 1397 1853 907 616 264 1036 0 1397 1735 850 933 282 646 170 670 696 643 648 859 1073 897 586 1809 906 840 299 1807 960 1361 523 921 1430 791 883 1124 610 794 917 673 350 336 107 704 816 864 829 716 887 1465 808 791 1330 1330 1094 1161 1411 541 1458 412 681 1177 1610 1610 553 965 1315 630 729 1166 1030 1690 298 1193 657 503 917 920 494 1099 488 766 822 287 881 1495 985 922 471 1488 1728 1291 791 760 1381 1410 1463 896 1185 1093 495 1204 1096 1881 754 830 1322 1898 460 1265 1125 473 1032 1138 1186 937 818 366 608 795 976 816 500 1022 811 1609 874 1071 205 16 1160 874 360 648 567 1074 1400 466 1090 1683 860 367 414 650 166 873 1232 681 1052 964 1393 665 953 1548 1332 717 1650 842 1423 985 1452 295 601 1362 1065 1643 1175 1365 1130 1170 1696 511 1600 1536
1301 917 992 2080 1407 432 1645 815 854 903 2191 1097 1092 2516 1178 1240 1849 1416 680 2027 633 719 965 1598 1110 713 372 1318 1991 2071 1009 1464 2200 1397 0 818 1776 852 1261 1023 1382 1456 933 1144 1791 948 2237 2061 1754 758 960 771 1495 753 2124 1419 1684 812 1741 1955 906 1981 1779 1959 2086 1599 1606 1211 1371 1195 1284 1338 897 1884 1071 571 1031 814 1388 1251 357 1220 2410 1709 437 1639 1849 1098 1531 806 1339 2129 554 1040 1656 1598 1521 442 1508 353 968 1672 2085 2085 1486 2267 1683 1030 1986 1467 2045 1416 1044 925 1652 1409 811 1349 1022 1661 574 1332 442 2060 989 1152 1659 2178 1587 1088 1953 853 1826 1105 1687 2068 1616 1227 953 2117 1245 1863 1982 1317 1079 1286 2144 1119 1665 1219 1975 1530 1365 992 1417 1396 1219 955 1555 1055 1736 2238 2260 1635 2254 765 662 1307 1268 1472 1472 1718 2150 1291 1978 2128 606 1071 2117 671 1713 1643 1571 1296 2329 854 1373 1423 1770 1853 1123 1781 1233 840 2294 2096 857 1298 1521 1457
1639 1255 1663 2418 1745 1185 1912 442 740 1241 2529 1435 1430 2854 1516 1578 2187 1754 762 2365 823 219 1304 1580 1448 213 631 1656 1973 2409 1347 1802 2538 1735 818 0 2114 1089 1599 1361 1720 1794 1271 1482 2129 1287 2575 2399 2092 269 1298 1109 1833 918 2462 1402 2022 1150 1723 2294 1145 2319 2117 2297 2424 1937 1944 1549 1709 1533 1622 1676 1235 2222 1409 1207 1369 1152 1370 1589 725 1189 2748 2047 1179 1977 2187 1436 1869 606 1677 2467 1186 1378 1994 1936 1859 807 1846 611 1306 2010 2423 2423 1824 2606 2021 1368 2324 1805 2383 1754 1382 1264 1990 1747 194 1331 1360 1999 1254 1670 1184 2398 1445 1490 1997 2516 1925 1724 2291 1191 2164 1741 2025 2406 1943 1565 1291 2455 1382 2201 2320 1655 1417 1624 2483 1457 2003 1525 2313 1868 1703 1330 1755 1734 1333 1293 1893 1393 2074 2576 2598 1973 2592 68 1000 1645 1606 1810 1810 2056 2488 1629 2316 2466 1265 1409 2455 730 2051 1981 1909 1634 2667 1041 1711 1761 2108 1891 1299 1763 1271 937 2632 2434 1493 1636 1859 1795
814 1401 2108 1511 1930 1727 1124 2112 1847 1250 1987 1001 980 2209 1160 1763 780 973 2308 263 1445 2015 1142 1494 1006 2009 1592 1841 1822 1301 1060 934 804 850 1776 2114 0 1312 690 1090 852 655 1140 1032 674 1304 883 1291 1224 2188 1350 1219 843 2234 679 1740 566 1300 1399 792 1262 1804 1249 884 1517 426 669 664 840 1084 1261 1341 1273 1354 1332 1892 1252 1170 1709 1774 1473 1540 2049 1179 1884 639 1319 1621 2054 1989 871 775 1742 1074 398 1665 1078 2069 978 1572 1101 1142 1555 500 656 1555 816 1210 637 955 501 1939 1364 1366 534 1932 2107 1670 1235 592 1809 1855 1890 1290 1630 1473 889 1843 971 2308 678 1274 1893 2325 579 1945 1095 875 1476 344 1565 643 620 843 1052 1018 1614 1232 548 1401 815 2054 981 1515 886 857 1539 1287 799 1093 1205 884 2064 1105 918 2062 1239 821 868 1330 835 1553 1870 846 205 965 1821 1109 491 1927 1780 451 2095 1221 2061 1364 1896 975 1240 1332 1444 1613 1554 1744 940 323 2124 867 2044 1980
