NAME: zurich_200_15
COMMENT: TSP instance with 200 nodes. City: Zurich, Switzerland, Seed: 57
TYPE: TSP
DIMENSION: 200
EDGE_WEIGHT_TYPE: EXPLICIT
EDGE_WEIGHT_FORMAT: FULL_MATRIX
NODE_COORD_SECTION:
1 47.2447966 8.7392778
2 47.3131992 8.3879001
3 47.3959095 8.6132062
4 47.4760249 8.294232
5 47.3907282 8.4195037
6 47.4094748 8.5588164
7 47.3535147 8.3828753
8 47.3708058 8.3812207
9 47.3853127 8.5371441
10 47.4003758 8.6193937
11 47.5035861 8.4046781
12 47.4314844 8.5540769
13 47.3862717 8.5350225
14 47.3484272 8.3362975
15 47.3284711 8.5461325
16 47.4345372 8.5667877
17 47.3960906 8.5994106
18 47.2551614 8.608028
19 47.2654382 8.7289175
20 47.2438273 8.6329016
21 47.4034247 8.2755434
22 47.2022979 8.5378845
23 47.5393742 8.294805
24 47.3164065 8.412692
25 47.2794686 8.7570241
26 47.3255648 8.2958482
27 47.4422736 8.3599794
28 47.5270008 8.4683404
29 47.2369278 8.6394558
30 47.240994 8.7229664
31 47.2974816 8.560298
32 47.2794656 8.4539863
33 47.3673275 8.783087
34 47.5401582 8.3220058
35 47.5145798 8.6874709
36 47.3911089 8.5174334
37 47.5533805 8.3305482
38 47.3888328 8.6162509
39 47.1998661 8.7769978
40 47.2539623 8.7723346
41 47.1977806 8.7212275
42 47.2015847 8.4318511
43 47.4589437 8.404052
44 47.4872941 8.4448132
45 47.3603202 8.5678569
46 47.5271407 8.5122679
47 47.3710452 8.5235465
48 47.5516859 8.7972252
49 47.278613 8.6680719
50 47.3205752 8.424552
51 47.3108904 8.3969698
52 47.3709763 8.5261965
53 47.5024992 8.7291431
54 47.3483531 8.5847659
55 47.324225 8.6375323
56 47.2834906 8.5491388
57 47.2049969 8.5743947
58 47.4241111 8.368185
59 47.3232886 8.5985727
60 47.2911045 8.5652744
61 47.5108278 8.7570108
62 47.4637725 8.4971542
63 47.2320255 8.6630687
64 47.4578752 8.7746888
65 47.3296887 8.6531935
66 47.4121694 8.5822504
67 47.4591915 8.6624653
68 47.2368393 8.7357248
69 47.3527246 8.3704083
70 47.4695477 8.3976718
71 47.3865952 8.5253942
72 47.3087881 8.6920897
73 47.3098995 8.3242939
74 47.2458386 8.7809813
75 47.3349405 8.7626971
76 47.3664067 8.5140976
77 47.4081361 8.554892
78 47.2271222 8.4775674
79 47.3759817 8.4901203
80 47.2372706 8.6134993
81 47.4040394 8.7283559
82 47.3260574 8.6433462
83 47.366364 8.7741707
84 47.39426 8.5266144
85 47.3681724 8.6384741
86 47.3065514 8.6910271
87 47.3556503 8.3252403
88 47.476016 8.7443513
89 47.360553 8.7957384
90 47.4780628 8.4887411
91 47.3633878 8.5573738
92 47.448589 8.5350277
93 47.2388288 8.6580798
94 47.4579244 8.435022
95 47.3135509 8.7198828
96 47.3956536 8.6165422
97 47.3210865 8.5849798
98 47.327145 8.6606285
99 47.5382143 8.7402727
100 47.3794222 8.6804237
101 47.3476627 8.7143779
102 47.3082939 8.7825126
103 47.26764 8.4868193
104 47.4985587 8.4443823
105 47.4463105 8.5797892
106 47.2103565 8.3611708
107 47.3344152 8.3036096
108 47.3922279 8.2781608
109 47.453006 8.2823692
110 47.3483406 8.2831756
111 47.2273664 8.666577
112 47.3437448 8.2847112
113 47.1946064 8.3906018
114 47.2201819 8.2853185
115 47.2594553 8.6817991
116 47.5036742 8.7740218
117 47.4545648 8.5374637
118 47.4995214 8.4778419
119 47.3796984 8.5583944
120 47.5288695 8.7818478
121 47.4480607 8.5844361
122 47.5532594 8.3105526
123 47.505565 8.7102122
124 47.4250718 8.7436454
125 47.465137 8.5008602
126 47.2767609 8.4477891
127 47.3779213 8.5099854
128 47.4937382 8.7385097
129 47.4267118 8.6167124
130 47.3949597 8.6286773
131 47.3546225 8.5247432
132 47.3603881 8.6348726
133 47.3544148 8.2792966
134 47.5208114 8.7588356
135 47.4592415 8.3191499
136 47.4103656 8.3958504
137 47.4849138 8.2825265
138 47.4582585 8.2784898
139 47.3599667 8.7940218
140 47.4206439 8.3096343
141 47.3905889 8.4795962
142 47.3383715 8.6205153
143 47.2387739 8.734742
144 47.4422104 8.464835
145 47.3946425 8.7556154
146 47.5438267 8.7899561
147 47.3916453 8.3930595
148 47.5309053 8.5752495
149 47.332486 8.76289
150 47.3828089 8.4982361
151 47.3592407 8.7294087
152 47.466746 8.3288978
153 47.4882475 8.4365036
154 47.2631295 8.7424731
155 47.3948927 8.6143774
156 47.3132253 8.5937067
157 47.5486168 8.7919687
158 47.4588388 8.3178342
159 47.5206781 8.5755101
160 47.2819478 8.4575807
161 47.2519958 8.702078
162 47.4929891 8.4490549
163 47.2726988 8.6442085
164 47.4286897 8.456586
165 47.3173356 8.7900767
166 47.3825562 8.5523255
167 47.3846586 8.3480086
168 47.3504817 8.7154038
169 47.3734846 8.7800561
170 47.2011488 8.7521426
171 47.302528 8.6876393
172 47.4979746 8.4540475
173 47.2161414 8.6750638
174 47.2315614 8.6343002
175 47.4005704 8.6241724
176 47.4551551 8.463597
177 47.31982 8.7884475
178 47.4367174 8.7692524
179 47.403432 8.331446
180 47.3981437 8.626353
181 47.5408761 8.6803928
182 47.3845991 8.7577755
183 47.3023557 8.3927226
184 47.3633747 8.5335863
185 47.4243723 8.4056669
186 47.3984683 8.5290133
187 47.2271405 8.6757496
188 47.5051745 8.3777445
189 47.5153135 8.645953
190 47.3541896 8.7083445
191 47.3490507 8.7006476
192 47.4108681 8.4417753
193 47.3625449 8.7945913
194 47.3153295 8.4661143
195 47.3619602 8.5603359
196 47.3819623 8.5987074
197 47.3948567 8.3783227
198 47.3833072 8.6010044
199 47.3884814 8.4804169
200 47.3381323 8.2976316
EDGE_WEIGHT_SECTION:
0 2357 1342 2592 2098 1684 2222 2342 1583 1389 2492 1643 1486 2464 1727 1633 1383 2217 274 2251 2869 2708 3119 2217 351 2843 2289 2363 2192 173 1942 2270 1232 3142 1932 1680 3265 1276 2877 210 2579 2772 2199 2273 1182 2174 1509 2274 590 2134 2302 1509 1955 1063 819 2004 2607 2290 1022 1960 2138 1994 2335 1749 733 1568 1823 106 2205 2375 1579 583 2726 266 874 1632 1643 2471 1735 2142 1364 761 1163 1618 1154 667 2379 2000 1308 2117 1244 1790 2337 2102 643 1315 1088 718 2191 1124 899 650 2450 2380 1690 2932 2752 2921 2560 2616 2366 2674 3179 3403 430 2192 1795 2216 1396 2207 1695 3313 1968 1457 1963 2214 1611 1971 1451 1370 1650 1026 2664 2217 2413 2178 2722 2534 1285 2787 1787 863 89 1927 1328 2205 2322 2303 843 1703 983 2429 2297 136 1327 1036 2226 2421 2231 2286 314 2297 687 1995 767 1435 2513 959 1274 2722 566 2328 2381 2142 1408 2077 818 1612 2615 1375 2075 1294 2377 1418 2155 1671 2409 2621 2142 972 916 2042 1300 2032 1224 1395 2433 1417 1795 2741
2357 0 1430 1361 696 1337 406 625 1211 1406 1682 1128 1100 503 966 1220 1394 1314 2189 1349 977 1289 1956 178 2132 793 1058 1739 1290 2401 1039 495 2036 1979 1956 1094 2102 1488 1975 2361 1676 972 1269 1463 1190 1783 899 2298 2091 225 92 906 1979 1385 1668 1101 1417 1059 1530 1058 2162 1269 1433 2193 1755 1372 1823 2462 389 1363 1105 1871 503 2431 2003 985 1298 855 930 1240 1853 1702 1966 1148 1720 1831 487 2163 2111 1366 1113 1276 1435 1292 2104 1454 1465 1757 2215 1626 1862 2205 698 1571 1294 1012 699 1029 1194 724 1464 782 1260 1318 2246 2216 1280 1485 1196 2232 1318 2150 1992 1916 1301 534 1012 1995 1489 1504 878 1619 772 2241 1182 915 1491 1190 2088 886 1011 1559 2437 1117 2016 2229 806 1911 1971 1044 1735 1198 1487 2221 1445 1566 2251 1190 1840 511 2329 1487 2017 1185 2101 1181 698 1830 2077 1820 1861 1534 1479 1240 1430 1268 2091 2077 798 1478 2100 1990 92 938 1052 1263 1506 1781 2025 1789 1850 873 2103 459 1141 1398 835 1430 1034 756
1342 1430 0 1344 846 385 1268 1091 467 91 1232 383 480 1530 960 373 82 1415 1175 1449 1868 1906 1860 1352 1117 1909 1041 1103 1390 1361 1139 1468 863 1882 841 619 2005 87 2075 1346 1776 1970 939 1013 595 915 699 1183 1105 1267 1437 699 865 715 810 1201 1805 1042 861 1158 1048 735 1533 1079 643 273 782 1426 1271 1115 575 801 1792 1417 831 783 377 1668 803 1340 738 767 794 533 320 814 1445 1049 939 857 590 531 1535 842 868 35 927 732 1100 437 686 1033 1647 1121 430 2130 1818 1921 1312 1682 1564 1740 2376 2598 1329 1101 535 957 455 1117 450 2053 877 801 703 1412 679 881 346 108 840 401 1731 1127 1165 919 1474 1286 916 1550 841 639 1397 667 827 1115 1069 1043 799 766 562 1181 1037 1206 15 1022 1136 1173 972 1483 1292 1038 1193 736 929 496 1415 658 905 1920 821 1069 1579 1340 113 818 919 963 1466 112 985 802 1508 651 895 522 1606 1361 1051 609 664 783 931 1230 594 192 1180 225 856 1807
2592 1361 1344 0 777 1282 1199 1022 1214 1319 840 1042 1139 1242 1446 1133 1307 1795 2424 1829 978 2097 882 1283 2323 1477 547 1415 1770 2643 1519 1453 1949 905 1870 1001 1028 1401 2455 2543 2156 1964 651 1109 1431 1559 1143 2211 2341 1198 1368 1174 1893 1627 1909 1581 2185 594 1780 1538 2076 1183 1913 2107 1957 1299 1737 2698 1120 745 1047 2103 1552 2575 1916 1208 1253 1663 1113 1720 1766 1943 1880 1076 1634 2072 1145 2077 2024 1194 1354 1189 1915 781 2044 1367 1715 1998 2129 1540 1775 2118 1642 1104 1208 2124 1411 1031 335 1230 1944 1294 2371 2533 2496 2130 1193 1211 1312 2145 1232 1076 1905 1829 1214 1406 1099 1909 1402 1417 1255 1715 1176 2155 306 678 394 309 2002 613 962 1801 2679 960 1929 2143 854 1825 1885 1020 1648 299 1044 2456 1359 1816 2164 298 1753 1468 2573 1090 2267 1095 2015 1272 864 1744 1990 2300 2103 1130 1959 1720 1344 959 2005 1991 697 1392 2013 1904 1439 1229 763 1192 1986 726 1938 1702 1763 910 2016 1215 1383 1429 965 1462 1000 1374
2098 696 846 777 0 785 509 332 723 822 1098 544 648 796 781 636 810 1130 1930 1164 1201 1432 1372 618 1826 1175 475 1156 1105 2149 854 788 1452 1395 1372 510 1518 904 1790 2046 1491 1299 685 879 940 1199 653 1714 1850 533 703 683 1396 1136 1419 916 1520 476 1289 873 1579 686 1248 1610 1460 801 1239 2203 523 779 556 1608 1058 2078 1419 699 756 998 575 1055 1269 1452 1383 585 1137 1581 711 1580 1527 782 864 692 1250 708 1546 870 1224 1507 1631 1042 1278 1621 977 987 711 1459 1084 1254 746 948 1279 1006 1706 1877 2005 1632 696 901 821 1648 735 1566 1408 1332 717 741 588 1412 905 920 684 1217 997 1658 598 308 907 720 1504 932 399 1310 2184 533 1432 1646 312 1327 1387 508 1151 615 903 1962 862 1325 1667 607 1256 803 2082 904 1776 602 1517 781 655 1246 1493 1635 1612 950 1294 1055 847 684 1508 1494 758 895 1516 1407 774 739 451 701 1321 1197 1441 1205 1266 260 1519 550 892 932 423 965 419 1073
1684 1337 385 1282 785 0 1202 1029 250 360 1171 296 263 1445 807 297 318 1198 1517 1232 1806 1689 1798 1198 1404 1824 979 1058 1173 1716 922 1251 1030 1820 951 392 1943 442 1858 1624 1559 1753 878 952 548 872 482 1292 1460 1115 1283 482 974 748 1031 984 1588 980 957 941 1157 662 1316 1188 998 167 795 1781 1185 1053 358 1156 1707 1656 997 566 53 1451 575 1123 847 1064 961 305 675 1169 1360 1158 1105 784 476 458 1318 781 1125 408 892 1086 1209 621 856 1199 1430 1059 387 1913 1733 1859 1250 1596 1347 1654 2159 2384 1671 1211 462 902 364 1226 407 1991 986 910 631 1195 451 990 418 459 623 756 1645 1236 1103 857 1412 1224 1083 1488 614 922 1752 605 1010 1224 1007 1000 966 539 729 1119 976 1548 400 993 1245 1111 929 1266 1647 976 1444 653 1096 324 1353 824 1071 1703 1176 1019 1362 1123 385 756 1086 1072 1405 433 1094 985 1358 491 834 294 1389 1299 1113 783 844 721 1097 1013 504 470 1118 503 629 1721
2222 406 1268 1199 509 1202 0 233 1072 1244 1520 966 965 426 831 1057 1232 1179 2054 1214 831 1482 1794 569 1997 806 894 1577 1155 2266 904 837 1873 1816 1794 932 1940 1326 1840 2225 1541 1349 1107 1301 1055 1621 764 2136 1956 564 484 771 1817 1250 1533 966 1570 763 1395 922 2000 1107 1298 2031 1620 1223 1661 2327 132 1200 962 1736 751 2296 1841 850 1163 1048 811 1105 1691 1566 1804 1005 1558 1696 342 2001 1949 1203 978 1113 1300 1130 1967 1292 1330 1622 2053 1464 1699 2043 1027 1408 1132 1281 714 884 1025 578 1329 636 1529 1587 2111 2054 1118 1323 1061 2070 1156 1988 1830 1753 1139 791 877 1833 1326 1342 743 1484 627 2079 1020 577 1329 1025 1926 717 856 1424 2302 955 1853 2067 414 1749 1809 925 1572 1036 1325 2086 1283 1431 2089 1028 1677 853 2194 1325 1882 1023 1939 1046 440 1668 1915 1685 1726 1371 1344 1105 1268 1106 1929 1915 543 1316 1938 1828 484 803 789 1120 1371 1619 1862 1626 1688 694 1941 599 1006 1262 527 1295 876 703
2342 625 1091 1022 332 1029 233 0 967 1067 1343 789 893 570 1022 880 1055 1371 2175 1405 946 1674 1617 787 2071 949 717 1400 1347 2393 1096 1029 1697 1640 1617 755 1763 1149 2032 2291 1733 1541 930 1124 1185 1444 897 1959 2095 752 702 928 1640 1380 1663 1158 1761 587 1534 1114 1823 930 1490 1854 1705 1046 1484 2448 247 1024 801 1853 894 2323 1664 962 1000 1240 851 1297 1514 1697 1627 830 1381 1826 485 1824 1772 1027 1108 937 1491 953 1791 1115 1469 1752 1876 1287 1523 1866 1219 1232 955 1499 858 998 905 721 1521 779 1747 1806 2249 1877 941 1146 1066 1893 979 1811 1653 1577 962 983 853 1656 1150 1165 913 1462 770 1902 843 400 1152 896 1749 637 680 1555 2429 778 1677 1890 237 1572 1632 774 1396 859 1148 2206 1106 1570 1912 851 1501 1045 2327 1148 2021 846 1762 1026 360 1491 1738 1877 1857 1195 1536 1297 1091 929 1752 1738 462 1139 1761 1651 702 974 613 946 1563 1442 1686 1450 1511 517 1764 791 1136 1176 350 1209 699 846
1583 1211 467 1214 723 250 1072 967 0 444 1205 381 140 1319 673 371 397 1072 1415 1106 1700 1563 1797 1072 1331 1698 911 1101 1047 1628 796 1125 1074 1820 995 285 1943 519 1732 1555 1433 1627 912 986 402 912 355 1336 1360 989 1157 356 1018 611 894 858 1462 912 821 815 1201 732 1190 1232 960 341 935 1688 1059 1088 228 1094 1581 1606 1041 432 211 1325 465 997 891 928 1005 212 752 1057 1234 1202 1149 854 339 528 1192 815 1168 492 756 983 1253 664 900 1243 1304 1094 428 1787 1607 1753 1182 1470 1221 1528 2033 2258 1537 1254 533 954 269 1270 447 1991 1030 954 701 1069 341 1034 527 542 497 767 1519 1280 1035 817 1344 1156 1127 1420 494 785 1663 640 1054 1268 948 1041 1009 429 773 1051 1010 1447 482 857 1289 1043 969 1140 1558 1010 1308 666 1140 229 1291 868 1115 1577 1087 1057 1236 997 468 791 1130 1116 1336 517 1138 1029 1232 360 868 239 1263 1334 1154 827 888 701 1141 887 367 504 1058 536 513 1595
1389 1406 91 1319 822 360 1244 1067 444 0 1208 359 457 1506 1001 349 152 1391 1221 1426 1844 1883 1835 1327 1164 1885 1017 1079 1367 1408 1116 1445 804 1858 797 596 1981 139 2052 1388 1753 1947 915 989 665 890 676 1139 1151 1242 1412 676 820 762 857 1178 1782 1018 907 1135 1003 711 1510 1034 690 248 724 1472 1246 1091 552 848 1768 1430 771 760 359 1645 779 1317 694 814 735 509 367 860 1421 1005 879 833 660 507 1512 818 898 79 973 778 1056 387 630 973 1624 1097 406 2107 1794 1896 1288 1658 1541 1716 2353 2575 1375 1057 511 932 525 1073 426 2029 833 757 679 1389 656 837 289 120 817 447 1706 1082 1140 895 1449 1261 856 1526 818 686 1444 643 777 1071 1044 1019 739 743 503 1157 1013 1253 99 1068 1092 1149 947 1460 1338 1013 1239 711 869 527 1391 598 845 1897 868 1044 1556 1317 46 794 859 918 1442 95 941 751 1483 685 871 499 1583 1337 1007 552 611 758 871 1207 664 262 1155 295 833 1782
2492 1682 1232 840 1098 1171 1520 1343 1205 1208 0 930 1196 1782 1748 1022 1196 2116 2324 2150 1559 2418 656 1604 2212 2058 1019 605 2091 2545 1841 1774 1838 679 1664 1249 802 1290 2776 2432 2477 2286 753 299 1484 753 1364 2100 2308 1519 1689 1395 1782 1684 1967 1903 2506 1127 1893 1859 1965 692 2234 1995 1846 1187 1542 2598 1523 714 1247 1999 2044 2464 1805 1400 1142 1984 1301 2041 1655 1970 1769 1164 1523 2017 1697 1966 1913 556 1412 928 2236 625 1932 1256 1828 1934 1986 1428 1664 2007 1963 293 1081 2445 1991 1612 916 1811 2265 1875 2692 2863 2531 2018 905 431 1299 2034 1109 850 1794 1718 681 1727 1288 1798 1291 1306 1530 1603 1757 2044 778 1171 906 890 1890 1194 1208 1842 2581 601 1818 2032 1321 1076 1773 1209 1537 771 233 2356 1248 1929 2053 770 1004 1789 2482 280 2381 808 1903 1259 1444 1632 1879 2621 2024 319 2280 2041 1233 586 1894 1879 1278 1281 1673 1793 1760 1433 1147 1107 2308 158 1487 1591 1652 1035 1905 1536 1440 1318 1432 1351 1215 1955
1643 1128 383 1042 544 296 966 789 381 359 930 0 394 1228 937 99 347 1328 1475 1362 1566 1820 1557 1050 1363 1607 739 802 1304 1696 1053 1219 989 1580 909 525 1703 441 1988 1583 1690 1731 637 711 683 708 613 1251 1458 964 1135 613 933 878 1158 1115 1718 740 1088 1071 1116 386 1447 1146 997 257 735 1749 969 813 489 1150 1490 1615 956 696 283 1430 708 1254 806 1121 920 438 674 1167 1143 1117 1064 508 606 170 1448 540 1083 407 1023 1085 1168 579 815 1158 1409 819 202 1891 1516 1619 1010 1380 1477 1438 2138 2309 1682 1169 186 634 504 1185 230 1751 945 869 354 1173 584 949 442 457 753 754 1428 1195 863 617 1172 984 1041 1248 700 993 1732 365 969 1183 767 836 924 672 688 879 735 1507 399 1124 1204 871 765 1235 1633 735 1546 434 1054 464 1113 783 1030 1834 1175 757 1493 1254 383 516 1044 1030 1164 432 1053 943 1206 622 593 389 1520 1059 950 742 803 481 1056 982 634 469 877 502 737 1505
1486 1100 480 1139 648 263 965 893 140 457 1196 394 0 1207 573 384 410 960 1318 994 1612 1451 1734 961 1261 1586 837 1114 936 1531 685 1013 1087 1757 1008 210 1880 533 1620 1490 1322 1515 903 977 319 925 236 1350 1263 878 1046 245 1031 514 797 747 1350 838 724 703 1214 746 1079 1245 884 354 948 1591 948 1079 103 1000 1470 1561 1054 310 224 1214 394 886 904 831 1018 144 765 960 1123 1215 1162 862 242 542 1080 806 1182 505 659 886 1267 678 913 1256 1193 1084 441 1675 1495 1665 1108 1359 1109 1417 1922 2146 1439 1268 546 967 223 1283 461 1928 1044 967 714 957 270 1047 540 555 385 733 1408 1293 960 742 1269 1081 1140 1345 415 689 1566 630 1067 1281 873 1054 1023 350 786 976 1001 1350 495 760 1302 969 982 1029 1461 1001 1211 647 1153 183 1217 882 1128 1465 990 1047 1124 886 482 781 1143 1129 1262 530 1151 1042 1120 258 830 205 1152 1324 1167 840 901 627 1154 775 270 485 984 518 433 1484
2464 503 1530 1242 796 1445 426 570 1319 1506 1782 1228 1207 0 1073 1320 1494 1422 2296 1456 611 1650 1885 657 2239 466 1158 1839 1397 2509 1147 960 2136 1908 2056 1194 2031 1588 2082 2468 1783 1318 1369 1563 1297 1883 1007 2398 2199 704 571 1013 2079 1492 1775 1209 1791 1101 1638 1165 2262 1369 1540 2293 1862 1480 1923 2569 409 1463 1212 1978 388 2539 2103 1093 1405 1216 1054 1347 1953 1809 2066 1255 1820 1938 121 2263 2211 1466 1220 1376 1542 1392 2212 1554 1573 1864 2315 1726 1962 2305 1161 1671 1394 1067 351 663 1027 357 1571 415 1315 1373 2353 2316 1380 1585 1304 2332 1418 2079 2092 2016 1401 960 1120 2095 1589 1604 985 1727 406 2341 1249 914 1420 1034 2188 719 1124 1667 2544 1217 2116 2329 751 2011 2071 1167 1835 1282 1587 2328 1545 1673 2351 1257 1940 976 2437 1587 2125 1285 2201 1289 615 1930 2177 1927 1969 1634 1586 1347 1530 1368 2191 2177 641 1578 2200 2090 543 1046 1126 1371 1614 1710 2125 1889 1950 973 2203 842 1248 1505 778 1538 1146 408
1727 966 960 1446 781 807 831 1022 673 1001 1748 937 573 1073 0 927 924 686 1560 720 1478 1177 2041 826 1503 1452 1143 1657 661 1772 301 879 1630 2063 1551 670 2186 947 1346 1731 1047 1381 1353 1529 560 1469 406 1893 1462 743 911 410 1574 756 1039 458 1076 1144 901 366 1757 1289 804 1788 1126 898 1491 1832 814 1447 588 1241 1335 1802 1598 497 767 1079 639 611 1448 1072 1561 674 1118 1201 988 1758 1706 1411 484 1085 806 1358 1475 993 836 1127 1810 1221 1456 1621 933 1636 984 1541 1361 1530 1414 1225 835 1283 1788 2012 1616 1811 1089 1511 568 1827 1004 2234 1587 1510 1257 823 519 1590 1083 1053 384 990 1273 1836 1267 999 1576 1388 1683 1396 696 930 1808 1183 1610 1824 1003 1597 1566 611 1329 1283 1553 1591 974 937 1846 1275 1526 894 1700 1553 1388 1161 1696 579 1122 1425 1672 1191 1232 1599 850 611 1025 1333 1686 1672 1224 1058 1695 1585 986 317 1137 763 877 1865 1711 1384 1445 958 1698 641 512 768 1113 801 704 1349
1633 1220 373 1133 636 297 1057 880 371 349 1022 99 384 1320 927 0 337 1318 1465 1352 1657 1809 1649 1141 1353 1699 830 804 1294 1686 1043 1311 979 1671 899 523 1794 431 1978 1573 1680 1823 729 803 673 616 602 1241 1448 1056 1226 603 922 868 1148 1105 1708 831 1078 1061 1105 439 1437 1136 987 205 652 1738 1060 904 478 1140 1582 1605 946 686 279 1521 706 1243 796 1110 909 436 663 1157 1235 1106 1054 562 596 269 1438 632 1073 397 1013 1075 1158 569 805 1148 1500 862 116 1983 1607 1710 1101 1471 1467 1529 2230 2401 1672 1159 240 657 494 1175 136 1842 935 859 408 1265 582 938 408 447 743 744 1520 1184 954 708 1263 1075 1031 1339 743 983 1722 456 959 1172 858 744 914 670 678 970 827 1497 388 1114 1194 962 672 1326 1623 813 1536 525 1044 453 1204 773 1020 1823 1165 780 1482 1243 373 607 1034 1020 1256 421 1043 933 1297 611 685 407 1510 1150 857 732 793 572 1046 1073 624 459 969 491 760 1596
1383 1394 82 1307 810 318 1232 1055 397 152 1196 347 410 1494 924 337 0 1344 1216 1378 1832 1836 1823 1313 1159 1873 1005 1067 1320 1402 1069 1397 889 1846 809 549 1969 128 2005 1387 1706 1899 903 977 559 878 629 1151 1146 1230 1398 629 833 749 851 1131 1735 1006 902 1087 1016 699 1463 1046 684 240 769 1467 1235 1079 505 842 1756 1458 856 712 303 1598 732 1270 706 808 820 462 361 855 1409 1017 964 821 554 495 1464 806 910 115 929 773 1068 479 715 1058 1577 1085 394 2059 1782 1885 1276 1646 1494 1704 2306 2530 1370 1069 499 920 420 1085 414 2017 845 769 667 1341 608 849 342 175 770 442 1694 1095 1129 883 1438 1250 941 1514 771 680 1438 631 869 1083 1033 1007 824 696 588 1145 1001 1247 96 1030 1104 1137 935 1413 1333 1001 1234 699 954 460 1379 683 930 1850 862 1032 1509 1270 176 782 945 930 1430 180 953 844 1466 611 859 451 1536 1325 1019 642 703 746 956 1160 559 156 1143 189 786 1771
2217 1314 1415 1795 1130 1198 1179 1371 1072 1391 2116 1328 960 1422 686 1318 1344 0 2049 206 1827 799 2390 1175 1992 1801 1492 2048 290 2261 488 1228 2021 2412 1942 1024 2535 1437 975 2221 676 1468 1702 1897 1050 1860 759 2284 1952 1092 1260 766 1965 1245 1528 563 698 1493 1390 422 2148 1680 395 2179 1615 1288 1882 2322 1162 1796 970 1731 1684 2291 1989 845 1158 1030 993 237 1838 1562 1952 1027 1608 1691 1337 2149 2097 1790 973 1476 295 1726 1965 1440 1325 1617 2201 1612 1847 2110 1152 2004 1375 1858 1710 1879 1763 1573 450 1631 2096 2361 2106 2202 1480 1902 1056 2217 1395 2583 1978 1901 1648 1172 873 1981 1474 1490 738 1480 1622 2227 1616 1348 1925 1737 2074 1745 1049 1419 2297 1546 2001 2215 1351 1988 1957 965 1720 1632 1921 2081 1429 1426 2237 1624 1916 1243 2189 1921 1878 1514 2087 1042 1471 1816 2063 820 1721 1967 479 240 1416 1701 2077 2063 1573 1464 2086 1976 1335 798 1485 1143 418 2214 2101 1774 1836 1307 2089 990 1001 1258 1462 1291 1057 1698
274 2189 1175 2424 1930 1517 2054 2175 1415 1221 2324 1475 1318 2296 1560 1465 1216 2049 0 2083 2701 2541 2951 2050 277 2676 2122 2195 2025 284 1774 2102 1069 2974 1764 1513 3097 1108 2709 316 2411 2604 2031 2105 1015 2007 1341 2106 466 1967 2135 1341 1787 895 651 1836 2439 2123 855 1792 1970 1827 2168 1581 566 1400 1656 349 2037 2207 1411 415 2559 384 707 1464 1476 2303 1567 1975 1196 594 1000 1450 987 500 2212 1832 1144 1949 1076 1623 2169 1934 475 1147 921 550 2023 957 732 530 2282 2213 1522 2764 2584 2754 2393 2448 2198 2506 3011 3235 384 2024 1627 2049 1229 2040 1527 3145 1800 1290 1795 2046 1443 1804 1283 1202 1482 858 2497 2049 2246 2011 2554 2367 1121 2619 1620 696 320 1759 1160 2037 2155 2135 675 1535 815 2262 2129 138 1160 869 2059 2254 2064 2118 316 2129 554 1828 632 1267 2345 792 1110 2555 404 2160 2214 1975 1241 1910 664 1444 2448 1207 1908 1127 2210 1251 1987 1503 2241 2453 1974 804 749 1875 1136 1865 1056 1228 2266 1250 1628 2573
2251 1349 1449 1829 1164 1232 1214 1405 1106 1426 2150 1362 994 1456 720 1352 1378 206 2083 0 1861 802 2424 1209 2026 1835 1526 2083 121 2296 581 1262 2056 2446 1976 1058 2569 1471 874 2255 575 1471 1736 1931 1084 1894 794 2318 1986 1126 1294 800 1999 1279 1562 643 701 1527 1425 596 2182 1714 255 2213 1649 1323 1916 2356 1197 1830 1004 1765 1718 2326 2023 880 1192 1033 1027 203 1873 1596 1986 1061 1642 1725 1371 2183 2131 1824 1007 1510 166 1760 1999 1474 1360 1651 2235 1646 1882 2145 1155 2038 1409 1861 1744 1913 1797 1608 285 1666 2098 2395 2140 2236 1514 1936 1091 2252 1429 2617 2012 1936 1682 1206 907 2015 1509 1524 772 1514 1656 2261 1650 1382 1959 1771 2108 1779 1083 1454 2331 1580 2036 2249 1386 2022 1991 999 1754 1666 1955 2115 1464 1460 2271 1658 1951 1277 2224 1955 1912 1548 2121 1076 1505 1850 2097 719 1756 2001 354 116 1450 1735 2111 2097 1607 1498 2120 2010 1369 833 1520 1177 309 2248 2136 1809 1870 1341 2123 1024 1035 1292 1496 1325 1091 1732
2869 977 1868 978 1201 1806 831 946 1700 1844 1559 1566 1612 611 1478 1657 1832 1827 2701 1861 0 2129 1621 1140 2644 824 1169 2087 1802 2914 1551 1457 2474 1644 2394 1526 1767 1926 2487 2873 2188 1829 1295 1793 1702 2181 1411 2736 2604 1187 1054 1418 2417 1897 2180 1613 2217 979 2042 1570 2600 1707 1945 2631 2267 1823 2261 2974 814 1388 1572 2383 899 2943 2441 1497 1777 1695 1458 1752 2291 2214 2404 1601 2158 2343 492 2601 2549 1786 1625 1714 1947 1424 2568 1892 1977 2269 2653 2064 2300 2643 1660 1823 1732 1579 757 110 763 577 1976 641 1826 1885 2758 2654 1718 1853 1708 2670 1756 1815 2430 2354 1739 1438 1525 2433 1927 1942 1390 2132 523 2679 998 1053 1156 770 2526 456 1487 2071 2949 1543 2454 2667 1060 2349 2409 1544 2172 1019 1763 2733 1883 2078 2689 998 2278 1473 2841 1796 2530 1621 2539 1694 650 2268 2515 2332 2373 1839 1991 1752 1868 1602 2529 2515 484 1916 2538 2428 1054 1450 1274 1716 2018 1446 2463 2227 2288 1327 2541 1247 1653 1910 1079 1943 1524 721
2708 1289 1906 2097 1432 1689 1482 1674 1563 1883 2418 1820 1451 1650 1177 1809 1836 799 2541 802 2129 0 2692 1287 2483 1780 1794 2475 739 2753 947 847 2513 2715 2433 1515 2838 1928 1442 2712 1143 839 2005 2199 1541 2351 1251 2775 2443 1261 1325 1257 2456 1737 2019 799 302 1795 1882 957 2639 2005 882 2670 2107 1780 2374 2813 1465 2099 1461 2222 1590 2783 2480 1337 1650 470 1484 715 2330 2053 2443 1518 2099 2182 1639 2641 2588 2102 1464 1967 883 2028 2456 1931 1817 2108 2692 2103 2339 2602 817 2307 1866 1314 1785 2182 2065 1876 912 1920 1551 1943 2597 2693 1971 2221 1548 2709 1886 2886 2469 2393 2037 826 1364 2473 1966 1981 1229 1971 1925 2719 1918 1650 2227 2039 2565 2047 1541 1911 2789 1853 2493 2707 1654 2479 2448 1456 2212 1934 2223 2572 1921 1918 2728 1926 2408 892 2681 2223 2369 1921 2578 1533 1773 2307 2554 1287 2213 2270 846 689 1907 2004 2568 2554 1875 1955 2577 2467 1196 1290 1788 1634 955 2517 2593 2266 2327 1609 2580 1139 1493 1749 1765 1782 1548 1833
3119 1956 1860 882 1372 1798 1794 1617 1797 1835 656 1557 1734 1885 2041 1649 1823 2390 2951 2424 1621 2692 0 1878 2839 2120 1081 1232 2365 3173 2115 2048 2465 281 2291 1596 382 1917 3050 3059 2751 2560 1186 926 2026 1380 1738 2727 2929 1793 1963 1769 2409 2222 2505 2177 2780 1189 2375 2133 2592 1319 2508 2623 2473 1814 2169 3225 1763 1279 1642 2626 2195 3091 2432 1803 1769 2258 1708 2315 2282 2538 2396 1671 2150 2644 1788 2593 2540 1184 1950 1556 2510 1252 2560 1883 2310 2561 2614 2055 2291 2634 2237 921 1708 2719 2054 1674 978 1874 2539 1937 2966 3137 3091 2646 1533 1058 1907 2661 1736 257 2421 2345 1308 2001 1694 2425 1918 1933 1850 2230 1819 2671 840 1273 856 952 2518 1256 1557 2396 3208 1228 2445 2659 1449 1703 2400 1615 2164 833 860 2983 1875 2411 2680 832 1631 2063 3110 907 2862 1435 2531 1867 1507 2259 2506 2895 2651 947 2554 2315 1860 1213 2521 2507 1341 1908 2300 2420 2034 1825 1358 1734 2582 543 2114 2218 2279 1505 2532 1810 1978 1945 1560 1978 1595 2017
2217 178 1352 1283 618 1198 569 787 1072 1327 1604 1050 961 657 826 1141 1313 1175 2050 1209 1140 1287 1878 0 1993 937 980 1661 1150 2262 900 440 1957 1900 1878 1007 2023 1409 1835 2221 1537 1082 1190 1385 1050 1704 760 2219 1952 85 123 766 1901 1246 1529 962 1362 981 1391 918 2084 1191 1294 2115 1616 1268 1745 2322 552 1284 971 1731 647 2292 1924 846 1159 853 791 1100 1774 1562 1888 1028 1608 1691 650 2085 2032 1287 974 1197 1295 1214 1965 1375 1326 1617 2137 1548 1783 2111 643 1492 1216 1131 843 1192 1246 886 1324 944 1379 1440 2106 2138 1201 1406 1057 2153 1240 2071 1913 1837 1222 479 873 1917 1410 1425 738 1480 935 2163 1104 836 1413 1225 2010 1049 891 1420 2298 1038 1937 2151 821 1833 1893 904 1656 1120 1409 2081 1367 1427 2172 1112 1761 455 2190 1409 1878 1107 2023 1042 860 1752 1998 1680 1722 1455 1339 1100 1352 1189 2013 1999 961 1400 2021 1912 214 799 974 1143 1367 1702 1946 1710 1771 795 2024 320 1002 1258 950 1291 895 900
351 2132 1117 2323 1826 1404 1997 2071 1331 1164 2212 1363 1261 2239 1503 1353 1159 1992 277 2026 2644 2483 2839 1993 0 2618 2021 2083 1968 452 1717 2045 926 2862 1652 1455 2985 1051 2652 249 2354 2547 1919 1993 958 1894 1284 1994 631 1910 2078 1284 1675 838 594 1779 2382 2022 798 1735 1858 1714 2111 1469 509 1290 1543 456 1980 2095 1354 358 2502 320 564 1407 1363 2246 1510 1918 1084 537 857 1393 930 443 2155 1720 1001 1837 1019 1510 2112 1822 419 1090 864 493 1911 844 640 345 2225 2100 1410 2707 2527 2697 2292 2391 2141 2449 2954 3178 552 1912 1515 1936 1172 1927 1415 3033 1688 1177 1683 1989 1386 1691 1171 1145 1425 801 2440 1937 2144 1898 2453 2265 978 2529 1563 638 440 1647 1048 1925 2048 2023 532 1478 703 2160 2017 215 1103 812 1946 2153 1951 2061 483 2017 719 1715 461 1210 2288 700 967 2497 347 2048 2156 1918 1131 1797 513 1332 2391 1150 1795 1014 2152 1194 1875 1446 2184 2341 1862 714 693 1762 993 1807 999 1171 2159 1193 1570 2516
2843 793 1909 1477 1175 1824 806 949 1698 1885 2058 1607 1586 466 1452 1699 1873 1801 2676 1835 824 1780 2120 937 2618 0 1538 2219 1776 2888 1526 1157 2515 2142 2435 1573 2265 1967 2461 2847 2163 1340 1737 1942 1676 2262 1386 2777 2578 984 852 1392 2459 1872 2154 1588 1955 1474 2017 1544 2642 1749 1920 2672 2242 1859 2302 2948 789 1831 1591 2357 319 2918 2482 1472 1785 1346 1433 1726 2332 2188 2446 1634 2200 2317 466 2643 2590 1845 1599 1755 1921 1771 2591 1933 1952 2243 2694 2105 2341 2684 1326 2050 1774 917 157 876 1262 256 1950 261 1165 1196 2732 2695 1759 1964 1683 2711 1797 2313 2471 2395 1780 1090 1499 2475 1968 1983 1364 2106 337 2721 1496 1293 1655 1269 2567 954 1503 2046 2924 1596 2495 2709 1130 2390 2450 1546 2214 1517 1966 2707 1925 2053 2730 1496 2319 1174 2816 1967 2504 1665 2580 1668 995 2309 2556 2306 2348 2013 1965 1726 1909 1747 2571 2556 982 1958 2579 2469 794 1425 1506 1750 1993 1944 2504 2268 2329 1352 2582 1217 1628 1884 1157 1917 1525 174
2289 1058 1041 547 475 979 894 717 911 1017 1019 739 837 1158 1143 830 1005 1492 2122 1526 1169 1794 1081 980 2021 1538 0 1170 1467 2340 1217 1150 1646 1104 1567 699 1227 1099 2152 2241 1854 1662 356 889 1129 1267 841 1909 2039 895 1065 872 1590 1324 1607 1279 1882 382 1477 1235 1773 877 1611 1804 1654 996 1434 2395 899 450 745 1800 1421 2273 1614 905 950 1360 810 1417 1464 1640 1577 774 1331 1770 1074 1774 1722 898 1052 886 1612 485 1741 1065 1412 1695 1826 1237 1472 1816 1339 997 905 1822 1446 1222 520 1310 1641 1368 2068 2240 2193 1827 891 915 1009 1843 929 1275 1603 1526 909 1104 796 1606 1099 1115 952 1412 1331 1852 309 359 677 494 1699 824 659 1498 2376 613 1626 1840 535 1522 1582 717 1345 286 913 2153 1056 1513 1862 317 1451 1165 2270 914 1965 589 1712 969 919 1441 1688 1997 1800 960 1656 1417 1041 663 1702 1688 821 1089 1711 1601 1136 927 334 889 1684 906 1635 1399 1461 571 1714 912 1080 1126 646 1159 697 1435
2363 1739 1103 1415 1156 1058 1577 1400 1101 1079 605 802 1114 1839 1657 804 1067 2048 2195 2083 2087 2475 1232 1661 2083 2219 1170 0 2024 2417 1773 1831 1709 1254 1294 1253 1377 1161 2709 2303 2410 2343 814 425 1403 312 1333 1739 2179 1576 1746 1333 1533 1599 1878 1835 2439 1309 1808 1791 1700 601 2167 1867 1717 956 1258 2469 1580 946 1209 1870 2102 2335 1676 1417 1016 2041 1359 1974 1526 1841 1640 1166 1394 1888 1755 1831 1784 462 1326 721 2169 686 1803 1127 1743 1805 1616 1299 1535 1878 2020 379 829 2503 2127 2140 1417 1991 2198 2049 2749 2920 2402 1847 679 255 1224 1673 841 1425 1427 1589 586 1785 1312 1637 1114 1177 1474 1474 2040 1708 1245 1228 1481 1391 1762 1722 1265 1713 2452 658 1689 1671 1378 706 1644 1266 1408 1204 454 2227 1119 1844 1692 1253 634 1846 2354 352 2267 865 1775 1184 1724 1503 1750 2554 1895 297 2213 1974 1104 643 1765 1751 1766 1152 1303 1664 1817 1342 1205 1130 2240 733 1117 1462 1523 1092 1776 1593 1355 1189 1489 1222 1273 2116
2192 1290 1390 1770 1105 1173 1155 1347 1047 1367 2091 1304 936 1397 661 1294 1320 290 2025 121 1802 739 2365 1150 1968 1776 1467 2024 0 2237 523 1203 1997 2388 1917 999 2511 1412 817 2196 518 1407 1678 1872 1025 1835 735 2259 1927 1068 1236 741 1941 1221 1504 585 638 1468 1366 541 2124 1655 196 2154 1591 1264 1858 2297 1138 1772 946 1706 1660 2267 1964 821 1134 969 968 144 1814 1537 1928 1003 1583 1666 1313 2125 2072 1766 949 1451 198 1701 1940 1415 1301 1592 2176 1587 1823 2086 1091 1980 1350 1797 1685 1855 1738 1549 227 1607 2035 2336 2081 2177 1456 1877 1032 2193 1370 2559 1953 1877 1624 1147 848 1957 1450 1465 713 1455 1598 2203 1591 1324 1900 1712 2049 1720 1025 1395 2273 1521 1977 2191 1327 1964 1932 940 1696 1607 1896 2056 1405 1402 2212 1599 1892 1219 2165 1896 1853 1490 2062 1017 1446 1791 2038 662 1697 1943 291 52 1391 1677 2053 2039 1549 1440 2061 1952 1310 774 1461 1118 269 2190 2077 1750 1811 1282 2064 965 977 1233 1438 1266 1032 1674
173 2401 1361 2643 2149 1716 2266 2393 1628 1408 2545 1696 1531 2509 1772 1686 1402 2261 284 2296 2914 2753 3173 2262 452 2888 2340 2417 2237 0 1986 2315 1290 3195 1985 1725 3318 1295 2922 338 2623 2817 2252 2326 1227 2228 1553 2327 549 2179 2347 1554 2009 1108 864 2048 2652 2341 1067 2005 2192 2048 2380 1802 778 1601 1877 121 2249 2428 1624 621 2771 380 928 1677 1697 2515 1779 2187 1417 806 1221 1662 1178 712 2424 2053 1365 2170 1288 1844 2382 2155 696 1334 1083 762 2244 1178 953 749 2494 2434 1743 2977 2796 2966 2611 2660 2411 2718 3223 3448 381 2245 1848 2270 1441 2261 1748 3366 2021 1511 2016 2259 1655 2025 1505 1389 1694 1071 2709 2271 2464 2232 2773 2585 1343 2832 1832 908 96 1980 1381 2259 2374 2356 896 1748 1036 2480 2350 264 1347 1027 2280 2472 2285 2330 234 2351 591 2049 853 1480 2558 1013 1331 2767 550 2382 2426 2187 1429 2131 885 1665 2660 1394 2129 1348 2422 1463 2208 1716 2453 2674 2195 1025 970 2096 1357 2077 1269 1440 2484 1462 1840 2785
1942 1039 1139 1519 854 922 904 1096 796 1116 1841 1053 685 1147 301 1043 1069 488 1774 581 1551 947 2115 900 1717 1526 1217 1773 523 1986 0 953 1746 2137 1667 748 2260 1161 1208 1945 909 1435 1427 1621 775 1584 484 2008 1676 817 985 491 1690 970 1253 166 853 1218 1115 73 1873 1405 666 1904 1340 1013 1607 2047 887 1521 695 1456 1409 2016 1713 570 883 1079 717 473 1563 1287 1677 752 1333 1416 1062 1874 1821 1515 698 1201 667 1450 1689 1164 1050 1342 1926 1337 1572 1835 815 1729 1100 1614 1434 1604 1488 1298 697 1356 1861 2085 1831 1927 1205 1626 781 1942 1120 2308 1702 1626 1373 896 597 1706 1199 1214 463 1204 1347 1952 1341 1073 1649 1462 1799 1470 774 1144 2022 1270 1726 1940 1076 1713 1682 689 1445 1357 1645 1806 1154 1151 1961 1349 1641 968 1914 1646 1602 1239 1812 766 1196 1541 1787 1053 1446 1692 712 473 1141 1426 1802 1788 1298 1189 1810 1701 1060 523 1210 868 739 1939 1826 1499 1560 1031 1813 715 726 982 1187 1015 782 1423
2270 495 1468 1453 788 1251 837 1029 1125 1445 1774 1219 1013 960 879 1311 1397 1228 2102 1262 1457 847 2048 440 2045 1157 1150 1831 1203 2315 953 0 2075 2070 1995 1077 2193 1490 1888 2274 1589 715 1360 1555 1103 1874 813 2337 2005 414 494 819 2018 1298 1581 833 922 1151 1444 971 2201 1361 1346 2232 1668 1342 1908 2375 820 1454 1023 1784 936 2345 2042 899 1211 413 1017 1153 1892 1615 2005 1080 1661 1744 968 2202 2150 1457 1026 1367 1348 1383 2018 1493 1379 1670 2254 1665 1901 2164 203 1662 1386 959 1132 1510 1421 1204 1377 1262 1206 1430 2159 2255 1371 1576 1110 2271 1410 2241 2031 1955 1392 68 926 2034 1528 1543 791 1533 1253 2280 1274 1006 1583 1395 2127 1367 1093 1473 2350 1208 2055 2268 1009 2003 2010 1018 1773 1290 1579 2134 1483 1479 2290 1282 1931 45 2243 1579 1931 1277 2140 1095 1129 1869 2116 1733 1775 1625 1338 1153 1469 1359 2130 2116 1231 1517 2139 2029 433 852 1143 1196 1420 1872 2116 1828 1889 964 2142 332 1054 1311 1120 1344 1110 1189
1232 2036 863 1949 1452 1030 1873 1697 1074 804 1838 989 1087 2136 1630 979 889 2021 1069 2056 2474 2513 2465 1957 926 2515 1646 1709 1997 1290 1746 2075 0 2487 1054 1226 2610 885 2682 1072 2383 2577 1545 1619 1278 1520 1306 1395 1119 1872 2042 1306 1077 1206 1061 1808 2412 1647 1282 1764 1205 1340 2140 702 1002 916 983 1338 1876 1721 1182 796 2398 1081 436 1390 989 2275 1409 1947 376 1010 108 1139 811 936 2051 953 111 1462 1296 1136 2142 1448 711 843 1348 958 1312 470 447 621 2254 1726 1036 2736 2423 2526 1917 2287 2171 2345 2983 3204 1295 1182 1141 1562 1197 1329 1040 2658 1089 511 1309 2018 1285 1085 797 783 1447 892 2336 1284 1770 1524 2079 1891 89 2155 1448 1122 1322 1272 282 1327 1674 1595 404 1373 315 1786 1643 1096 863 1279 1348 1778 1574 2090 1227 1643 1207 1341 518 1157 2020 460 80 2527 836 1674 2186 1947 757 1423 508 566 2072 799 1197 208 2113 1315 1501 1128 2213 1966 1263 481 530 1388 103 1837 1296 1006 1785 1039 1463 2412
3142 1979 1882 905 1395 1820 1816 1640 1820 1858 679 1580 1757 1908 2063 1671 1846 2412 2974 2446 1644 2715 281 1900 2862 2142 1104 1254 2388 3195 2137 2070 2487 0 2314 1619 245 1940 3072 3082 2774 2582 1208 948 2049 1403 1761 2750 2952 1815 1985 1792 2431 2244 2527 2199 2802 1212 2398 2155 2614 1342 2531 2645 2495 1837 2191 3247 1785 1302 1665 2649 2218 3114 2455 1825 1791 2280 1730 2338 2305 2561 2418 1694 2172 2666 1811 2615 2563 1206 1972 1578 2532 1274 2582 1906 2333 2584 2636 2078 2313 2656 2259 943 1730 2742 2076 1697 1001 1896 2561 1960 2989 3160 3113 2668 1555 1081 1930 2684 1758 293 2443 2367 1330 2024 1716 2447 1940 1956 1873 2253 1842 2693 863 1296 879 975 2540 1278 1580 2418 3231 1251 2467 2681 1472 1725 2423 1637 2186 856 883 3006 1897 2434 2703 854 1654 2086 3132 929 2885 1457 2553 1889 1529 2282 2529 2917 2673 969 2576 2338 1882 1236 2543 2529 1363 1930 2323 2442 2056 1847 1380 1756 2604 566 2137 2240 2302 1527 2555 1832 2000 1967 1582 2000 1617 2040
1932 1956 841 1870 1372 951 1794 1617 995 797 1664 909 1008 2056 1551 899 809 1942 1764 1976 2394 2433 2291 1878 1652 2435 1567 1294 1917 1985 1667 1995 1054 2314 0 1147 2437 899 2602 1872 2304 2497 1465 1485 1294 1079 1226 559 1781 1793 1963 1227 321 1492 1622 1729 2332 1568 1673 1685 520 1261 2061 840 1455 837 612 2038 1797 1641 1102 1458 2319 1904 1245 1310 910 2196 1330 1867 698 1579 1084 1060 1132 1544 1972 648 1157 1381 1220 1057 2062 1368 1372 859 1637 1543 476 868 1104 1447 2175 1438 956 2657 2344 2447 1838 2208 2091 2266 2904 3125 1991 635 1061 1234 1118 493 970 2485 215 760 1229 1939 1206 428 727 884 1367 1212 2257 548 1691 1445 2000 1812 1135 2076 1369 1451 2021 1193 918 491 1595 655 1213 1294 977 1707 1514 1796 857 1737 512 1699 660 2011 1922 1412 1869 1262 1343 1077 1941 1072 1036 2447 1497 1356 2106 1867 759 1344 1333 922 1992 856 319 893 2034 1235 1422 1049 2134 1793 323 1031 1092 1309 1149 1757 1248 927 1706 960 1383 2333
1680 1094 619 1001 510 392 932 755 285 596 1249 525 210 1194 670 523 549 1024 1513 1058 1526 1515 1596 1007 1455 1573 699 1253 999 1725 748 1077 1226 1619 1147 0 1742 671 1684 1684 1385 1579 909 1030 513 1064 268 1489 1454 925 1093 299 1170 709 991 810 1414 700 900 767 1353 842 1142 1384 1079 493 1087 1785 935 1003 128 1194 1456 1755 1193 340 353 1277 323 949 1043 1025 1157 148 904 1154 1109 1354 1301 938 436 679 1144 859 1321 644 835 1080 1406 817 1052 1395 1256 1138 580 1739 1482 1578 970 1346 1173 1404 1985 2210 1616 1407 683 1052 384 1422 600 1790 1182 1106 851 1021 207 1186 679 694 449 928 1395 1432 822 604 1131 943 1279 1207 295 883 1761 680 1206 1420 735 1193 1162 232 925 838 1054 1544 634 936 1441 831 1121 1092 1655 1054 1388 648 1292 344 1079 1021 1267 1529 1185 1101 1188 949 621 835 1282 1268 1124 669 1290 1181 1161 354 692 264 1215 1378 1306 979 1040 489 1293 839 465 646 846 679 310 1471
