NAME: zurich_200_14
COMMENT: TSP instance with 200 nodes. City: Zurich, Switzerland, Seed: 56
TYPE: TSP
DIMENSION: 200
EDGE_WEIGHT_TYPE: EXPLICIT
EDGE_WEIGHT_FORMAT: FULL_MATRIX
NODE_COORD_SECTION:
1 47.4954531 8.7327103
2 47.3414143 8.5304866
3 47.5348682 8.5708697
4 47.2158528 8.6636776
5 47.4967108 8.2768107
6 47.5233389 8.5462747
7 47.3531286 8.3077043
8 47.48109 8.4916048
9 47.2094832 8.5435127
10 47.2696936 8.4289019
11 47.3761441 8.5376144
12 47.3928899 8.621604
13 47.4117487 8.447365
14 47.2319777 8.6643348
15 47.436311 8.2914018
16 47.4076554 8.5318587
17 47.4114969 8.6361835
18 47.2217521 8.6866839
19 47.2005551 8.7716559
20 47.4575162 8.7715639
21 47.4676543 8.313638
22 47.5210867 8.5473415
23 47.5476878 8.2907489
24 47.5290786 8.4604704
25 47.2722984 8.4391301
26 47.2523247 8.774813
27 47.4984279 8.2821963
28 47.4138793 8.6422355
29 47.4085993 8.5258061
30 47.4231216 8.3677158
31 47.2088397 8.2958798
32 47.361831 8.7191495
33 47.3292903 8.7841021
34 47.3463134 8.5697419
35 47.421886 8.3731767
36 47.3705994 8.3421818
37 47.5081229 8.7721782
38 47.2300329 8.6738284
39 47.3429054 8.6009859
40 47.3642921 8.5461677
41 47.3819467 8.4836377
42 47.541792 8.4754316
43 47.4290072 8.3596144
44 47.2603381 8.5895265
45 47.3885678 8.3302707
46 47.3846608 8.5296022
47 47.4428772 8.386181
48 47.3079676 8.3220656
49 47.2854941 8.6262053
50 47.2752516 8.3297791
51 47.3001607 8.6344362
52 47.3584926 8.4478552
53 47.4337793 8.3463507
54 47.2289408 8.6726133
55 47.4917311 8.7354934
56 47.298517 8.7441086
57 47.515927 8.6952522
58 47.228878 8.3897204
59 47.4976688 8.5500714
60 47.299987 8.6221679
61 47.3076576 8.3242673
62 47.1972378 8.7983516
63 47.5088029 8.7214279
64 47.3334651 8.5726545
65 47.3796343 8.5189619
66 47.2546491 8.4913883
67 47.2630684 8.5885842
68 47.4807333 8.4895089
69 47.4742271 8.2881239
70 47.4989087 8.6080564
71 47.4110772 8.5327586
72 47.2552492 8.3738704
73 47.1946776 8.3902301
74 47.5091536 8.36716
75 47.2781413 8.5771532
76 47.2770245 8.409643
77 47.4239467 8.3690678
78 47.534994 8.5674644
79 47.420319 8.5562339
80 47.2575492 8.5932496
81 47.3744097 8.5564125
82 47.2900619 8.6055451
83 47.4834599 8.4552115
84 47.3539237 8.7162479
85 47.3807132 8.6774446
86 47.3730473 8.5365181
87 47.273975 8.7197786
88 47.5270394 8.5793994
89 47.4780095 8.3011482
90 47.406175 8.5730273
91 47.4182601 8.3791827
92 47.380678 8.5965188
93 47.4135543 8.44868
94 47.4718426 8.5147296
95 47.2921992 8.7022711
96 47.4325706 8.6690961
97 47.3582597 8.7310633
98 47.5265666 8.4401265
99 47.3553195 8.4425472
100 47.4067172 8.5414812
101 47.3053249 8.3806474
102 47.3581282 8.5897535
103 47.3188992 8.5882873
104 47.5168797 8.5423491
105 47.3751322 8.7888295
106 47.4117355 8.533424
107 47.3566453 8.3340536
108 47.4669002 8.5133604
109 47.5141374 8.5317637
110 47.3688231 8.3814025
111 47.40624 8.4723703
112 47.4489505 8.5809428
113 47.4300429 8.6822207
114 47.3082505 8.7547434
115 47.5480992 8.719747
116 47.3279399 8.8021845
117 47.5358467 8.2857666
118 47.4975949 8.4569388
119 47.3132924 8.7200235
120 47.3981481 8.5403029
121 47.4277067 8.676772
122 47.3730849 8.3728556
123 47.39969 8.4772415
124 47.5455272 8.6818574
125 47.2047577 8.3546086
126 47.3340042 8.477828
127 47.3594519 8.2815951
128 47.481361 8.5057642
129 47.3928414 8.612969
130 47.3862717 8.5350225
131 47.2778104 8.44853
132 47.3541284 8.7237505
133 47.2478133 8.7209565
134 47.4231273 8.6309455
135 47.2488189 8.5310816
136 47.3680988 8.6809828
137 47.460272 8.3155846
138 47.2823943 8.3995768
139 47.5339333 8.7612508
140 47.3728506 8.6833455
141 47.4893403 8.2943057
142 47.4918517 8.5588678
143 47.1979314 8.7674906
144 47.295578 8.6021539
145 47.3395008 8.473495
146 47.4368105 8.5318384
147 47.4361902 8.3564017
148 47.2850028 8.6341285
149 47.4254249 8.4868745
150 47.3664676 8.5452621
151 47.4352916 8.2936687
152 47.2480821 8.3689515
153 47.4019229 8.4059169
154 47.4044646 8.5460997
155 47.4493291 8.5274699
156 47.1996798 8.4786965
157 47.4091844 8.4599108
158 47.3990846 8.41779
159 47.2385246 8.2766162
160 47.4936015 8.7429308
161 47.3685539 8.5508201
162 47.4752388 8.305219
163 47.3485123 8.708638
164 47.3970834 8.4626204
165 47.5274085 8.5483705
166 47.21906 8.6692568
167 47.4073445 8.3259996
168 47.3497833 8.7252341
169 47.4678458 8.3206548
170 47.3864832 8.5501665
171 47.3588173 8.5481498
172 47.3607001 8.5847646
173 47.199017 8.6861971
174 47.504459 8.7294713
175 47.3489023 8.5309777
176 47.3520806 8.712068
177 47.4368141 8.7647678
178 47.5355433 8.5830336
179 47.3788794 8.3005177
180 47.3942553 8.5325738
181 47.4405914 8.2878192
182 47.3722513 8.5256057
183 47.393062 8.5290934
184 47.4265241 8.3653707
185 47.3680582 8.5540072
186 47.1980138 8.7695288
187 47.3138472 8.5419611
188 47.4489359 8.5300226
189 47.4717723 8.3074524
190 47.4810582 8.5264745
191 47.393017 8.6430539
192 47.278164 8.6167708
193 47.5134197 8.4675996
194 47.4315642 8.7624348
195 47.4212801 8.5384811
196 47.3908138 8.6952357
197 47.4117401 8.5256956
198 47.5256934 8.5515566
199 47.474469 8.7956167
200 47.3598244 8.7299294
EDGE_WEIGHT_SECTION:
0 1471 1016 2021 2045 1159 2055 1381 2397 1907 1124 887 1314 2063 1953 1047 655 2198 2595 431 1760 1139 2419 1648 1876 1919 2073 689 1079 1530 3123 1028 1263 1448 1490 2004 310 2112 1452 1204 1357 1639 1614 1968 2090 1086 1612 2324 1855 2516 1697 1628 1685 2116 34 1437 328 2397 1243 1762 2340 2724 180 1513 1195 2219 1943 1398 1890 1037 1049 2271 2903 1984 1808 2032 1521 1044 983 1954 1190 1909 1470 1041 890 1137 1659 934 1843 912 1453 957 1268 1251 1600 637 990 1782 1612 996 2071 1312 1698 1184 1152 1080 1956 1184 1259 1599 1385 1010 552 1352 551 1379 2385 1616 1378 957 664 1702 1336 543 2771 1741 2281 1344 857 1011 1951 1025 1945 691 2199 982 1727 2122 408 942 1916 1225 2611 1887 1715 1048 1630 1845 1209 1186 1984 2346 1469 952 1100 2361 1374 1422 2961 69 1162 1752 1094 1428 1157 2090 1963 1080 1739 1097 1258 1305 2052 109 1415 1052 577 926 2220 1042 1969 1210 1077 1548 1190 2617 1688 1072 1727 1258 856 1970 1669 622 1029 878 1079 1152 512 979
1471 0 1549 701 1558 1326 1008 1323 1077 728 377 967 915 743 1425 684 922 878 1275 1697 1273 1307 2011 1628 697 1785 1586 956 714 1043 1944 1295 1530 570 1003 957 1747 792 772 326 583 1619 1127 647 1071 498 1125 1278 1182 1377 1143 672 1198 796 1472 1352 1393 1218 1244 1108 1294 1404 1487 635 430 962 623 1340 1403 1399 720 1092 1724 1824 488 853 1034 1582 788 634 434 1031 1375 1308 1157 352 1373 1506 1355 773 966 701 925 1193 1266 1162 1257 1762 573 714 976 691 820 1248 1648 767 909 1126 1243 941 792 952 1215 1437 1731 1645 1977 1544 1404 582 1223 952 712 1616 1592 562 1235 1286 887 490 772 1292 1655 961 858 1245 1240 942 1694 1209 1428 1198 1291 1009 536 981 1143 1230 948 313 1447 1167 837 645 1042 1182 872 764 1785 1519 359 1265 1361 721 1349 770 1197 1347 1252 554 380 656 732 1489 211 1319 1572 1595 1173 571 1464 354 600 1061 390 1297 368 1014 1239 1200 1043 1112 1619 1542 876 1204 723 1363 1899 1246
1016 1549 0 2099 1924 317 2042 790 2476 1957 1202 1145 1302 2141 1941 1111 1058 2276 2673 1436 1718 297 1759 806 1926 2322 1926 1092 1157 1518 3173 1431 1666 1526 1477 1991 1206 2191 1664 1282 1435 797 1602 2046 2077 1165 1479 2312 2089 2503 1931 1616 1672 2194 1049 1841 730 2447 558 1996 2328 2802 929 1592 1273 2268 2021 807 1877 446 1084 2321 2953 1324 1886 2082 1508 87 878 2033 1269 1987 864 1444 1293 1216 2062 100 1830 1042 1440 1191 1255 677 1978 1021 1393 940 1599 1074 2058 1546 1777 342 1751 1074 1943 719 417 1586 1398 720 1038 1755 971 1782 1725 804 1781 1036 1091 1689 1371 713 2821 1791 2268 765 1091 1089 2001 1428 2349 1039 2277 1385 1694 2171 1045 1345 1769 547 2689 1965 1764 989 1617 2079 1196 1265 1971 2396 1457 1031 888 2411 1362 1409 2961 1073 1240 1739 1498 1453 315 2168 1950 1483 1649 1176 1336 1527 2130 952 1494 1455 1507 190 2207 1121 1956 1288 1156 1535 1269 2695 1767 884 1714 564 1183 2069 843 1477 1010 1340 1112 310 1516 1383
2021 701 2099 0 2044 1876 1494 1873 746 1213 919 1558 1400 246 1910 1228 1472 282 721 2247 1759 1857 2496 2178 1183 2425 2072 1506 1253 1529 2429 1845 2080 1210 1488 1443 2298 203 1412 966 1097 2170 1613 443 1556 1040 1611 1763 1823 1863 1783 1158 1683 201 2022 1992 1943 1564 1794 1748 1779 850 2037 1276 943 1060 473 1891 1888 1949 1264 1577 2078 2309 600 1338 1519 2132 1338 400 1074 1671 1901 1858 1707 902 2014 2056 1841 1324 1451 1342 1412 1743 1906 1713 1807 2306 1059 1264 1462 1331 1461 1798 2198 1311 1395 1676 1793 1427 1306 1502 1765 2077 2281 2196 2463 2071 2044 1133 1773 1437 1226 2166 1955 1047 1720 1836 1498 1036 1257 1842 2295 1512 872 1799 1726 1428 2244 1759 1914 1748 737 1649 1021 1531 1628 1871 1460 953 1933 1652 1322 1195 1593 1170 1386 1249 2270 2070 999 1750 1912 1235 1899 69 1683 1897 1738 1167 1020 1296 204 2039 901 1869 2122 2146 1659 1114 1949 868 1133 1547 1030 743 641 1564 1725 1751 1597 1753 2169 2092 1426 1754 1267 1913 2450 1797
2045 1558 1924 2044 0 1682 1446 1351 2346 1544 1372 1583 1120 2086 642 1299 1496 2221 2618 2271 410 1662 833 1432 1514 2761 57 1531 1285 758 2761 1869 2104 1696 772 1160 2322 2135 1890 1452 1184 1554 763 1990 1008 1281 880 1776 2309 2091 2261 1203 702 2138 2047 2279 1968 2035 1727 2234 1792 2747 2061 1762 1239 1856 1965 1349 477 1882 1290 1908 2540 758 1830 1670 749 1961 1349 1977 1535 2157 1150 1882 1731 1368 2489 1934 298 1496 825 1629 1101 1552 2384 1737 1831 1309 1187 1370 1646 1802 1947 1629 2222 1343 1373 1486 1581 1174 1242 1429 1789 2193 2306 2220 799 1165 2220 1312 1798 1206 1060 2190 2409 1378 1369 1489 1529 1312 1588 1866 2773 1536 1962 1823 472 1759 2268 1783 184 1681 2633 2135 1352 1335 820 2357 1036 1440 672 1984 944 1395 1391 1998 1207 989 2548 2094 1474 295 1936 1112 1716 2112 886 1921 436 1479 1507 1766 2075 2063 1578 1893 2147 2028 1229 1301 658 1336 1274 714 1503 2639 1711 1374 334 1560 1621 2239 1307 2116 1331 1778 1243 1729 2474 1821
1159 1326 317 1876 1682 0 1819 548 2253 1734 979 922 1079 1918 1718 888 835 2053 2450 1579 1475 20 1516 543 1703 2100 1684 869 934 1295 2950 1208 1443 1303 1254 1768 1350 1968 1441 1059 1212 534 1379 1823 1854 942 1237 2089 1866 2280 1708 1393 1449 1971 1192 1618 873 2224 342 1773 2105 2579 1072 1369 1050 2045 1798 565 1654 528 861 2098 2730 1081 1663 1859 1285 345 656 1810 1046 1764 621 1221 1070 993 1839 306 1606 819 1217 968 1032 461 1755 1041 1170 677 1376 851 1835 1323 1554 79 1561 851 1720 503 154 1363 1175 551 1106 1532 1137 1559 1483 562 1558 813 1101 1466 1148 879 2598 1568 2046 549 868 866 1778 1205 2126 875 2054 1162 1452 1948 1188 1122 1526 331 2466 1742 1541 773 1394 1856 973 1042 1748 2173 1234 808 672 2188 1139 1186 2738 1217 1017 1516 1275 1230 43 1945 1727 1260 1406 953 1113 1304 1907 1095 1271 1232 1485 399 1984 898 1733 1065 933 1313 1046 2472 1544 668 1485 348 960 1846 580 1455 787 1117 889 56 1660 1160
2055 1008 2042 1494 1446 1819 0 1487 1796 934 1086 1592 986 1536 815 1309 1506 1671 2068 2281 1204 1799 1899 1889 964 2592 1475 1540 1295 1063 1567 1879 2114 1376 1022 351 2331 1585 1579 1133 1053 1967 1115 1440 464 1207 1197 505 1989 832 1950 754 1194 1589 2056 2159 1977 1024 1736 1914 521 2197 2071 1442 1110 1292 1415 1504 1243 1892 1299 827 1425 1712 1280 924 1053 2075 1358 1427 1241 1838 1487 1891 1741 1069 2180 1999 1244 1475 989 1508 998 1563 2073 1746 1841 1893 654 1380 573 1498 1627 1741 2232 1353 124 1495 1736 545 1129 1439 1799 2203 2315 2229 1865 1657 2211 1299 1807 527 1011 2199 1292 828 226 1625 1539 1203 1038 1876 2462 1545 1412 1833 1258 827 2278 1793 1317 1691 2083 1816 802 1345 1214 2037 1046 1120 831 902 834 1362 1401 1448 1093 835 1304 2103 1165 1153 1945 993 1842 1562 591 1931 1230 1334 1187 1463 1525 2073 1088 1903 2156 2088 328 1280 876 1035 1282 1073 1197 2090 1161 1383 1128 1570 1631 1919 1790 2126 1340 1788 1253 1855 2483 1830
1381 1323 790 1873 1351 548 1487 0 2203 1402 976 919 747 1915 1300 717 832 2050 2447 1607 1051 528 1185 463 1371 2097 1353 867 703 963 2618 1205 1440 1300 922 1436 1658 1965 1438 1056 930 540 1047 1820 1522 939 813 1757 1863 1948 1705 1061 1117 1968 1383 1615 1304 1892 496 1770 1773 2576 1397 1366 1010 1714 1795 19 1231 863 707 1766 2398 750 1660 1527 953 828 638 1807 1043 1761 212 1218 1067 990 1836 800 1184 803 885 965 700 204 1752 1073 1167 539 1044 788 1503 1320 1551 496 1558 760 1388 197 447 1031 708 680 1125 1529 1615 1556 1152 324 1555 798 1134 1135 849 1357 2266 1236 1714 140 865 863 1446 1202 2123 872 1819 1159 1027 1616 1604 1119 1195 484 2463 1739 1210 511 1003 1853 641 1039 1330 1841 902 787 407 1856 787 854 2406 1430 1014 1093 1272 898 582 1942 1395 1257 982 950 1110 1301 1904 1399 1268 1229 1482 894 1652 851 1315 1062 886 981 1043 2469 1541 404 1060 265 957 1843 419 1452 655 1114 661 595 1810 1157
2397 1077 2476 746 2346 2253 1796 2203 0 906 1296 1935 1702 843 2213 1605 1848 978 1393 2623 2061 2233 2799 2555 858 2801 2374 1883 1629 1831 1981 2221 2457 1586 1791 1745 2674 892 1788 1343 1473 2546 1915 783 1859 1417 1913 1669 2199 1555 2160 1446 1985 896 2399 2368 2320 1110 2170 2124 1685 1522 2413 1652 1320 718 812 2221 2191 2325 1641 1180 1624 2612 939 1031 1822 2508 1714 740 1450 2048 2203 2234 2084 1279 2390 2433 2143 1700 1753 1718 1714 2120 2283 2089 2183 2609 1351 1641 1362 1708 1837 2175 2574 1688 1697 2053 2170 1729 1683 1879 2142 2454 2658 2572 2765 2373 2421 1509 2150 1740 1602 2542 1501 1198 2022 2212 1875 1413 912 2218 2672 1888 534 2175 2028 1120 2621 2135 2216 2124 1409 2025 1246 1907 1930 2247 1762 1330 2235 1255 1625 1572 1969 544 1763 1552 1853 2446 1375 2053 2288 1611 2276 788 1985 2273 2040 1544 1397 1672 839 2415 1277 2245 2499 2522 1961 1490 2252 1245 1510 1849 1406 1415 1018 1940 2027 2127 1973 2129 2506 2469 1803 2131 1644 2289 2826 2173
1907 728 1957 1213 1544 1734 934 1402 906 0 805 1444 901 1255 1408 1114 1358 1390 1787 2133 1259 1714 1997 1804 74 2311 1573 1392 1139 1029 1239 1731 1966 1096 989 941 2184 1304 1298 852 955 1882 1113 1160 1054 926 1111 763 1709 650 1670 649 1184 1308 1908 1878 1829 513 1651 1634 779 1916 1923 1162 830 417 1135 1419 1389 1806 1150 387 1018 1810 1000 125 1020 1989 1224 1146 960 1557 1402 1744 1593 788 1900 1914 1342 1210 952 1228 912 1478 1792 1599 1693 1808 550 1151 456 1218 1347 1656 2084 1197 887 1410 1650 927 1044 1353 1651 1963 2167 2082 1963 1571 1930 1019 1660 938 926 2052 887 488 1161 1540 1384 922 149 1728 2181 1398 610 1685 1226 215 2130 1645 1415 1605 1803 1535 461 1260 1129 1757 960 840 1431 462 823 1081 1315 558 1007 750 1068 1956 885 1251 1798 908 1757 1282 1181 1783 1238 1053 906 1182 1244 1925 807 1755 2008 2003 1088 1000 1447 754 1019 1047 916 1809 881 1298 1226 1485 1483 1639 1705 1978 1255 1640 1153 1770 2336 1683
1124 377 1202 919 1372 979 1086 976 1296 805 0 661 666 961 1281 337 575 1096 1493 1350 1088 959 1825 1281 775 1567 1401 609 367 858 2022 948 1183 407 817 1035 1400 1010 554 163 364 1272 942 866 1148 182 939 1356 1019 1455 926 604 1012 1014 1125 1134 1046 1296 897 945 1371 1622 1140 472 176 1117 841 993 1217 1052 373 1169 1801 1541 706 931 848 1235 441 852 195 868 1028 960 810 55 1156 1159 1170 426 780 462 678 846 1048 815 910 1415 649 367 1054 458 657 901 1301 420 987 779 896 933 564 605 868 1219 1384 1298 1792 1197 1186 235 876 1029 458 1268 1670 639 1312 939 601 143 849 945 1437 614 1097 902 1055 1020 1347 862 1243 851 1509 846 613 633 957 1067 675 149 1311 1245 804 298 695 1259 644 731 1862 1172 131 1079 1014 494 1002 988 1275 1000 1067 270 217 423 950 1142 321 972 1225 1248 1251 227 1296 114 256 875 159 1515 587 667 1054 853 700 949 1272 1195 529 857 376 1015 1552 899
887 967 1145 1558 1583 922 1592 919 1935 1444 661 0 852 1600 1491 584 243 1735 2132 1110 1298 902 1956 1224 1414 1441 1611 277 616 1068 2661 590 825 835 1028 1541 1164 1650 605 684 894 1215 1152 1505 1627 624 1149 1862 1008 2053 850 1166 1222 1653 889 999 810 1935 839 915 1878 2261 903 832 732 1756 1480 936 1428 994 586 1809 2441 1521 1345 1570 1058 1177 469 1492 561 1092 1008 602 433 675 1030 1102 1380 385 990 305 805 789 897 565 552 1358 1149 533 1608 504 959 843 943 609 1493 721 838 1137 922 548 622 914 1147 940 1923 1154 839 495 626 1240 873 1032 2309 1279 1819 881 111 548 1489 586 1286 364 1736 497 1265 1659 1110 486 1453 793 2148 1088 1252 585 1167 998 746 666 1522 1884 1007 490 638 1899 912 959 2499 936 641 1289 647 966 945 1627 1500 642 1277 632 730 498 1589 905 912 610 972 1191 1757 580 1507 747 615 1086 658 2154 1226 609 1264 796 159 1130 1214 941 566 443 617 958 1313 541
1314 915 1302 1400 1120 1079 986 747 1702 901 666 852 0 1442 1028 568 765 1577 1974 1540 835 1059 1573 1148 870 2030 1148 800 554 522 2117 1138 1374 989 482 935 1591 1491 1183 746 402 1226 583 1347 1049 575 566 1256 1602 1447 1555 519 653 1495 1316 1548 1237 1391 996 1527 1272 2103 1330 1055 532 1213 1322 764 965 1151 559 1265 1897 1260 1187 1026 513 1334 618 1333 827 1451 747 1151 1001 661 1769 1259 917 765 448 898 52 822 1674 1006 1100 1152 543 639 1002 1095 1240 1000 1491 612 887 755 995 513 183 698 1059 1462 1575 1489 1539 916 1489 604 1067 617 232 1459 1765 735 1213 885 798 605 945 1135 2056 805 1319 1092 802 1115 1537 1052 990 950 1990 1429 709 604 634 1650 305 733 1059 1340 317 685 660 1355 147 244 1905 1363 768 827 1205 198 1102 1469 931 1190 814 771 800 1060 1431 1332 861 1162 1416 1348 1151 593 1044 629 567 533 796 1996 1068 643 801 830 890 1532 1050 1385 600 1047 512 1115 1743 1090
2063 743 2141 246 2086 1918 1536 1915 843 1255 961 1600 1442 0 1952 1271 1514 161 714 2289 1801 1899 2538 2220 1225 2467 2114 1549 1295 1571 2472 1887 2122 1252 1530 1485 2340 75 1454 1008 1139 2212 1655 486 1598 1082 1653 1806 1865 1905 1826 1200 1725 78 2065 2034 1985 1660 1836 1790 1821 843 2079 1318 986 1157 515 1933 1931 1991 1307 1619 2174 2352 642 1380 1561 2174 1380 443 1116 1713 1943 1900 1749 944 2056 2099 1883 1366 1493 1384 1454 1786 1948 1755 1849 2348 1101 1307 1504 1374 1503 1840 2240 1353 1437 1718 1835 1469 1348 1544 1807 2119 2323 2238 2505 2113 2086 1175 1816 1479 1268 2208 2052 1089 1762 1878 1540 1078 1299 1884 2337 1554 969 1841 1768 1470 2286 1801 1956 1790 739 1691 1063 1573 1670 1913 1502 996 1975 1695 1364 1237 1635 1266 1428 1291 2312 2112 1041 1792 1954 1277 1942 178 1725 1939 1780 1209 1062 1338 337 2081 943 1911 2164 2188 1701 1156 1991 910 1175 1589 1072 746 683 1606 1767 1793 1639 1795 2211 2134 1469 1796 1309 1955 2492 1839
1953 1425 1941 1910 642 1718 815 1300 2213 1408 1281 1491 1028 1952 0 1207 1404 2087 2484 2179 399 1698 1094 1559 1380 2669 670 1439 1193 666 2225 1777 2013 1604 663 550 2230 2002 1798 1360 1092 1659 671 1857 398 1190 793 1145 2217 1503 2169 1111 615 2005 1955 2187 1876 1664 1635 2142 1161 2613 1969 1670 1147 1709 1832 1298 439 1790 1198 1467 2066 908 1697 1414 657 1973 1257 1844 1443 2065 1200 1790 1640 1276 2397 1898 439 1404 733 1537 1009 1461 2292 1645 1739 1459 1065 1278 1132 1710 1855 1640 2130 1251 763 1394 1623 805 1150 1337 1698 2102 2214 2128 1061 1306 2128 1220 1706 692 968 2098 1933 1245 738 1438 1437 1220 1455 1774 2681 1444 1829 1731 454 1279 2177 1691 512 1589 2500 2043 1219 1243 733 2265 944 1348 31 1543 852 1304 1299 1865 1115 897 1961 2002 1382 348 1844 1020 1741 1979 312 1829 426 1387 1415 1675 1941 1971 1486 1801 2055 1987 598 1209 61 1245 1183 622 1411 2506 1578 1282 323 1469 1529 2147 1446 2024 1239 1686 1151 1754 2382 1729
1047 684 1111 1228 1299 888 1309 717 1605 1114 337 584 568 1271 1207 0 498 1405 1802 1273 1015 868 1665 1119 1084 1762 1328 532 110 785 2331 871 1106 656 744 1258 1323 1320 793 412 481 1181 869 1175 1344 266 808 1579 1268 1743 1165 788 939 1323 1048 1280 969 1605 805 1193 1594 1931 1063 721 320 1426 1150 734 1144 960 50 1479 2111 1231 1015 1240 775 1144 235 1162 387 1117 717 883 733 351 1395 1068 1097 335 707 588 522 669 1287 738 833 1123 866 123 1325 685 906 810 1224 120 1210 601 805 853 468 509 791 1195 1307 1221 1632 887 1221 108 799 956 460 1191 1979 949 1535 761 524 215 1159 867 1677 537 1407 825 981 1329 1270 785 1170 759 1818 1095 922 410 884 1313 463 394 1238 1554 724 180 477 1569 548 676 2172 1095 370 1006 937 552 911 1297 1217 923 993 313 466 649 1260 1064 629 895 1148 1157 1474 161 1223 401 196 802 398 1824 896 467 981 676 623 1198 1020 1118 229 780 66 924 1475 822
655 922 1058 1472 1496 835 1506 832 1848 1358 575 243 765 1514 1404 498 0 1649 2046 881 1211 816 1870 1137 1328 1303 1525 45 530 981 2575 411 646 899 941 1455 932 1563 822 655 808 1128 1065 1419 1541 537 1063 1775 1226 1967 1068 1079 1136 1567 656 821 577 1849 753 1133 1791 2175 671 964 646 1670 1394 849 1341 908 500 1722 2354 1435 1259 1483 972 1091 434 1405 642 1310 922 424 273 588 1042 1015 1294 364 904 408 719 702 984 333 373 1271 1063 447 1522 689 1149 757 764 531 1407 635 752 1050 836 461 390 735 915 762 1836 1067 762 408 394 1153 787 800 2222 1192 1732 795 269 462 1402 408 1329 132 1650 365 1178 1573 878 325 1367 707 2062 1306 1166 499 1081 1216 660 637 1435 1797 921 403 551 1812 826 873 2412 704 613 1203 478 880 858 1541 1414 463 1190 548 709 683 1503 673 866 435 756 1104 1671 493 1420 661 528 999 641 2068 1139 523 1178 709 212 1348 1128 726 480 320 530 872 1084 363
2198 878 2276 282 2221 2053 1671 2050 978 1390 1096 1735 1577 161 2087 1405 1649 0 553 2424 1936 2034 2673 2355 1360 2602 2249 1683 1430 1706 2607 2022 2257 1387 1665 1620 2475 91 1589 1143 1274 2347 1790 614 1733 1217 1788 1940 2000 2040 1961 1335 1860 115 2199 2169 2120 1795 1971 1925 1956 682 2214 1453 1121 1292 617 2068 2066 2126 1441 1754 2309 2487 749 1515 1696 2309 1515 575 1251 1848 2078 2035 1884 1079 2191 2234 2018 1501 1628 1519 1589 1921 2083 1890 1984 2483 1236 1442 1639 1509 1638 1975 2375 1488 1572 1853 1970 1604 1483 1679 1942 2254 2458 2373 2640 2248 2221 1310 1951 1614 1403 2343 2187 1224 1897 2013 1675 1213 1434 2019 2472 1689 1104 1976 1903 1605 2421 1936 2091 1925 579 1826 1198 1708 1805 2048 1637 1131 2110 1830 1499 1372 1770 1401 1563 1426 2447 2247 1176 1927 2089 1412 2077 214 1860 2074 1915 1344 1197 1473 259 2216 1078 2046 2299 2323 1836 1291 2126 1045 1310 1724 1207 585 818 1741 1902 1928 1774 1930 2346 2269 1603 1931 1444 2090 2627 1974
2595 1275 2673 721 2618 2450 2068 2447 1393 1787 1493 2132 1974 714 2484 1802 2046 553 0 2821 2333 2431 3070 2752 1757 2999 2646 2080 1827 2103 3004 2419 2654 1784 2062 2017 2872 644 1986 1540 1671 2744 2187 1017 2130 1614 2185 2337 2397 2437 2358 1732 2257 668 2596 2566 2517 2210 2368 2322 2353 211 2611 1850 1517 1707 1047 2465 2462 2523 1838 2151 2725 2883 1174 1912 2093 2706 1912 974 1648 2245 2475 2432 2281 1476 2588 2630 2415 1898 2025 1916 1986 2317 2480 2287 2381 2880 1633 1838 2036 1905 2035 2372 2772 1885 1969 2250 2367 2001 1880 2076 2339 2651 2855 2770 3037 2645 2618 1707 2348 2011 1800 2740 2602 1621 2294 2410 2072 1610 1831 2416 2869 2086 1519 2373 2300 2002 2818 2333 2488 2322 141 2223 1595 2105 2202 2445 2034 1527 2507 2226 1896 1769 2167 1817 1960 1823 2844 2644 1573 2324 2486 1809 2473 714 2257 2471 2312 1741 1594 1870 601 2613 1475 2443 2696 2720 2233 1688 2523 1442 1707 2121 1604 125 1215 2138 2299 2325 2171 2327 2743 2666 2000 2328 1841 2487 3024 2371
431 1697 1436 2247 2271 1579 2281 1607 2623 2133 1350 1110 1540 2289 2179 1273 881 2424 2821 0 1986 1559 2645 1912 2102 1705 2299 915 1305 1756 3349 831 1015 1663 1716 2230 527 2338 1446 1430 1583 1903 1840 2194 2316 1312 1838 2550 1725 2742 1567 1854 1911 2342 409 1243 747 2623 1527 1632 2566 2950 582 1674 1421 2445 2169 1624 2116 1432 1275 2497 3129 2210 2034 2258 1747 1464 1209 2180 1416 1810 1696 843 810 1363 1464 1354 2068 1138 1679 1183 1494 1477 1396 775 782 2046 1838 1222 2297 1454 1800 1532 739 1306 2182 1410 1527 1825 1611 1236 679 1158 953 1143 2611 1842 1170 1183 801 1928 1562 944 2997 1967 2507 1570 1083 1237 2177 816 1751 917 2425 901 1953 2348 682 861 2142 1482 2837 1806 1941 1274 1856 1715 1435 1412 2210 2572 1695 1178 1326 2587 1600 1648 3187 369 1388 1978 897 1654 1577 2316 2189 872 1965 1323 1484 1448 2278 511 1641 855 145 1345 2446 1268 2195 1436 1303 1774 1416 2843 1914 1298 1953 1484 994 1767 1903 191 1254 678 1305 1572 231 771
1760 1273 1718 1759 410 1475 1204 1051 2061 1259 1088 1298 835 1801 399 1015 1211 1936 2333 1986 0 1456 801 1289 1229 2476 438 1246 1000 473 2476 1584 1820 1411 487 917 2037 1850 1605 1167 899 1410 440 1705 766 997 544 1534 2024 1806 1977 918 356 1854 1762 1994 1683 1750 1442 1949 1549 2462 1776 1477 954 1571 1680 1049 254 1597 1005 1624 2256 615 1545 1385 464 1752 1064 1692 1250 1873 952 1597 1447 1083 2204 1697 207 1211 540 1345 816 1226 2099 1452 1546 1166 902 1085 1361 1517 1662 1423 1937 1058 1131 1159 1374 889 957 1144 1505 1909 2021 1935 768 1022 1935 1027 1513 921 775 1905 2124 1093 1126 1189 1245 1027 1304 1581 2488 1251 1677 1538 109 1474 1984 1498 280 1396 2349 1850 1067 1051 473 2072 751 1155 430 1699 659 1111 1087 1714 922 704 2264 1809 1190 116 1651 827 1510 1827 643 1636 98 1194 1222 1482 1790 1778 1293 1608 1862 1788 987 1016 415 1052 990 429 1218 2355 1426 1089 83 1276 1336 1954 1164 1832 1046 1494 959 1523 2189 1536
1139 1307 297 1857 1662 20 1799 528 2233 1714 959 902 1059 1899 1698 868 816 2034 2431 1559 1456 0 1497 523 1684 2080 1664 850 915 1275 2931 1189 1424 1283 1235 1749 1330 1948 1421 1040 1193 514 1359 1803 1834 922 1217 2069 1847 2260 1688 1373 1430 1952 1173 1598 854 2205 323 1753 2085 2560 1053 1349 1031 2026 1778 545 1634 508 841 2078 2710 1062 1643 1839 1266 325 636 1790 1026 1745 602 1201 1051 973 1819 286 1587 800 1197 949 1013 441 1736 1021 1151 657 1357 831 1816 1303 1534 59 1541 832 1700 483 134 1344 1156 531 1086 1513 1117 1539 1463 542 1539 793 1082 1447 1129 859 2578 1548 2026 530 849 846 1758 1185 2106 855 2035 1142 1432 1929 1169 1102 1507 311 2447 1722 1522 753 1375 1837 954 1022 1729 2154 1214 788 653 2168 1119 1166 2718 1197 998 1496 1255 1211 62 1925 1708 1240 1387 933 1094 1284 1888 1076 1251 1212 1466 380 1964 878 1714 1046 913 1293 1026 2453 1524 648 1465 329 941 1826 561 1436 768 1098 869 76 1640 1140
2419 2011 1759 2496 833 1516 1899 1185 2799 1997 1825 1956 1573 2538 1094 1665 1870 2673 3070 2645 801 1497 0 1267 1966 3134 835 1904 1651 1210 3214 2243 2478 2149 1224 1613 2695 2588 2342 1905 1637 1388 1190 2443 1461 1734 1272 2229 2762 2543 2714 1656 1106 2591 2420 2652 2334 2488 1607 2687 2245 3199 2435 2215 1691 2309 2418 1184 941 1974 1656 2361 2993 592 2283 2122 1201 1796 1722 2430 1988 2610 984 2255 2105 1821 2874 1769 783 1870 1278 2003 1553 1387 2790 2110 2205 1143 1639 1736 2099 2255 2400 1464 2596 1709 1826 1380 1415 1627 1646 1740 2163 2567 2600 2593 103 1000 2593 1747 2171 1659 1513 2342 2861 1831 1822 1323 1903 1765 2041 2240 3160 1909 2415 2197 864 2212 2642 2157 678 1595 3086 2588 1805 1548 1212 2810 1437 1892 1125 2436 1396 1799 1549 2451 1660 1442 3001 2467 1927 780 2309 1565 1551 2565 1339 2295 828 1932 1959 2219 2527 2437 2031 2267 2520 1862 1682 1753 1110 1789 1727 1167 1956 3092 2164 1563 779 1448 1995 2692 1142 2490 1681 2152 1610 1564 2847 2194
1648 1628 806 2178 1432 543 1889 463 2555 1804 1281 1224 1148 2220 1559 1119 1137 2355 2752 1912 1289 523 1267 0 1773 2401 1434 1171 1105 1353 3020 1510 1745 1605 1324 1838 1839 2270 1743 1361 1321 160 1383 2125 1911 1244 1118 2159 2168 2350 2010 1462 1451 2273 1667 1920 1363 2294 719 2075 2174 2881 1562 1671 1352 2115 2100 480 1437 1017 1109 2168 2800 832 1965 1929 1344 834 957 2112 1348 2066 502 1523 1372 1295 2141 795 1370 1121 1287 1270 1102 556 2057 1343 1472 173 1446 1140 1905 1625 1856 501 1863 1114 1790 550 528 1433 1099 853 1408 1834 1626 1861 1233 362 1860 1115 1403 1536 1247 1368 2668 1638 2115 493 1170 1168 1848 1507 2428 1177 2221 1464 1332 2018 1677 1424 1277 707 2768 2044 1611 868 1308 2158 1043 1344 1590 2243 1304 1107 764 2258 1179 1256 2808 1703 1319 1299 1577 1300 585 2247 1787 1562 1287 1255 1415 1606 2209 1584 1573 1534 1787 889 2054 1200 1575 1367 1235 1317 1348 2774 1846 761 1266 618 1262 2148 308 1757 1008 1419 1063 599 2115 1462
1876 697 1926 1183 1514 1703 964 1371 858 74 775 1414 870 1225 1380 1084 1328 1360 1757 2102 1229 1684 1966 1773 0 2280 1542 1362 1108 999 1291 1700 1936 1065 959 913 2153 1274 1267 822 924 1851 1083 1129 1026 896 1081 837 1678 724 1639 619 1153 1278 1878 1848 1799 565 1621 1603 853 1886 1893 1131 799 343 1104 1388 1359 1776 1120 438 1070 1780 969 200 989 1959 1194 1116 929 1527 1371 1713 1563 758 1869 1883 1311 1179 921 1197 882 1447 1762 1568 1663 1777 519 1120 531 1187 1316 1625 2053 1167 865 1380 1620 897 1014 1323 1621 1933 2137 2051 1933 1541 1900 988 1629 908 895 2021 939 457 1190 1509 1354 892 75 1697 2151 1367 560 1654 1196 289 2100 1614 1384 1575 1772 1504 431 1229 1098 1726 930 809 1403 514 792 1051 1285 511 977 719 1132 1925 854 1220 1767 877 1726 1251 1153 1752 1208 1023 876 1151 1214 1894 777 1724 1978 1972 1129 969 1419 724 989 1017 885 1778 850 1267 1195 1454 1452 1608 1674 1948 1224 1610 1123 1740 2305 1652
1919 1785 2322 2425 2761 2100 2592 2097 2801 2311 1567 1441 2030 2467 2669 1762 1303 2602 2999 1705 2476 2080 3134 2401 2280 0 2789 1324 1794 2246 3528 1025 696 1347 2205 2541 2196 2516 1091 1461 1891 2393 2330 2372 2654 1694 2327 2861 997 2961 958 2130 2400 2520 1921 596 1842 2801 2017 1023 2877 3128 1935 1344 1714 2623 2347 2114 2606 2172 1764 2675 3307 2699 2212 2436 2236 2355 1699 2358 1528 1112 2186 964 1128 1568 464 2280 2558 1628 2168 1555 1983 1967 641 1593 978 2536 2157 1711 2560 1373 1281 2021 1194 1795 2493 1899 2016 2314 2074 1726 1496 568 2180 705 3101 2332 766 1673 1536 2418 1988 2064 3175 2145 2818 2059 1431 1618 2355 942 438 1397 2603 1170 2443 2526 2143 1180 2631 1971 3015 1173 2119 1763 2345 944 1924 1488 2699 2750 2185 1668 1816 2765 2090 2137 3368 1968 1436 2467 964 2029 2123 2494 2678 912 2455 1627 1467 1367 2456 1937 1729 960 1560 2369 2756 1698 2685 1640 1727 2264 1440 3021 2061 1787 2442 1974 1358 993 2392 1535 1744 1189 1795 2136 1908 967
2073 1586 1926 2072 57 1684 1475 1353 2374 1573 1401 1611 1148 2114 670 1328 1525 2249 2646 2299 438 1664 835 1434 1542 2789 0 1559 1314 786 2789 1897 2133 1724 800 1188 2350 2163 1918 1481 1212 1556 792 2018 1036 1310 908 1804 2337 2119 2290 1231 730 2167 2075 2307 1996 2063 1755 2262 1820 2775 2089 1790 1267 1884 1994 1351 505 1910 1318 1937 2569 760 1859 1698 777 1964 1377 2005 1563 2186 1152 1910 1760 1396 2517 1936 327 1524 853 1658 1129 1554 2412 1765 1860 1311 1215 1398 1674 1830 1975 1631 2250 1371 1402 1514 1583 1202 1270 1457 1818 2222 2334 2248 802 1167 2248 1340 1826 1234 1088 2218 2437 1407 1397 1491 1558 1340 1617 1894 2801 1564 1990 1851 500 1787 2297 1811 184 1709 2662 2163 1380 1364 848 2385 1064 1468 701 2012 972 1424 1419 2027 1235 1017 2577 2122 1503 323 1964 1140 1718 2141 914 1949 464 1507 1535 1795 2103 2091 1607 1921 2175 2030 1257 1329 686 1365 1303 743 1531 2668 1739 1402 362 1589 1650 2267 1309 2145 1359 1807 1272 1731 2502 1849
689 956 1092 1506 1531 869 1540 867 1883 1392 609 277 800 1549 1439 532 45 1683 2080 915 1246 850 1904 1171 1362 1324 1559 0 564 1016 2609 432 668 933 975 1489 966 1598 856 689 842 1163 1100 1453 1575 572 1097 1810 1259 2001 1101 1114 1170 1601 691 842 612 1883 787 1166 1826 2209 705 999 680 1704 1428 884 1375 935 534 1757 2389 1469 1293 1518 1006 1125 469 1440 676 1344 956 445 295 623 1063 1050 1328 398 938 443 753 737 1005 329 394 1306 1097 481 1556 723 1184 791 785 565 1441 669 786 1084 870 495 395 757 950 783 1870 1102 783 443 390 1188 821 834 2257 1227 1767 829 302 496 1437 429 1350 139 1685 386 1213 1607 913 346 1401 741 2096 1340 1200 533 1115 1249 694 672 1469 1832 955 438 586 1847 860 907 2447 738 647 1237 499 914 893 1575 1448 484 1225 583 744 716 1538 707 901 456 791 1139 1705 528 1455 695 563 1034 676 2102 1174 557 1212 744 246 1378 1162 760 514 341 565 906 1118 384
1079 714 1157 1253 1285 934 1295 703 1629 1139 367 616 554 1295 1193 110 530 1430 1827 1305 1000 915 1651 1105 1108 1794 1314 564 0 770 2355 903 1138 685 730 1244 1355 1344 823 442 505 1183 854 1199 1330 290 794 1564 1298 1752 1195 812 925 1348 1080 1312 1001 1629 852 1223 1580 1956 1095 751 344 1450 1174 720 1130 1007 110 1503 2135 1216 1039 1264 761 1190 299 1186 417 1147 703 916 765 381 1425 1114 1083 381 693 618 508 731 1317 770 865 1109 852 188 1311 715 936 856 1256 163 1196 664 851 839 454 560 823 1227 1339 1254 1618 872 1253 140 831 942 484 1224 2003 973 1521 824 556 239 1183 900 1706 569 1431 857 967 1353 1302 817 1156 806 1842 1125 947 407 870 1343 449 424 1224 1578 710 213 462 1593 534 662 2196 1127 400 992 969 576 957 1321 1203 955 979 343 496 679 1284 1097 659 927 1180 1203 1460 185 1209 425 220 788 428 1848 920 490 967 738 655 1228 1006 1150 215 812 64 971 1507 854
1530 1043 1518 1529 758 1295 1063 963 1831 1029 858 1068 522 1571 666 785 981 1706 2103 1756 473 1275 1210 1353 999 2246 786 1016 770 0 2246 1354 1590 1181 43 796 1807 1620 1375 937 669 1431 113 1475 644 767 457 1374 1794 1576 1747 688 183 1624 1532 1764 1453 1520 1212 1719 1390 2232 1546 1247 724 1341 1450 980 602 1367 775 1394 2026 1023 1315 1155 16 1550 834 1462 1020 1643 949 1367 1217 853 1974 1475 555 981 115 1115 503 1039 1869 1222 1316 1355 672 855 1131 1287 1432 1217 1707 828 964 971 1211 532 646 914 1275 1679 1791 1705 1177 1118 1705 797 1283 551 529 1675 1894 863 1122 1101 1015 797 1074 1351 2258 1021 1447 1308 434 1244 1754 1268 628 1166 2119 1620 837 821 231 1842 521 925 680 1469 288 881 876 1484 609 353 2034 1579 960 464 1421 562 1318 1597 517 1406 452 964 992 1252 1560 1548 1063 1378 1632 1564 982 786 682 822 760 47 988 2125 1196 859 439 1046 1107 1724 1254 1602 816 1264 729 1331 1959 1306
3123 1944 3173 2429 2761 2950 1567 2618 1981 1239 2022 2661 2117 2472 2225 2331 2575 2607 3004 3349 2476 2931 3214 3020 1291 3528 2789 2609 2355 2246 0 2948 3183 2312 2206 1758 3400 2521 2514 2069 2171 3098 2330 2376 1871 2143 2328 1144 2925 869 2886 1866 2400 2525 3125 3095 3046 871 2868 2850 1163 3133 3140 2378 2046 1536 2351 2635 2606 3023 2367 868 937 3027 2216 1229 2236 3206 2441 2363 2176 2774 2618 2960 2810 2005 3116 3130 2558 2426 2168 2444 2129 2694 3009 2815 2910 3024 1766 2367 1289 2434 2563 2872 3300 2414 1544 2627 2867 1882 2261 2570 2868 3180 3384 3298 3180 2788 3147 2235 2876 1866 2142 3268 804 1704 1601 2756 2601 2139 1365 2944 3398 2614 1686 2902 2443 1229 3347 2861 2631 2822 3019 2752 1678 2476 2345 2973 2177 2056 2240 781 2039 2298 2532 1504 2224 1966 264 3172 2101 2467 3014 2124 2973 2476 1998 3000 2455 2270 2123 2398 2461 3141 2024 2972 3225 3220 1733 2216 2286 1971 2236 2264 2132 3026 2097 2515 2442 2701 2700 2855 2921 3195 2471 2857 2370 2987 3552 2899
1028 1295 1431 1845 1869 1208 1879 1205 2221 1731 948 590 1138 1887 1777 871 411 2022 2419 831 1584 1189 2243 1510 1700 1025 1897 432 903 1354 2948 0 382 1106 1314 1828 1304 1936 876 1028 1181 1501 1438 1792 1914 910 1436 2148 992 2340 834 1452 1509 1940 1029 543 950 2222 1126 899 2164 2548 1044 1103 1019 2043 1767 1222 1714 1281 873 2095 2727 1808 1632 1856 1345 1464 807 1778 1014 1076 1294 107 237 961 746 1388 1667 737 1277 781 1092 1075 664 701 84 1644 1436 820 1895 884 1115 1130 486 904 1780 1008 1125 1423 1209 834 604 457 1288 498 2209 1440 437 781 645 1526 1160 1173 2595 1565 2105 1168 633 835 1775 83 1049 505 2023 329 1551 1946 1251 288 1740 1080 2435 1072 1539 872 1454 982 1033 1010 1808 2170 1293 776 924 2185 1198 1246 2785 1077 986 1576 161 1252 1231 1914 1787 138 1563 921 1082 877 1876 1046 1239 119 685 1477 2044 866 1793 1034 901 1372 1014 2441 1512 896 1551 1082 466 1033 1501 655 853 298 903 1244 1033 84
1263 1530 1666 2080 2104 1443 2114 1440 2457 1966 1183 825 1374 2122 2013 1106 646 2257 2654 1015 1820 1424 2478 1745 1936 696 2133 668 1138 1590 3183 382 0 1297 1549 2063 1533 2171 1041 1263 1416 1737 1674 2027 2149 1146 1671 2384 1108 2575 950 1688 1744 2175 1265 450 1186 2457 1361 1015 2400 2783 1279 1294 1254 2278 2002 1458 1949 1516 1108 2330 2962 2043 1867 2092 1580 1699 1043 2013 1250 1193 1530 414 472 1197 610 1623 1902 972 1512 1017 1327 1310 651 936 322 1880 1671 1055 2130 1119 1231 1365 503 1139 2015 1243 1360 1658 1444 1069 840 379 1524 142 2444 1676 509 1017 880 1761 1395 1408 2831 1801 2340 1403 868 1070 2010 357 897 741 2258 564 1787 2181 1486 524 1975 1315 2670 1189 1774 1107 1689 1079 1268 1245 2043 2406 1529 1012 1160 2420 1434 1481 3021 1312 1221 1811 438 1488 1466 2149 2022 361 1798 1157 1317 1113 2111 1281 1475 429 870 1713 2279 1102 2028 1269 1137 1607 1250 2676 1748 1131 1786 1318 702 1128 1736 844 1088 533 1138 1480 1218 311
1448 570 1526 1210 1696 1303 1376 1300 1586 1096 407 835 989 1252 1604 656 899 1387 1784 1663 1411 1283 2149 1605 1065 1347 1724 933 685 1181 2312 1106 1297 0 1141 1326 1724 1301 334 244 676 1596 1265 1156 1439 535 1263 1646 740 1746 703 914 1336 1305 1449 914 1370 1586 1220 638 1662 1913 1464 167 499 1408 1132 1317 1541 1376 692 1460 2092 1859 997 1221 1172 1559 763 1143 394 588 1346 1113 869 372 936 1483 1493 750 1104 637 1001 1170 828 1139 1068 1738 941 691 1345 503 337 1225 1459 738 1277 1103 1220 1256 885 929 1192 1000 1708 1306 2115 1515 966 553 1200 1320 782 1592 1960 930 1603 1263 823 467 1140 1103 1217 938 1388 904 1378 1310 1671 934 1566 1174 1800 566 904 957 1281 788 1002 274 1635 1535 1128 621 1019 1550 965 1055 2153 1496 306 1403 1108 814 1326 1279 1566 1126 1390 514 205 467 1241 1465 514 1114 1529 1572 1541 547 1620 425 576 1199 310 1806 846 991 1377 1177 969 670 1596 1499 853 999 694 1339 1866 1058
1490 1003 1477 1488 772 1254 1022 922 1791 989 817 1028 482 1530 663 744 941 1665 2062 1716 487 1235 1224 1324 959 2205 800 975 730 43 2206 1314 1549 1141 0 755 1767 1580 1334 897 629 1402 127 1435 604 726 416 1334 1754 1535 1706 648 197 1583 1491 1724 1412 1480 1172 1679 1350 2191 1506 1207 683 1301 1410 940 616 1327 734 1353 1985 1037 1275 1114 34 1510 794 1422 980 1602 922 1327 1176 813 1934 1434 569 941 75 1074 462 998 1829 1182 1276 1328 631 815 1091 1247 1392 1176 1667 788 923 931 1171 492 606 874 1234 1638 1750 1665 1191 1092 1664 757 1243 510 489 1635 1853 823 1081 1061 974 757 1033 1311 2218 981 1407 1268 448 1204 1713 1228 642 1126 2078 1580 797 780 245 1802 481 884 670 1428 248 840 836 1443 569 313 1993 1539 919 478 1381 522 1277 1557 477 1366 466 924 951 1211 1519 1508 1023 1338 1591 1524 941 745 695 781 719 61 948 2084 1156 819 453 1005 1066 1684 1225 1561 775 1223 688 1291 1919 1266
2004 957 1991 1443 1160 1768 351 1436 1745 941 1035 1541 935 1485 550 1258 1455 1620 2017 2230 917 1749 1613 1838 913 2541 1188 1489 1244 796 1758 1828 2063 1326 755 0 2280 1534 1528 1082 1002 1916 803 1389 152 1156 1146 678 1939 1037 1899 703 888 1538 2005 2108 1926 1198 1686 1864 694 2146 2020 1391 1059 1233 1364 1453 957 1841 1248 1001 1599 1426 1229 902 786 2024 1308 1376 1190 1787 1436 1841 1690 1018 2129 1948 957 1424 826 1457 947 1512 2022 1696 1790 1842 603 1329 620 1447 1576 1690 2181 1302 252 1445 1685 494 1079 1388 1748 2152 2264 2179 1579 1606 2160 1248 1756 476 960 2149 1466 777 577 1574 1488 1152 988 1825 2411 1494 1361 1782 972 768 2227 1742 1030 1640 2033 1765 751 1294 926 1987 995 1069 566 1076 783 1311 1350 1398 1042 784 1494 2052 1115 867 1894 942 1791 1511 278 1880 944 1283 1136 1412 1474 2022 1037 1852 2105 2037 516 1230 611 984 1231 794 1146 2039 1110 1332 841 1519 1580 1869 1739 2075 1289 1737 1202 1805 2432 1779
310 1747 1206 2298 2322 1350 2331 1658 2674 2184 1400 1164 1591 2340 2230 1323 932 2475 2872 527 2037 1330 2695 1839 2153 2196 2350 966 1355 1807 3400 1304 1533 1724 1767 2280 0 2389 1728 1480 1634 1830 1891 2244 2366 1363 1888 2601 2132 2792 1974 1905 1961 2393 338 1714 534 2674 1434 2039 2617 3001 408 1790 1471 2495 2219 1675 2167 1227 1325 2548 3180 2260 2084 2309 1798 1234 1260 2231 1467 2185 1747 1317 1167 1414 1935 1124 2119 1189 1729 1234 1544 1528 1877 913 1267 1973 1888 1272 2347 1588 1975 1375 1265 1356 2232 1460 1450 1876 1661 1287 828 1629 692 1655 2662 1858 1655 1234 940 1979 1613 683 3048 2018 2558 1620 1134 1287 2228 1301 2222 967 2476 1258 2004 2398 328 1218 2192 1416 2887 2163 1992 1325 1906 2122 1486 1463 2261 2623 1746 1229 1377 2638 1651 1698 3238 312 1439 2028 1371 1705 1348 2366 2239 1356 2016 1374 1535 1582 2329 337 1692 1328 672 1116 2496 1319 2246 1486 1354 1825 1467 2893 1965 1348 2003 1535 1133 2246 1876 718 1305 1155 1356 1343 514 1256
