NAME: zurich_200_3
COMMENT: TSP instance with 200 nodes. City: Zurich, Switzerland, Seed: 45
TYPE: TSP
DIMENSION: 200
EDGE_WEIGHT_TYPE: EXPLICIT
EDGE_WEIGHT_FORMAT: FULL_MATRIX
NODE_COORD_SECTION:
1 47.3593925 8.3694809
2 47.3746636 8.545873
3 47.4591197 8.4351996
4 47.2984217 8.4519883
5 47.4342547 8.7189393
6 47.5332232 8.5766962
7 47.2287226 8.4966738
8 47.384952 8.4780492
9 47.4383689 8.6237647
10 47.4856701 8.440287
11 47.5059902 8.7355423
12 47.4600617 8.6641885
13 47.2530721 8.7812864
14 47.317398 8.5497487
15 47.4370707 8.441787
16 47.3830609 8.5453444
17 47.3356654 8.5160818
18 47.345173 8.5708783
19 47.4373999 8.439697
20 47.2748717 8.7273265
21 47.3506652 8.4414766
22 47.4007096 8.39187
23 47.4452956 8.6222007
24 47.407917 8.5905009
25 47.3076383 8.7179483
26 47.2772783 8.5685395
27 47.3859348 8.5248878
28 47.4099464 8.5695491
29 47.4297476 8.4645246
30 47.245101 8.46099
31 47.333482 8.3415951
32 47.3348725 8.4789095
33 47.522118 8.5214391
34 47.3779898 8.5629036
35 47.5050177 8.5915722
36 47.3761503 8.4832458
37 47.3577753 8.449082
38 47.2977453 8.7726663
39 47.5402535 8.3203153
40 47.5053918 8.375087
41 47.3882704 8.483123
42 47.2380627 8.7543189
43 47.3597539 8.7095158
44 47.4700206 8.3339323
45 47.3643169 8.3584402
46 47.3353785 8.6136926
47 47.5200892 8.6974362
48 47.5101338 8.3225281
49 47.4670986 8.6491355
50 47.3619349 8.5508204
51 47.4798915 8.3011448
52 47.4634066 8.3326082
53 47.3301635 8.6546768
54 47.2492215 8.715167
55 47.3011261 8.4460203
56 47.3618067 8.7439067
57 47.4375401 8.5619225
58 47.4148753 8.6155794
59 47.3619602 8.5603359
60 47.39969 8.4772415
61 47.2761238 8.7235192
62 47.2657187 8.6821716
63 47.425197 8.4066101
64 47.5283832 8.7792276
65 47.5026464 8.3722271
66 47.4111059 8.6140842
67 47.5044933 8.7712311
68 47.4707707 8.300773
69 47.242995 8.7164756
70 47.5533149 8.3135503
71 47.5323271 8.5848243
72 47.4900013 8.7212447
73 47.3865661 8.3246147
74 47.3227576 8.5993004
75 47.226653 8.6356044
76 47.3565725 8.5261996
77 47.2875213 8.7665508
78 47.3620918 8.5007294
79 47.4137993 8.6437031
80 47.5195332 8.3348173
81 47.2902238 8.53874
82 47.4534099 8.5309565
83 47.3302128 8.5763663
84 47.3507031 8.6410025
85 47.3770223 8.5466039
86 47.2929839 8.449799
87 47.3584811 8.5182703
88 47.4112205 8.5318362
89 47.4459522 8.3313918
90 47.4309059 8.3545827
91 47.3316617 8.5380082
92 47.4691276 8.5030068
93 47.2941165 8.6310073
94 47.3409922 8.5737775
95 47.406522 8.3293462
96 47.4639822 8.3106472
97 47.482785 8.5611944
98 47.3759817 8.4901203
99 47.4257938 8.40547
100 47.4960738 8.4528991
101 47.3333975 8.302566
102 47.4701971 8.3218182
103 47.3768427 8.2978877
104 47.3926763 8.5237727
105 47.4045497 8.619812
106 47.5105281 8.593747
107 47.3874218 8.4249064
108 47.3011761 8.5466078
109 47.3863756 8.7646229
110 47.3933284 8.4202258
111 47.3431977 8.4015746
112 47.195649 8.5227878
113 47.4435781 8.5477031
114 47.2840873 8.363956
115 47.4098537 8.5810968
116 47.3952336 8.6126398
117 47.4128003 8.5172465
118 47.4117349 8.6365164
119 47.2617511 8.5886881
120 47.3701321 8.6936395
121 47.366813 8.7813587
122 47.3687701 8.7749652
123 47.3992637 8.4763602
124 47.2486498 8.7733802
125 47.378506 8.6444523
126 47.3135971 8.3618397
127 47.4477454 8.7928365
128 47.4121525 8.5242055
129 47.2716423 8.6319312
130 47.3512227 8.2853531
131 47.2841682 8.5314225
132 47.3735675 8.5614678
133 47.3400869 8.3969051
134 47.2942658 8.7361115
135 47.2701714 8.6413025
136 47.3198993 8.7560706
137 47.5193009 8.3268443
138 47.3351338 8.304197
139 47.3472271 8.531888
140 47.450253 8.6475936
141 47.4981813 8.7626736
142 47.4336543 8.5642039
143 47.448877 8.742164
144 47.302596 8.6847463
145 47.4550598 8.5341759
146 47.3114713 8.7210634
147 47.4571668 8.4386652
148 47.4801809 8.7626667
149 47.3223593 8.798009
150 47.2662427 8.7242183
151 47.3572885 8.5906578
152 47.3151042 8.5244257
153 47.2961236 8.31709
154 47.3966329 8.5420698
155 47.3632031 8.5593262
156 47.4038641 8.4478905
157 47.4928271 8.5600859
158 47.4963675 8.7125355
159 47.3124453 8.5874786
160 47.4420458 8.4418709
161 47.457531 8.3156809
162 47.2103871 8.696333
163 47.3634652 8.5647162
164 47.3302265 8.2930124
165 47.3468413 8.7111669
166 47.3365493 8.3050595
167 47.49858 8.3387233
168 47.4093581 8.6007523
169 47.3897769 8.7970929
170 47.3734094 8.5575464
171 47.4241297 8.5353622
172 47.3779213 8.5099854
173 47.511192 8.6981981
174 47.275915 8.6940607
175 47.4054439 8.5994731
176 47.4453584 8.3338021
177 47.3307518 8.5404582
178 47.4919491 8.7217553
179 47.3941652 8.4178487
180 47.3402524 8.6716958
181 47.3878211 8.7585173
182 47.4488929 8.4069785
183 47.5077311 8.7283596
184 47.5366236 8.7960493
185 47.373229 8.3366207
186 47.4240162 8.6285161
187 47.5276572 8.5798991
188 47.437502 8.4435728
189 47.3873946 8.7202693
190 47.4224516 8.5401639
191 47.4162775 8.544166
192 47.4220138 8.373043
193 47.40971 8.8061628
194 47.4309066 8.5603595
195 47.4341584 8.6834542
196 47.4091488 8.5946504
197 47.4348987 8.5671567
198 47.3538732 8.3679049
199 47.3071443 8.3202906
200 47.3534429 8.5263329
EDGE_WEIGHT_SECTION:
0 957 1110 805 1581 1757 1218 895 1399 1307 1850 1628 2380 998 1069 1052 871 1196 1079 2024 486 477 1337 1202 1996 1171 933 1092 913 999 557 753 1556 1154 1506 841 599 2052 1746 1561 828 2407 1547 1067 141 1484 1722 1427 1585 1014 1048 952 1687 2257 776 1610 998 1285 1071 709 1975 2150 768 2001 1588 1252 1995 961 2362 1936 1752 1672 545 1470 1215 823 2094 948 1259 1505 1115 1103 1342 1671 999 816 768 1014 917 776 791 1159 1826 1220 399 999 1319 876 789 1333 755 1047 586 935 1227 1530 530 846 1822 458 333 1433 993 759 1106 1251 933 1214 1241 1487 1819 1862 703 2334 1550 537 2111 951 1834 609 1127 1114 270 1934 1881 1876 1516 717 902 1494 1927 1025 1705 1827 1076 1938 1085 1987 1914 2081 1311 908 956 1049 1062 601 1415 1644 1483 1133 950 1412 1152 843 1683 738 1301 1140 2045 1076 1076 942 1704 1985 1106 916 873 1678 438 1728 1851 1027 1804 1991 445 1272 1762 1049 1579 1022 1049 655 2091 988 1520 1137 1021 73 801 789
957 0 918 844 924 1191 1247 436 717 1115 1192 1044 1456 566 825 124 413 335 835 1099 646 908 770 448 1071 814 224 448 670 1028 1230 782 990 214 939 426 667 1175 1871 1445 415 1482 890 1147 1054 560 1064 1553 1019 146 1174 1032 762 1333 814 953 518 655 146 503 1050 1287 948 1344 1457 610 1337 1135 1438 2061 1186 1015 1219 609 858 284 1171 356 602 1631 759 660 481 731 64 854 275 357 1084 1007 435 839 901 360 1312 1079 753 385 970 1141 1429 1127 1259 252 569 964 805 489 1164 738 763 1448 550 1222 448 575 398 557 885 830 1161 1205 497 1409 773 1100 1454 350 974 1283 770 174 741 1010 1020 1219 1642 1391 305 919 1270 503 1048 902 633 1066 893 1330 1257 1156 371 551 1523 203 138 635 849 986 623 890 1030 1055 224 1516 1026 1411 1427 509 1388 136 553 261 1046 1060 448 1109 501 1020 718 847 1193 1015 1147 1334 1118 615 1196 806 921 503 384 862 1434 517 862 479 476 885 1412 304
1110 918 0 1302 1205 1116 1715 863 1023 438 1474 1252 2063 1482 287 879 1269 1254 269 1854 985 825 961 826 1632 1668 882 716 357 1496 1503 1249 769 966 1130 888 995 1676 1275 768 810 2173 1171 622 1162 1478 1346 1071 1210 1064 747 507 1455 2097 1272 1235 622 909 1065 761 1805 2082 689 1625 780 876 1619 709 2202 1465 1158 1296 1292 1528 1711 1172 1721 1082 883 1035 1612 578 1400 1379 896 1312 1132 631 667 700 1288 519 1759 1279 1107 662 943 926 711 464 1701 602 1451 774 851 1117 780 1343 1446 708 1035 1929 617 1595 730 875 549 838 1738 1112 1443 1486 761 2101 1175 1373 1735 568 1892 1555 1623 973 1013 1671 1939 1500 1048 1663 1213 1118 1551 649 1329 1684 642 1562 52 1611 1539 1911 1277 1404 1827 728 1056 700 945 1268 1541 226 613 1908 1131 1789 1307 1684 939 764 1669 1010 629 913 1328 1843 730 693 1369 1302 688 1353 1475 415 1429 1615 1381 896 1137 268 1203 646 673 673 1716 612 1144 761 645 1138 1685 1202
805 844 1302 0 1720 1949 645 975 1513 1498 1989 1813 2267 885 1260 938 757 1082 1270 1910 449 844 1528 1245 1882 1058 916 1156 1105 482 773 432 1747 1040 1697 885 633 1987 1983 1798 983 2293 1686 1259 902 1371 1861 1664 1777 901 1285 1143 1573 2144 96 1749 1189 1441 957 910 1861 2036 1059 2140 1825 1396 2134 1246 2249 2173 1943 1811 1035 1356 1101 709 1982 835 1398 1742 867 1295 1228 1557 885 95 654 1153 1195 1118 678 1350 1712 1107 1160 1190 1510 920 1081 1524 1046 1238 1085 994 1366 1721 715 733 1961 675 611 915 1185 648 1245 1383 1124 1353 1128 1626 1958 2001 904 2220 1599 594 2250 1142 1720 1108 844 1000 589 1821 1767 2015 1753 1008 789 1685 2066 1216 1844 1713 1268 1877 1276 2126 2053 1967 1197 794 952 1005 949 809 1606 1783 1370 1325 1141 1298 1038 1137 1822 1029 1538 1284 2184 962 1267 829 1843 1871 1245 1221 759 1817 655 1674 1990 1221 1943 2130 935 1411 1953 1241 1718 1214 1181 973 2230 1179 1659 1276 1212 733 859 675
1581 924 1205 1720 0 1185 2123 1204 656 1402 714 504 1515 1482 1164 917 1289 1259 1174 1305 1456 1349 676 678 1084 1691 934 678 1009 1904 1974 1658 1233 981 968 1193 1466 1128 2240 1732 1175 1625 613 1595 1633 1273 586 2000 586 1070 1621 1479 1209 1548 1691 674 761 570 1070 1155 1257 1567 1257 865 1744 542 850 1583 1653 2430 1079 536 1962 1432 1735 1174 1172 1206 521 1999 1635 903 1405 1133 922 1731 1152 877 1531 1454 1311 1083 1458 1284 1797 1526 996 1152 1278 1428 2172 1574 2003 876 603 992 1251 1366 517 1179 1506 2324 794 2066 678 681 951 475 1761 670 706 634 1149 1552 820 1844 615 904 1565 2026 1647 985 1484 1122 1528 952 2013 2134 1213 499 766 747 209 1169 877 1013 1180 603 990 1363 1117 1428 2298 775 1062 1172 1092 508 1547 1229 1477 1931 1138 2260 749 2155 1874 556 740 1027 876 1028 568 1328 715 1557 1393 542 1159 1105 546 1354 668 855 1862 529 1159 1145 433 823 834 1309 738 776 285 591 720 1609 2156 1210
1757 1191 1116 1949 1185 0 2362 1471 937 1002 982 777 2292 1749 1305 1184 1556 1526 1315 2083 1632 1525 811 1055 1861 1958 1201 945 1181 2143 2150 1896 527 1248 278 1460 1642 1905 1778 1270 1442 2402 1400 1703 1809 1747 741 1604 719 1336 1797 1587 1684 2325 1919 1463 827 1108 1337 1379 2034 2311 1432 1021 1282 1103 1204 1758 2430 1968 106 976 2138 1800 2001 1441 1950 1473 1112 1538 1902 837 1672 1608 1189 1959 1419 1100 1707 1630 1578 850 1988 1551 1973 1702 567 1419 1454 867 2348 1682 2179 1143 1080 230 1427 1633 1484 1355 1682 2576 861 2242 959 1103 1159 1067 2028 1340 1660 1601 1373 2329 1403 2020 1558 1128 2164 2202 1914 1255 1660 1900 2211 1729 1551 2310 1480 760 1137 812 1309 1913 765 1791 1132 1210 1767 2140 1539 1695 2474 1042 1329 1348 561 920 1814 1272 1653 2198 1409 2436 1536 2331 1483 993 1707 1294 1047 1295 710 2071 959 1733 1660 982 1335 1581 1512 1462 936 1011 2038 1055 87 1285 1400 993 996 1485 1753 841 1097 990 785 1785 2332 1477
1218 1247 1715 645 2123 2362 0 1402 1916 1912 2392 2225 2670 1086 1673 1341 1039 1485 1683 2313 882 1257 1941 1648 2286 1093 1320 1568 1518 292 1190 959 2161 1444 2110 1313 1065 2390 2396 2211 1386 2696 2089 1672 1315 1774 2264 2077 2190 1304 1698 1556 1976 2547 655 2153 1602 1853 1361 1323 2265 2440 1473 2543 2238 1808 2537 1659 2652 2586 2356 2214 1480 1759 885 1112 2385 1238 1801 2155 774 1708 1631 1960 1289 601 1058 1556 1608 1531 1053 1764 2115 1510 1573 1603 1924 1348 1494 1938 1463 1651 1520 1397 1769 2135 1128 984 2364 1088 1024 309 1598 873 1648 1786 1537 1756 1006 2030 2361 2404 1317 2624 2002 1064 2653 1549 2124 1544 747 1403 1002 2224 2170 2418 2166 1425 1167 2098 2469 1629 2247 2116 1681 2280 1690 2529 2457 2370 1601 898 1180 1409 1352 1222 2019 2186 1773 1738 1554 1133 1441 1454 2225 1446 1951 1696 2587 1366 1680 1232 2246 2275 1648 1634 1121 2220 1068 2077 2393 1634 2347 2533 1379 1814 2367 1654 2121 1627 1584 1386 2634 1593 2062 1679 1626 1146 1269 1079
895 436 863 975 1204 1471 1402 0 996 1059 1472 1323 1880 802 713 531 573 695 723 1523 563 635 1050 728 1496 975 340 728 557 1183 1203 771 1269 647 1219 103 434 1600 1658 1389 72 1906 1169 934 947 984 1344 1339 1299 514 960 818 1186 1757 945 1233 798 935 571 222 1475 1650 700 1623 1401 890 1617 922 1862 1848 1465 1294 1192 969 1019 463 1595 342 882 1417 919 936 841 1166 478 985 412 553 870 793 595 922 1325 720 1136 865 1032 160 722 1085 1402 913 1233 365 849 1243 471 650 1444 478 736 1608 826 1296 728 866 544 837 1045 1110 1441 1484 216 1834 1166 1074 1733 546 1334 1256 931 608 714 1434 1380 1498 1428 1364 533 1198 1549 783 1327 1326 909 1490 837 1610 1537 1580 806 712 1528 460 562 334 1128 1266 983 777 816 1215 651 1489 1306 1385 1213 789 1668 571 735 202 1326 1485 728 896 677 1300 461 1282 1473 886 1427 1614 1091 894 1475 693 1201 710 592 648 1714 753 1142 759 756 858 1386 492
1399 717 1023 1513 656 937 1916 996 0 1220 925 403 1505 1275 982 710 1082 1052 992 1296 1274 1167 195 470 1074 1484 727 496 827 1697 1792 1451 904 774 685 986 1280 1118 2042 1535 968 1615 613 1413 1451 1118 797 1818 414 862 1439 1297 1054 1538 1484 676 486 257 863 948 1247 1557 1075 1076 1547 276 1070 1401 1643 2232 932 747 1780 1278 1527 967 1163 999 325 1802 1428 675 1198 978 714 1524 945 649 1349 1272 1104 854 1358 1077 1615 1344 647 945 1096 1155 1990 1392 1821 669 344 710 1069 1159 888 997 1324 2117 565 1869 471 482 725 280 1554 553 885 928 942 1542 721 1662 1186 677 1556 1844 1439 777 1302 1113 1519 942 1815 1952 1005 287 1002 472 780 1160 648 1004 998 1063 980 1353 911 1220 2116 568 854 990 743 719 1339 1046 1295 1724 931 2078 749 1973 1692 325 1111 819 694 821 779 1318 493 1375 1185 753 977 952 917 1172 880 1066 1680 263 942 963 645 641 568 1127 1157 468 466 354 444 1427 1974 1003
1307 1115 438 1498 1402 1002 1912 1059 1220 0 1671 1418 2260 1679 637 1075 1466 1451 646 2051 1182 1075 1127 1023 1829 1865 1079 913 554 1693 1699 1446 655 1163 1052 1085 1192 1873 936 429 1007 2370 1368 1030 1359 1675 1543 762 1376 1261 998 915 1652 2293 1469 1431 819 1106 1262 958 2002 2279 982 1822 441 1073 1816 979 2399 1126 1045 1493 1677 1725 1908 1369 1918 1279 1080 696 1809 713 1597 1576 1093 1509 1329 828 1075 1108 1485 558 1956 1475 1504 969 845 1123 1004 188 1898 979 1729 971 1048 1003 977 1539 1643 905 1232 2126 770 1792 927 1072 746 1035 1935 1308 1640 1683 958 2298 1372 1570 1932 765 2089 1752 1820 1170 1210 1868 2136 1697 709 1860 1410 1284 1748 846 1526 1881 675 1759 460 1808 1736 2108 1474 1601 2024 925 1253 897 838 1465 1738 604 1021 2105 1328 1985 1504 1881 641 961 1866 1207 817 1110 1525 2039 927 1100 1566 1499 885 1550 1672 794 1626 1812 1588 1093 1024 617 1400 843 870 1035 1912 809 1341 958 842 1335 1882 1399
1850 1192 1474 1989 714 982 2392 1472 925 1671 0 649 1969 1750 1433 1185 1558 1528 1442 1759 1724 1617 945 946 1538 1959 1203 946 1277 2173 2242 1927 1378 1249 917 1461 1735 1582 2508 2000 1444 2079 1077 1863 1901 1594 323 2268 731 1338 1890 1748 1530 2002 1959 1140 1030 839 1339 1424 1711 2021 1525 453 2012 810 340 1851 2107 2698 876 318 2231 1753 2003 1443 1626 1474 789 2268 1904 1172 1674 1454 1190 1999 1420 1145 1800 1723 1580 1351 1833 1552 2065 1795 1226 1420 1547 1697 2441 1843 2271 1144 872 853 1520 1634 1012 1448 1775 2593 1062 2335 946 949 1220 744 2030 1017 1201 1129 1418 2006 1179 2113 752 1172 2019 2295 1915 1253 1753 1576 1982 1406 2281 2403 1481 743 311 1015 764 1623 1145 1467 1449 404 1444 1817 1385 1696 2566 1044 1330 1440 1248 223 1815 1497 1746 2200 1407 2528 1213 2423 2143 824 1236 1295 1145 1296 279 1782 984 1825 1661 290 1428 1427 1041 1623 75 493 2130 798 955 1413 928 1091 1103 1578 1083 1044 652 859 988 1878 2425 1479
1628 1044 1252 1813 504 777 2225 1323 403 1418 649 0 1792 1602 1211 1037 1409 1379 1220 1583 1502 1395 341 804 1361 1811 1054 811 1055 2006 2020 1751 1041 1101 525 1313 1513 1405 2202 1695 1295 1903 901 1641 1679 1392 542 2025 144 1189 1668 1526 1328 1826 1783 964 693 587 1190 1249 1534 1845 1303 821 1707 606 793 1629 1931 2392 772 471 2009 1551 1854 1294 1450 1326 584 1962 1755 871 1525 1252 1042 1823 1272 971 1578 1501 1431 1051 1632 1404 1843 1573 690 1272 1325 1292 2219 1621 2049 996 674 550 1298 1486 847 1226 1553 2439 762 2113 719 812 1030 602 1881 827 1036 964 1243 1830 939 1891 1034 999 1843 2073 1767 1108 1531 1400 1806 1229 1975 2181 1333 139 726 679 628 1447 845 1291 1227 786 1268 1640 1241 1548 2344 895 1182 1218 788 442 1666 1275 1524 2051 1262 2306 1036 2201 1899 653 1070 1147 917 1148 524 1605 762 1603 1513 477 1206 1224 875 1401 603 812 1908 521 782 1191 763 864 862 1356 1116 708 400 684 652 1656 2203 1330
2380 1456 2063 2267 1515 2292 2670 1880 1505 2260 1969 1792 0 1930 2022 1569 1836 1301 2032 486 2069 2207 1618 1535 737 2237 1680 1535 1866 2451 2653 2205 2091 1510 2040 1869 2110 395 3097 2590 1858 267 988 2453 2476 967 1841 2858 1837 1431 2479 2337 812 418 2237 1002 1619 1419 1317 1950 454 660 2114 2120 2602 1390 2114 2440 470 3287 2287 1791 2642 1106 2281 1648 382 1799 1297 2857 2182 1761 1245 992 1497 2277 1655 1734 2389 2312 1822 1940 870 1227 2655 2384 1854 1828 2136 2286 2852 2432 2682 1707 1389 2065 2109 1912 1210 2037 2185 2871 1652 2645 1535 1425 1809 1252 2308 1056 1035 1078 1944 108 1278 2523 1784 1762 912 2706 2193 1432 2164 522 875 619 2870 2814 1669 1710 2040 1605 1592 701 1735 680 2038 1887 606 380 1321 1974 2946 1633 1337 2029 1950 1763 1222 2086 2335 2478 1341 2939 880 2834 2732 1409 1305 1482 1734 1704 1823 556 1573 2415 1871 1797 2017 953 1239 2212 1924 2110 2541 1378 2297 2002 1105 1681 1692 2167 1438 1633 1512 1444 1578 2307 2835 1668
998 566 1482 885 1482 1749 1086 802 1275 1679 1750 1602 1930 0 1348 680 447 745 1358 1573 688 1037 1328 1006 1546 471 687 1006 1192 1069 1271 823 1548 704 1497 788 854 1650 2176 1991 780 1956 1448 1452 1095 1034 1622 1857 1577 564 1478 1336 1236 1807 855 1511 1076 1214 621 903 1525 1700 1252 1902 2015 1169 1895 1439 1912 2366 1744 1573 1260 1019 566 483 1645 633 1160 1935 466 1218 891 1220 608 895 452 920 1388 1311 209 1397 1375 770 1353 1383 1311 746 1274 1705 1470 1431 1300 774 1127 1522 908 186 1723 868 804 1164 1108 1263 1006 1075 961 1115 541 1388 1719 1763 899 1884 1262 1142 2012 914 1384 1324 484 663 782 1484 1430 1742 1946 1432 309 1477 1828 1062 1606 1376 1192 1540 1457 1888 1815 1630 861 265 1564 767 612 1002 1407 1544 1033 1412 1334 763 701 1557 1584 1452 1731 1067 1946 626 1111 626 1604 1535 1006 1414 216 1579 848 1337 1751 1414 1705 1892 1159 1173 1754 1329 1480 1061 943 1166 1992 1075 1420 1037 1035 926 1454 429
1069 825 287 1260 1164 1305 1673 713 982 637 1433 1211 2022 1348 0 785 1120 1161 17 1813 943 746 920 785 1591 1521 737 675 156 1454 1461 1208 958 873 1088 738 954 1635 1474 966 661 2132 1130 775 1120 1385 1305 1224 1168 971 900 660 1414 2055 1231 1193 581 868 972 663 1764 2041 607 1584 978 835 1578 861 2160 1664 1335 1255 1375 1435 1565 1023 1680 933 842 1233 1466 610 1307 1338 803 1271 982 538 773 631 1142 572 1718 1185 1187 815 902 777 629 662 1660 755 1491 625 810 1113 739 1196 1405 667 994 1888 576 1554 689 833 456 797 1592 1070 1402 1445 666 2059 1133 1332 1694 475 1799 1514 1477 880 972 1630 1846 1459 1247 1622 1080 1077 1510 608 1288 1643 659 1521 261 1570 1497 1870 1184 1258 1785 635 963 604 998 1227 1448 136 766 1762 1038 1747 1266 1643 1092 723 1628 917 618 764 1287 1801 689 772 1223 1261 647 1311 1434 256 1387 1574 1349 855 1326 20 1162 594 631 736 1674 571 1103 720 604 1097 1644 1052
1052 124 879 938 917 1184 1341 531 710 1075 1185 1037 1569 680 785 0 507 450 795 1213 741 924 763 441 1185 909 255 441 630 1122 1324 876 983 196 932 520 761 1289 1887 1405 509 1596 883 1163 1148 674 1057 1568 1012 260 1189 1047 876 1447 909 946 511 649 260 518 1164 1401 937 1337 1417 604 1330 1150 1552 2077 1179 1008 1313 724 952 388 1285 451 595 1646 853 653 596 842 93 949 370 317 1099 1022 529 832 1015 475 1365 1094 746 479 959 1101 1523 1142 1354 239 562 957 825 584 1157 753 857 1542 543 1316 441 582 358 550 979 823 1154 1198 512 1523 873 1195 1447 310 1088 1377 864 203 835 1123 1135 1212 1657 1485 419 912 1263 496 1041 1016 626 1179 853 1323 1250 1270 482 645 1618 163 252 650 842 979 737 850 1045 1149 336 1610 1019 1506 1442 498 1381 194 520 355 1039 1174 441 1125 609 1013 733 958 1186 975 1140 1327 1212 608 1189 766 914 475 357 877 1427 498 855 469 469 979 1507 419
871 413 1269 757 1289 1556 1039 573 1082 1466 1558 1409 1836 447 1120 507 0 651 1129 1479 560 910 1136 814 1452 684 485 814 964 942 1144 696 1355 609 1305 559 727 1556 2046 1796 552 1862 1255 1322 967 940 1430 1727 1384 470 1349 1207 1142 1713 728 1318 883 1021 527 675 1430 1606 1123 1709 1808 976 1703 1310 1818 2236 1551 1380 1132 925 747 280 1551 406 967 1806 418 1025 797 1126 454 768 225 722 1259 1182 298 1204 1281 676 1226 1254 1118 518 1145 1492 1342 1302 1173 563 935 1329 780 377 1530 741 676 1212 916 1136 814 952 763 922 773 1195 1527 1570 670 1790 1168 1014 1819 715 1289 1196 438 569 655 1390 1336 1584 1817 1304 250 1284 1635 869 1413 1282 999 1446 1244 1695 1622 1536 767 241 1437 574 518 804 1214 1352 939 1184 1205 943 607 1430 1391 1325 1601 874 1753 531 918 398 1411 1441 814 1284 379 1386 721 1243 1558 1285 1512 1699 1032 980 1561 1100 1287 868 750 1037 1799 882 1228 845 842 798 1326 246
1196 335 1254 1082 1259 1526 1485 695 1052 1451 1528 1379 1301 745 1161 450 651 0 1171 945 885 1180 1106 784 917 1053 524 784 1005 1266 1469 1020 1325 454 1275 685 925 1021 2143 1780 674 1328 1060 1419 1292 406 1400 1824 1355 224 1445 1303 608 1179 1053 1123 853 991 227 774 896 1066 1220 1679 1792 946 1673 1407 1284 2333 1521 1350 1457 345 1096 463 1017 615 937 1902 997 995 217 619 378 1093 470 692 1355 1278 638 1175 722 81 1550 1350 1088 644 1242 1477 1667 1398 1498 587 892 1299 1068 728 1326 1010 1001 1686 886 1460 784 820 733 892 1123 983 1331 1375 768 1255 704 1339 1779 686 750 1521 1009 376 979 855 797 1114 1913 1629 485 1254 1605 839 1383 748 969 911 1229 1665 1237 1002 481 790 1762 539 247 906 1184 1322 383 1225 1301 1293 308 1755 1065 1650 1698 844 1549 395 888 520 1382 906 784 1381 686 1356 989 745 1355 1351 1482 1669 1357 950 1531 1141 1083 838 720 1133 1595 852 1198 815 812 1123 1651 484
1079 835 269 1270 1174 1315 1683 723 992 646 1442 1220 2032 1358 17 795 1129 1171 0 1823 953 756 929 795 1601 1531 747 684 165 1464 1471 1218 968 883 1098 748 964 1645 1483 976 670 2142 1140 758 1130 1395 1314 1207 1178 981 883 642 1424 2065 1241 1203 591 878 982 673 1774 2051 590 1594 988 845 1587 844 2170 1673 1345 1265 1357 1445 1575 1033 1689 942 852 1243 1475 620 1317 1348 813 1281 992 548 755 614 1151 582 1727 1195 1170 797 912 787 612 672 1670 737 1500 635 820 1123 749 1206 1415 677 1004 1898 586 1564 698 843 466 807 1601 1080 1411 1455 675 2069 1143 1342 1704 485 1809 1524 1487 890 982 1640 1856 1469 1256 1632 1089 1086 1520 618 1298 1653 669 1530 244 1580 1507 1880 1194 1268 1795 645 973 614 1008 1236 1458 118 748 1772 1047 1757 1276 1652 1075 733 1638 927 628 774 1296 1811 698 754 1233 1271 657 1321 1443 239 1397 1584 1359 865 1336 35 1172 603 641 719 1684 581 1112 730 614 1107 1654 1062
2024 1099 1854 1910 1305 2083 2313 1523 1296 2051 1759 1583 486 1573 1813 1213 1479 945 1823 0 1713 1992 1409 1326 397 1881 1323 1323 1657 2094 2297 1848 1882 1154 1831 1513 1753 355 2888 2381 1502 511 762 2232 2120 611 1631 2637 1628 1074 2259 2117 455 335 1881 793 1410 1209 961 1594 61 399 1905 1911 2393 1181 1904 2220 440 3078 2078 1582 2285 750 1924 1291 345 1443 1088 2648 1825 1552 888 636 1141 1921 1298 1456 2169 2092 1466 1731 560 870 2378 2164 1645 1472 1927 2077 2495 2212 2326 1351 1163 1856 1891 1556 1060 1819 1829 2514 1442 2288 1323 1068 1497 1043 1951 829 954 997 1588 438 922 2167 1599 1449 601 2349 1837 1076 1807 183 564 441 2661 2457 1313 1501 1837 1395 1383 345 1525 339 1829 1698 571 150 964 1618 2590 1302 981 1726 1741 1553 866 1877 2115 2121 985 2583 654 2478 2512 1195 1224 1125 1525 1348 1613 245 1344 2194 1514 1588 1799 597 1089 2003 1714 1901 2185 1168 2088 1793 896 1471 1476 1947 1330 1424 1303 1229 1368 1951 2479 1312
486 646 985 449 1456 1632 882 563 1274 1182 1724 1502 2069 688 943 741 560 885 953 1713 0 527 1211 993 1685 861 714 929 788 663 758 397 1431 843 1380 473 221 1789 1666 1481 586 2096 1422 942 582 1174 1596 1347 1460 704 968 826 1376 1947 420 1485 873 1160 760 593 1664 1839 743 1876 1508 1127 1869 930 2052 1856 1627 1547 747 1159 904 512 1785 591 1134 1425 805 978 1031 1360 688 460 457 889 878 801 481 1034 1515 910 840 873 1194 508 765 1208 957 921 788 786 1101 1405 341 536 1696 358 291 1096 868 845 980 1125 807 1089 931 1362 1693 1737 587 2023 1392 629 1986 826 1523 811 816 803 269 1623 1570 1751 1436 919 592 1368 1802 899 1580 1516 951 1679 960 1862 1789 1770 1000 597 1082 808 752 492 1290 1518 1172 1008 824 1101 841 1044 1558 940 1221 1015 1920 765 951 603 1578 1674 980 904 562 1552 338 1477 1725 904 1679 1866 646 1147 1637 924 1453 897 924 656 1966 863 1394 1012 896 413 941 478
477 908 825 844 1349 1525 1257 635 1167 1075 1617 1395 2207 1037 746 924 910 1180 756 1992 527 0 1104 970 1775 1210 701 859 591 1038 944 792 1323 1018 1273 680 538 1819 1378 1193 568 2317 1315 654 484 1460 1489 1059 1353 998 680 538 1599 2232 815 1378 765 1053 1047 464 1943 2134 397 1768 1220 1020 1762 641 2337 1568 1519 1440 879 1454 1254 862 1864 894 1027 1137 1155 871 1326 1523 922 855 807 782 490 349 830 927 1802 1205 692 585 1087 737 418 1100 1143 633 974 703 994 1298 300 885 1589 229 578 1472 761 1138 873 1018 700 982 1281 1255 1586 1630 458 2244 1318 916 1879 719 1818 997 1166 1025 556 1814 1865 1644 1148 1105 941 1261 1694 792 1473 1803 844 1705 802 1755 1682 2049 1280 947 1340 818 1038 340 1182 1411 1467 802 536 1451 1127 1230 1451 1126 933 908 1813 1043 843 750 1471 1961 873 489 912 1445 208 1496 1618 600 1572 1759 832 1039 1529 727 1346 790 817 228 1859 756 1287 904 789 505 1189 828
1337 770 961 1528 676 811 1941 1050 195 1127 945 341 1618 1328 920 763 1136 1106 929 1409 1211 1104 0 571 1187 1537 781 524 764 1722 1729 1476 750 827 560 1039 1221 1231 1911 1404 1022 1728 726 1350 1388 1239 839 1734 352 916 1377 1235 1176 1651 1499 789 397 378 917 958 1360 1670 1012 1118 1416 397 1090 1338 1756 2101 806 767 1718 1380 1581 1021 1275 1052 376 1671 1482 580 1252 1100 768 1539 998 680 1287 1210 1158 759 1479 1130 1552 1282 493 998 1034 1001 1928 1330 1758 722 466 584 1007 1212 970 935 1262 2156 471 1822 470 603 739 393 1608 666 997 1041 952 1655 833 1599 1206 708 1668 1782 1493 834 1240 1226 1632 1055 1684 1890 1059 225 1022 383 800 1273 554 1116 936 1083 1093 1466 1032 1274 2053 622 908 927 589 739 1393 984 1233 1778 988 2015 862 1910 1608 444 1194 873 626 875 820 1431 512 1312 1239 773 914 1073 999 1110 900 1108 1617 313 816 900 758 573 566 1065 1240 411 489 475 356 1365 1912 1057
1202 448 826 1245 678 1055 1648 728 470 1023 946 804 1535 1006 785 441 814 784 795 1326 993 970 571 0 1104 1215 459 202 629 1429 1575 1183 854 481 803 717 1005 1148 1860 1353 700 1646 644 1213 1254 903 818 1619 806 594 1240 1098 916 1569 1215 707 382 405 595 680 1277 1542 877 1097 1365 359 1091 1201 1674 2050 1050 768 1564 1007 1259 699 1193 730 356 1620 1160 524 930 839 446 1255 676 401 1150 1073 836 703 1198 808 1416 1145 617 676 899 1049 1774 1193 1604 400 323 828 872 890 918 800 1108 1849 414 1613 202 335 475 311 1286 584 915 958 674 1573 635 1446 1207 428 1368 1628 1171 490 1086 1143 1396 972 1633 1736 737 687 1023 368 802 1145 498 1034 801 1084 1011 1383 700 952 1869 300 586 755 713 740 1071 849 1096 1456 643 1861 780 1756 1493 262 1142 533 451 552 800 1303 202 1176 917 774 780 813 947 975 901 1088 1463 368 1060 765 675 397 350 928 1188 385 616 249 341 1219 1758 735
1996 1071 1632 1882 1084 1861 2286 1496 1074 1829 1538 1361 737 1546 1591 1185 1452 917 1601 397 1685 1775 1187 1104 0 1853 1296 1104 1435 2067 2269 1821 1660 1086 1609 1485 1726 364 2666 2159 1474 777 494 2021 2059 583 1410 2427 1406 1047 2048 1906 430 635 1853 561 1188 988 933 1566 348 644 1683 1689 2171 959 1683 2009 740 2856 1856 1360 2258 722 1897 1264 383 1415 866 2426 1797 1330 861 544 1113 1893 1271 1303 1958 1881 1438 1509 617 843 2224 1953 1423 1444 1705 1855 2468 2001 2298 1303 908 1634 1678 1528 828 1606 1801 2487 1220 2261 1104 813 1378 821 1923 561 737 781 1560 704 666 2139 1367 1330 705 2321 1809 1048 1780 299 668 309 2439 2429 1285 1279 1615 1174 1161 314 1303 78 1607 1465 562 450 841 1590 2562 1202 953 1598 1519 1332 828 1655 1904 2094 957 2555 387 2450 2301 958 1008 1098 1303 1320 1392 403 1104 1984 1487 1366 1586 341 857 1781 1492 1679 2157 947 1866 1571 674 1250 1261 1736 1097 1202 1081 991 1146 1923 2451 1284
1171 814 1668 1058 1691 1958 1093 975 1484 1865 1959 1811 2237 471 1521 909 684 1053 1531 1881 861 1210 1537 1215 1853 0 887 1215 1366 1128 1444 996 1757 1011 1706 961 1027 1957 2349 2164 954 2264 1657 1625 1268 1342 1831 2030 1786 872 1651 1509 1544 2115 1029 1720 1285 1423 928 1077 1832 2007 1426 2111 2191 1378 2104 1612 2220 2539 1953 1782 1433 1327 589 680 1953 806 1369 2108 391 1427 1199 1528 856 1069 625 1124 1561 1484 509 1606 1683 1078 1526 1556 1520 920 1447 1891 1643 1604 1473 965 1337 1731 1081 340 1932 1041 977 1039 1317 1436 1215 1353 1164 1324 256 1597 1928 1972 1072 2191 1570 1315 2221 1117 1691 1497 421 971 955 1791 1738 1986 2119 1605 645 1686 2037 1271 1815 1684 1401 1847 1643 2097 2024 1938 1168 536 1738 976 920 1175 1616 1753 1340 1586 1507 786 1009 1730 1793 1625 1904 1276 2155 933 1320 800 1813 1842 1215 1587 590 1788 1021 1645 1960 1587 1914 2101 1332 1382 1963 1502 1689 1270 1152 1339 2201 1284 1630 1246 1244 1099 1627 646
933 224 882 916 934 1201 1320 340 727 1079 1203 1054 1680 687 737 255 485 524 747 1323 714 701 781 459 1296 887 0 459 581 1101 1297 855 1000 355 950 332 641 1391 1664 1408 308 1706 900 940 985 784 1075 1346 1030 343 967 825 986 1557 887 963 528 666 370 296 1274 1478 741 1354 1420 621 1348 928 1662 1854 1196 1025 1286 798 931 373 1395 366 612 1424 831 671 670 955 235 927 348 327 877 800 507 850 1125 549 1143 872 763 291 763 1104 1496 920 1327 119 580 974 603 562 1175 531 830 1520 561 1295 459 597 368 567 957 840 1172 1215 290 1634 897 1168 1464 320 1162 1350 843 362 808 1234 1209 1229 1435 1458 417 929 1280 514 1058 1126 644 1276 857 1340 1268 1380 595 624 1596 209 362 428 859 997 811 801 823 1127 448 1583 1036 1479 1220 519 1398 356 530 167 1057 1284 459 902 589 1031 511 1068 1204 898 1158 1344 1186 625 1206 717 932 497 367 655 1444 520 873 490 487 944 1480 410
1092 448 716 1156 678 945 1568 728 496 913 946 811 1535 1006 675 441 814 784 684 1323 929 859 524 202 1104 1215 459 0 519 1349 1448 1094 743 483 693 717 906 1148 1750 1242 700 1646 644 1105 1143 894 818 1510 773 594 1132 990 928 1563 1126 707 272 409 593 665 1274 1537 767 1097 1254 376 1091 1093 1668 1940 939 768 1437 999 1259 699 1193 730 356 1510 1160 414 927 851 446 1167 676 344 1042 965 836 593 1181 808 1307 1037 506 676 789 939 1647 1085 1478 400 323 717 762 890 918 690 981 1782 304 1495 202 347 390 311 1286 584 915 958 659 1573 647 1319 1207 372 1356 1501 1171 485 959 1143 1383 972 1523 1609 737 681 1023 257 802 1147 387 1034 691 1084 1011 1380 694 952 1772 300 586 647 602 740 1071 739 988 1456 639 1734 780 1630 1385 270 1142 528 387 552 800 1305 202 1067 917 774 670 825 947 865 901 1088 1336 368 949 655 675 325 278 820 1188 286 616 240 230 1095 1631 735
913 670 357 1105 1009 1181 1518 557 827 554 1277 1055 1866 1192 156 630 964 1005 165 1657 788 591 764 629 1435 1366 581 519 0 1299 1306 1053 876 717 933 583 798 1479 1391 884 505 1977 974 864 965 1229 1149 1218 1013 815 953 749 1259 1900 1075 1038 425 712 816 508 1608 1885 495 1428 896 680 1422 915 2005 1581 1179 1099 1294 1279 1409 867 1524 777 687 1151 1310 455 1151 1182 647 1115 827 382 862 720 986 417 1562 1030 1127 858 746 621 517 580 1504 844 1335 470 654 957 583 1041 1249 511 838 1732 421 1398 533 678 301 642 1436 915 1246 1289 510 1904 978 1176 1538 319 1643 1358 1321 724 816 1474 1690 1303 1164 1466 924 921 1354 452 1132 1487 504 1365 332 1415 1342 1714 1028 1102 1630 479 807 448 842 1071 1292 220 809 1606 882 1592 1111 1487 1097 567 1473 761 463 608 1131 1646 533 861 1067 1105 491 1156 1278 346 1232 1419 1194 699 1189 136 1006 438 476 641 1519 415 947 564 448 941 1488 897
999 1028 1496 482 1904 2143 292 1183 1697 1693 2173 2006 2451 1069 1454 1122 942 1266 1464 2094 663 1038 1722 1429 2067 1128 1101 1349 1299 0 971 764 1942 1225 1891 1094 846 2171 2177 1992 1167 2477 1870 1453 1096 1555 2045 1858 1971 1085 1479 1337 1757 2328 491 1934 1383 1634 1142 1104 2046 2221 1254 2324 2019 1589 2318 1440 2433 2367 2137 1995 1261 1540 1065 893 2166 1019 1582 1936 809 1489 1412 1741 1070 438 839 1337 1389 1312 862 1545 1896 1291 1354 1384 1705 1129 1275 1719 1244 1432 1301 1178 1550 1916 909 917 2145 869 805 506 1379 654 1429 1567 1318 1537 1187 1811 2142 2185 1098 2405 1783 845 2434 1330 1905 1325 782 1184 783 2005 1951 2199 1947 1206 973 1879 2250 1410 2028 1897 1462 2061 1471 2310 2238 2151 1382 933 961 1190 1133 1003 1800 1967 1554 1519 1335 1314 1222 1235 2006 1227 1732 1477 2368 1147 1461 1013 2027 2056 1429 1415 944 2001 849 1858 2174 1415 2128 2314 1160 1595 2148 1435 1902 1408 1365 1167 2415 1374 1843 1460 1407 927 1050 860
557 1230 1503 773 1974 2150 1190 1203 1792 1699 2242 2020 2653 1271 1461 1324 1144 1469 1471 2297 758 944 1729 1575 2269 1444 1297 1448 1306 971 0 1026 1948 1427 1898 1114 872 2373 1998 1814 1226 2680 1940 1443 521 1757 2114 1680 1978 1287 1301 1344 1960 2530 763 2003 1390 1678 1344 1111 2248 2423 1235 2393 1841 1645 2387 1214 2635 2188 2144 2064 586 1743 1488 1095 2369 1221 1652 1758 1388 1496 1615 1944 1272 779 1041 1407 1358 1237 1064 1551 2099 1493 719 1313 1711 1149 1257 1725 300 1332 390 1327 1619 1922 916 1119 2214 876 605 1405 1386 349 1498 1643 1325 1607 1514 1880 2211 2255 1105 2607 1943 226 2503 1344 2107 425 1400 1386 543 2207 2154 2269 1769 262 1175 1886 2319 1417 2098 2100 1469 2263 1477 2380 2307 2354 1584 1181 501 1392 1335 1010 1807 2036 1756 1526 1304 1684 1424 411 2076 283 1554 1533 2438 1349 1468 1215 2096 2258 1498 1372 1146 2070 856 2060 2243 1422 2197 2384 485 1664 2154 1442 1971 1415 1441 1122 2484 1380 1912 1529 1413 514 346 1062
753 782 1249 432 1658 1896 959 771 1451 1446 1927 1751 2205 823 1208 876 696 1020 1218 1848 397 792 1476 1183 1821 996 855 1094 1053 764 1026 0 1695 979 1645 682 441 1925 1930 1746 794 2231 1624 1206 849 1309 1799 1612 1725 839 1233 1091 1511 2082 403 1688 1137 1379 896 858 1800 1975 1007 2078 1773 1335 2072 1194 2187 2120 1891 1749 1015 1294 1039 647 1920 773 1337 1690 787 1242 1166 1495 824 443 593 1091 1143 1066 616 1298 1650 1045 1108 1138 1458 717 1029 1472 1225 1186 1055 932 1304 1669 662 671 1899 623 558 1188 1133 958 1183 1321 1072 1291 1066 1565 1896 1939 852 2159 1537 848 2188 1080 1659 1079 764 938 537 1759 1705 1953 1701 1187 727 1626 2004 1164 1782 1651 1216 1815 1224 2064 1992 1905 1136 733 1253 944 887 757 1554 1721 1308 1273 1089 1236 976 1312 1760 1207 1486 1222 2123 901 1215 767 1781 1810 1183 1169 698 1755 603 1612 1928 1169 1882 2068 914 1349 1901 1189 1656 1162 1119 921 2169 1127 1597 1214 1160 680 1141 614
1556 990 769 1747 1233 527 2161 1269 904 655 1378 1041 2091 1548 958 983 1355 1325 968 1882 1431 1323 750 854 1660 1757 1000 743 876 1942 1948 1695 0 1047 576 1259 1441 1704 1431 923 1241 2201 1199 1356 1607 1546 1138 1257 994 1135 1479 1240 1483 2124 1718 1262 626 937 1136 1178 1833 2110 1231 1417 935 904 1600 1442 2229 1621 569 1324 1937 1599 1800 1240 1748 1272 911 1191 1701 701 1471 1407 987 1758 1218 899 1400 1429 1377 685 1786 1350 1772 1395 459 1218 1253 520 2147 1335 1978 942 879 528 1226 1432 1474 1154 1481 2375 691 2041 757 902 958 866 1827 1139 1470 1514 1172 2128 1202 1819 1763 927 1963 2001 1712 1054 1459 1699 2010 1528 1204 2109 1279 907 1534 611 1357 1712 629 1589 785 1606 1566 1939 1338 1493 2272 841 1127 1146 452 1293 1612 925 1346 1997 1208 2234 1335 2130 1136 792 1697 1092 846 1094 1107 1870 757 1426 1458 1330 1134 1380 1502 1115 1332 1408 1836 924 548 938 1231 792 795 1284 1743 640 1171 789 584 1584 2131 1276
1154 214 966 1040 981 1248 1444 647 774 1163 1249 1101 1510 704 873 196 609 454 883 1154 843 1018 827 481 1086 1011 355 483 717 1225 1427 979 1047 0 996 636 879 1230 1981 1492 623 1537 947 1257 1250 614 1122 1662 1076 266 1283 1141 754 1388 1011 1010 575 656 235 612 1105 1343 1024 1401 1504 611 1394 1244 1493 2171 1243 1072 1415 675 1055 422 1226 569 659 1740 955 717 552 678 175 1051 428 404 1193 1116 596 896 956 441 1459 1188 810 595 1046 1189 1625 1236 1456 333 526 1021 919 686 1222 847 959 1644 608 1419 483 444 445 614 1081 887 1218 1262 606 1464 705 1297 1511 398 1092 1479 967 78 937 1064 1139 1276 1751 1587 443 976 1327 561 1105 957 691 1116 941 1387 1314 1211 382 748 1720 244 225 744 906 1043 718 937 1139 1251 236 1713 1083 1608 1536 495 1445 125 600 471 1103 1115 481 1219 644 1078 827 794 1250 1063 1204 1391 1315 672 1253 853 979 541 428 971 1491 564 920 526 534 1081 1609 442
1506 939 1130 1697 968 278 2110 1219 685 1052 917 525 2040 1497 1088 932 1305 1275 1098 1831 1380 1273 560 803 1609 1706 950 693 933 1891 1898 1645 576 996 0 1208 1390 1653 1827 1320 1191 2151 1149 1519 1557 1496 677 1653 468 1085 1546 1404 1433 2074 1668 1212 575 856 1086 1127 1782 2059 1181 956 1332 852 1139 1507 2179 2017 289 912 1887 1549 1750 1190 1698 1221 860 1587 1651 762 1421 1356 937 1708 1167 849 1456 1379 1327 785 1736 1299 1721 1451 372 1167 1203 917 2097 1499 1927 891 828 67 1175 1381 1310 1104 1431 2325 656 1991 707 852 908 816 1777 1089 1420 1428 1121 2078 1152 1768 1494 877 1913 1951 1662 1003 1409 1648 1960 1477 1600 2059 1228 508 1073 561 1092 1662 700 1539 1105 1146 1516 1888 1288 1443 2222 791 1077 1096 366 856 1562 1153 1402 1947 1157 2184 1285 2079 1533 741 1534 1042 795 1043 646 1820 707 1481 1408 917 1083 1330 1339 1279 872 947 1786 803 299 1069 1180 742 744 1234 1580 590 846 738 534 1534 2080 1226
841 426 888 885 1193 1460 1313 103 986 1085 1461 1313 1869 788 738 520 559 685 748 1513 473 680 1039 717 1485 961 332 717 583 1094 1114 682 1259 636 1208 0 345 1589 1691 1414 126 1896 1159 967 938 973 1333 1372 1288 503 993 851 1176 1746 856 1222 787 925 560 268 1464 1639 745 1613 1426 879 1606 955 1852 1881 1455 1284 1103 959 1004 430 1585 254 871 1450 905 927 831 1155 467 896 344 542 903 826 581 947 1315 709 1169 898 1022 71 767 1111 1313 946 1143 383 838 1233 520 636 1433 526 647 1527 817 1207 717 855 569 826 1031 1099 1430 1474 262 1823 1155 984 1723 535 1323 1167 917 598 625 1423 1370 1488 1461 1275 519 1188 1539 773 1317 1316 901 1479 863 1599 1526 1570 795 698 1438 449 551 379 1118 1255 972 803 849 1201 641 1400 1295 1295 1246 778 1657 560 745 191 1315 1474 717 929 663 1290 506 1271 1462 918 1416 1603 1002 884 1465 719 1191 716 582 681 1703 743 1131 748 745 769 1297 454
599 667 995 633 1466 1642 1065 434 1280 1192 1735 1513 2110 854 954 761 727 925 964 1753 221 538 1221 1005 1726 1027 641 906 798 846 872 441 1441 879 1390 345 0 1830 1676 1491 457 2136 1432 952 696 1214 1607 1357 1470 744 978 837 1416 1987 603 1495 883 1170 801 582 1705 1880 753 1886 1518 1137 1879 940 2092 1866 1637 1557 861 1199 1071 657 1825 471 1144 1436 971 988 1071 1396 708 643 560 851 889 811 647 1044 1555 950 954 884 1204 380 775 1218 1071 932 901 692 1112 1415 351 702 1707 369 405 1279 878 965 991 1135 818 1099 1097 1372 1703 1747 576 2064 1435 743 1996 832 1563 925 983 839 383 1664 1610 1761 1446 1033 755 1379 1812 910 1590 1556 961 1720 970 1872 1799 1810 1036 764 1196 758 792 462 1300 1528 1213 1018 835 1267 881 1158 1568 1053 1231 1025 1930 801 961 500 1588 1715 991 914 729 1563 349 1513 1735 915 1689 1876 760 1157 1647 934 1464 907 891 666 1976 873 1405 1022 906 527 1055 645
