NAME: zurich_200_24
COMMENT: TSP instance with 200 nodes. City: Zurich, Switzerland, Seed: 66
TYPE: TSP
DIMENSION: 200
EDGE_WEIGHT_TYPE: EXPLICIT
EDGE_WEIGHT_FORMAT: FULL_MATRIX
NODE_COORD_SECTION:
1 47.4138547 8.5454219
2 47.4115131 8.6099663
3 47.2281602 8.6628905
4 47.5538723 8.3335934
5 47.5532068 8.3311879
6 47.3889609 8.3305063
7 47.3514929 8.6328777
8 47.3940298 8.5353232
9 47.5343535 8.8005627
10 47.4623454 8.2790043
11 47.3289139 8.5991851
12 47.4314515 8.6449504
13 47.3680648 8.5411275
14 47.3707642 8.4514825
15 47.3992739 8.5019164
16 47.3471873 8.6167263
17 47.2958024 8.6889197
18 47.4427033 8.6290109
19 47.3777798 8.5377353
20 47.5087291 8.5457646
21 47.3121331 8.3283353
22 47.3660851 8.545137
23 47.3096638 8.3602368
24 47.3618419 8.5476541
25 47.4899005 8.7130268
26 47.2690162 8.7727823
27 47.3192354 8.7923808
28 47.1976474 8.7814771
29 47.4229395 8.4100242
30 47.4239467 8.3690678
31 47.496904 8.4484786
32 47.3882627 8.7493248
33 47.3231207 8.4393583
34 47.3600511 8.5506771
35 47.3346013 8.4763636
36 47.4264915 8.4574707
37 47.3646218 8.3610575
38 47.3655739 8.7812949
39 47.4222995 8.6188301
40 47.3121985 8.4257224
41 47.3915842 8.6970287
42 47.3855569 8.718465
43 47.4362725 8.360012
44 47.5060203 8.7517283
45 47.4590499 8.2875919
46 47.4368271 8.3530331
47 47.3255522 8.5142379
48 47.2769554 8.4097125
49 47.2530328 8.602231
50 47.4360559 8.3645841
51 47.3921383 8.5431613
52 47.5234193 8.5843509
53 47.494228 8.5540312
54 47.455864 8.7741795
55 47.2822656 8.5500416
56 47.3762406 8.5150677
57 47.3651408 8.8003119
58 47.4712783 8.3014971
59 47.5200131 8.7520643
60 47.3194717 8.423092
61 47.3596185 8.5561047
62 47.525869 8.7300337
63 47.3477406 8.337124
64 47.4006019 8.570195
65 47.3830463 8.4221484
66 47.3155598 8.7957261
67 47.5217212 8.5416735
68 47.2492699 8.6335676
69 47.5151722 8.5251823
70 47.5190062 8.3706942
71 47.3588407 8.7086794
72 47.4525637 8.5856649
73 47.2262954 8.6686927
74 47.2581698 8.5971857
75 47.4017041 8.3073915
76 47.4725777 8.6781343
77 47.5075563 8.7254087
78 47.4603091 8.31601
79 47.3542821 8.5736155
80 47.4214729 8.361439
81 47.1978825 8.7232487
82 47.3911855 8.5389136
83 47.3765156 8.4910054
84 47.3597423 8.5258532
85 47.3853911 8.7152113
86 47.3940799 8.5418429
87 47.4415107 8.4835431
88 47.3569593 8.557845
89 47.4579244 8.435022
90 47.3561094 8.5093355
91 47.3721148 8.5104224
92 47.2530167 8.6186291
93 47.5478301 8.4830508
94 47.2892854 8.5351011
95 47.3332255 8.2811779
96 47.4203932 8.4342813
97 47.4420763 8.5691621
98 47.5208584 8.5305939
99 47.3604953 8.5613248
100 47.4363888 8.2902952
101 47.4416782 8.2901469
102 47.3175333 8.467778
103 47.3938835 8.4148698
104 47.4908608 8.4774264
105 47.3955889 8.6298875
106 47.5020902 8.3725048
107 47.4094438 8.5496055
108 47.4092555 8.5433726
109 47.3568944 8.4430624
110 47.2078467 8.7055513
111 47.467776 8.3220299
112 47.4162982 8.5451023
113 47.4814459 8.6973824
114 47.5291447 8.6674236
115 47.4151552 8.3141705
116 47.5510816 8.630273
117 47.4677816 8.4136589
118 47.4791364 8.5057877
119 47.3737452 8.2987945
120 47.2778586 8.4516387
121 47.4862017 8.2983305
122 47.4491995 8.5253233
123 47.4810342 8.4570781
124 47.525845 8.7887329
125 47.3631063 8.789692
126 47.4732254 8.7780297
127 47.5342533 8.7306616
128 47.3961542 8.6227238
129 47.4918461 8.5504151
130 47.2147174 8.8023213
131 47.2477868 8.6060209
132 47.3389123 8.3883493
133 47.4088501 8.544394
134 47.3350193 8.3042154
135 47.2042545 8.7626131
136 47.3901264 8.433683
137 47.365639 8.7850423
138 47.525684 8.7462574
139 47.2703664 8.6395461
140 47.3251886 8.7894882
141 47.3760317 8.6286029
142 47.4819464 8.4933677
143 47.4419418 8.4857033
144 47.3911996 8.6172164
145 47.43516 8.5409573
146 47.5411551 8.7838916
147 47.2783031 8.3624532
148 47.5207441 8.3416888
149 47.2563762 8.3192575
150 47.4915932 8.4247352
151 47.3208178 8.5843937
152 47.419955 8.5885816
153 47.344076 8.5311866
154 47.3539535 8.7082013
155 47.4154301 8.3816727
156 47.4156019 8.716219
157 47.33073 8.5364898
158 47.3347309 8.305126
159 47.2061652 8.7582658
160 47.4292297 8.3991502
161 47.2550566 8.6051776
162 47.3927901 8.7597985
163 47.2560548 8.5893292
164 47.4050784 8.6800881
165 47.2446413 8.7156831
166 47.4213292 8.306842
167 47.5177309 8.6508999
168 47.4959657 8.7232734
169 47.2019343 8.7948589
170 47.3624258 8.6221258
171 47.4562328 8.2822564
172 47.2935214 8.4447347
173 47.4111613 8.5492139
174 47.4085296 8.7333018
175 47.5360126 8.288921
176 47.374739 8.3035382
177 47.2870786 8.5652531
178 47.2847528 8.4093957
179 47.4346186 8.6833171
180 47.4004926 8.5432999
181 47.456892 8.6906735
182 47.2004906 8.5726703
183 47.3817172 8.4234343
184 47.4782784 8.485782
185 47.2557346 8.3752783
186 47.4366488 8.6943654
187 47.4071995 8.6756987
188 47.4794129 8.5262856
189 47.2607187 8.6901183
190 47.4262902 8.4605872
191 47.3999408 8.4112289
192 47.314944 8.4722388
193 47.3709375 8.5604448
194 47.5330913 8.7371805
195 47.4962892 8.7235548
196 47.4844881 8.3018228
197 47.4602281 8.3291607
198 47.3298564 8.7472453
199 47.4443684 8.3316218
200 47.5083722 8.7548113
EDGE_WEIGHT_SECTION:
0 451 1351 1823 1832 1382 894 238 1233 1161 972 577 464 822 437 901 1286 593 379 638 1615 443 1365 479 872 1514 1134 1936 689 817 899 964 1043 510 1032 514 1085 1023 472 1187 749 790 922 1137 1086 957 863 1287 1199 920 224 885 632 1200 998 425 1135 1058 1309 1104 539 1122 1367 253 730 1146 715 1325 663 1316 788 374 1378 1251 1489 948 1002 1013 615 897 1541 229 531 570 777 224 482 567 667 624 483 1259 995 1065 1752 580 279 679 537 1255 1249 1034 635 805 522 1228 47 112 909 1429 1020 31 904 1073 1435 1345 890 604 1476 1242 1156 422 742 1227 1089 1321 1160 476 570 2027 1114 1020 97 1609 1756 760 1054 1351 1370 1079 661 652 463 489 202 1261 1492 1438 1891 920 887 361 686 824 722 810 735 1604 1733 790 1185 1052 1253 687 1750 1381 1068 1003 1933 839 1092 1168 51 906 1653 1441 956 1371 756 163 799 1605 756 678 1514 638 729 539 1671 512 755 1049 447 1225 997 1159 994 1016 1027 1194
451 0 1607 2013 2022 1572 725 532 1092 1351 1055 405 720 1105 762 773 1130 405 635 754 1804 700 1555 736 731 1368 988 2192 879 1007 1089 818 1247 767 1267 725 1275 877 277 1377 603 645 1112 995 1276 1147 1119 1531 1455 1109 498 1002 748 1058 1254 738 989 1248 1168 1294 797 981 1557 364 920 1000 831 1581 779 1506 642 490 1634 1506 1679 785 861 1203 840 1087 1797 512 846 826 631 502 682 816 857 910 794 1515 1111 1321 1942 770 438 796 785 1445 1439 1269 825 1006 352 1418 413 482 1163 1685 1210 466 763 931 1625 1204 1080 805 1666 1486 1346 645 932 1086 943 1179 1018 305 686 2283 1370 1210 471 1799 2012 950 908 1209 1469 933 492 853 683 320 459 1120 1732 1628 2105 1110 1126 229 942 678 912 668 991 1794 1989 980 1440 906 1509 541 1591 1571 956 861 2189 675 1282 1403 446 764 1843 1631 1212 1606 614 472 658 1861 946 879 1758 496 583 740 1517 723 945 1284 655 1083 856 1349 1184 870 1217 1052
1351 1607 0 2680 2689 1634 1679 1196 2337 1939 1554 1681 1001 1286 1370 1548 1935 1760 1011 1836 1833 1025 1583 1062 1976 2289 2238 837 1617 1594 2109 2068 1169 1092 1157 1615 1468 2126 1577 1337 1853 1894 1699 2240 1863 1734 959 1412 464 1697 1181 2083 1830 2304 771 987 2239 1835 2413 1254 1161 2226 1585 1367 1244 2250 1913 310 1860 2366 1891 1572 68 516 1809 2053 2106 1790 1262 1675 462 1145 1149 891 1880 1203 1702 1172 1876 935 1019 388 2192 922 1970 1588 1519 1877 1171 1991 2022 1159 1244 2046 1644 2423 1309 1328 1282 335 1798 1376 2008 2177 1828 2449 1993 1886 1694 1368 1933 1726 1952 2331 2193 2425 2264 1597 1767 927 380 1238 1322 1827 656 1370 2158 2455 1952 2183 1765 1935 1703 1600 1531 2365 1617 2391 2016 2130 1470 1553 816 1927 1499 1914 720 1822 633 1584 450 2156 518 1791 2399 1884 2202 2106 833 1544 1870 1293 1342 2010 2510 1659 729 1496 1860 1247 1903 828 1240 1949 1639 1742 1832 1821 2254 1613 1362 1174 1153 2328 2101 1936 1772 2120 1804 2297
1823 2013 2680 0 27 1566 2447 1901 2769 1142 2527 2113 1970 1848 1794 2496 2853 2050 1940 1614 2318 1998 2205 2035 2408 3049 2669 3265 1501 1310 1052 2500 1913 2065 1974 1548 1818 2558 2009 2027 2284 2326 1316 2672 1035 1352 2290 2230 2527 1314 1930 1920 1684 2735 2326 1851 2671 931 2845 1944 2134 2657 2027 1977 1571 2681 1587 2654 1545 664 2323 1829 2707 2579 1534 2426 2538 955 2227 1350 2869 1888 1845 2019 2312 1908 1433 2144 1391 2022 1906 2587 1503 2394 2277 1604 1778 1551 2136 1209 1203 1967 1475 1245 2076 739 1863 1835 1814 2757 922 1804 2440 2348 1431 2590 1357 1392 1789 2185 783 1666 1112 2763 2625 2856 2687 2029 1662 3355 2443 1860 1847 2181 3084 1601 2590 2855 2925 2615 2215 1307 1434 2043 1730 2797 2428 445 2756 925 2443 2017 2147 2359 1363 2345 2064 2186 3062 1445 2513 2587 2581 2223 3298 1375 2210 2538 3261 2398 1073 2101 1868 2441 401 1754 2284 2304 2291 1897 2334 2934 1596 1330 2457 2173 2264 1565 3227 1546 1534 1982 2110 2751 2533 818 1028 2551 1121 2729
1832 2022 2689 27 0 1575 2457 1910 2778 1152 2536 2122 1980 1858 1803 2505 2862 2059 1949 1624 2327 2008 2215 2044 2417 3059 2679 3274 1511 1319 1061 2509 1923 2074 1984 1558 1828 2567 2018 2037 2294 2335 1326 2681 1045 1361 2300 2239 2537 1324 1939 1929 1694 2745 2336 1860 2680 940 2854 1954 2143 2667 2036 1986 1580 2691 1596 2663 1555 673 2332 1838 2716 2588 1543 2435 2547 965 2236 1359 2878 1897 1855 2029 2321 1918 1443 2154 1400 2032 1915 2597 1512 2403 2286 1613 1788 1561 2145 1219 1212 1976 1484 1255 2085 749 1872 1845 1823 2767 931 1813 2449 2357 1440 2599 1366 1401 1799 2195 792 1676 1122 2772 2634 2866 2696 2039 1671 3365 2452 1870 1857 2190 3093 1610 2599 2865 2934 2624 2224 1317 1443 2052 1740 2806 2438 454 2765 935 2452 2027 2157 2368 1372 2355 2073 2195 3071 1454 2522 2597 2591 2232 3308 1385 2219 2547 3270 2407 1083 2111 1877 2451 410 1763 2293 2313 2301 1907 2344 2943 1606 1339 2466 2183 2273 1575 3236 1556 1543 1992 2119 2760 2542 828 1037 2561 1131 2738
1382 1572 1634 1566 1575 0 1837 1354 2328 627 1712 1672 1159 873 1286 1706 2093 1693 1169 1735 776 1183 729 1220 1967 2447 2228 2220 968 631 1621 2058 850 1250 929 1135 511 2117 1568 871 1843 1885 800 2231 531 802 1247 1018 1482 835 1339 1982 1729 2294 1281 1145 2230 674 2404 822 1319 2216 480 1525 821 2240 1812 1608 1760 1253 1882 1471 1661 1534 174 2044 2097 803 1420 562 1824 1303 1134 1049 1871 1361 1245 1330 1176 1093 1177 1542 1935 1348 869 977 1337 1776 1329 401 468 922 821 1577 1635 1309 1422 1402 869 1712 774 1363 1999 2167 194 2439 1186 1617 406 1139 820 1502 1482 2322 2184 2415 2254 1588 1667 2310 1398 502 1414 723 2039 947 2149 2445 2110 2174 1774 1532 1246 1602 1317 2356 930 1277 1257 1495 1628 1576 1115 1918 670 1904 1018 717 2017 911 1468 2146 1536 1782 2557 250 2178 2097 2216 1702 558 1012 1427 2000 1397 371 1239 919 1850 1395 1893 1889 817 1500 1105 1732 1823 1597 2412 1184 849 937 1311 2319 2092 823 870 2110 813 2288
894 725 1679 2447 2457 1837 0 833 1535 1786 459 877 710 1267 1100 223 556 954 742 1189 2035 663 1786 657 1174 910 983 2264 1313 1441 1523 857 1371 646 1359 1159 1670 924 749 1539 634 683 1546 1438 1710 1582 1191 1615 1527 1544 799 1436 1183 1270 1326 881 1037 1682 1611 1456 609 1423 1787 772 1355 941 1266 1653 1214 1940 689 925 1706 1578 2011 1203 1304 1637 479 1522 1869 782 1043 839 669 828 1117 620 1291 959 919 1587 1546 1393 2173 1204 873 1230 572 1880 1873 1362 1259 1441 510 1853 852 888 1354 1757 1645 919 1206 1374 2030 1647 1514 1240 1896 1570 1780 1080 1367 1529 991 1506 1461 456 1121 2355 1442 1441 877 2030 2084 1385 956 1652 866 981 308 1288 1118 414 894 1563 1820 2062 2219 1544 583 808 923 715 1346 855 1052 2024 2061 1415 1512 945 1581 639 1020 2005 1399 1304 2260 158 1717 1496 885 925 2278 1861 1284 1699 905 870 1084 1933 1380 1313 1842 887 681 1174 944 1157 1380 1377 589 1526 1299 1783 1619 831 1651 1495
238 532 1196 1901 1910 1354 833 0 1263 1160 812 606 308 715 339 742 1129 685 224 761 1552 283 1303 320 901 1483 1163 1782 787 815 989 993 888 350 877 573 1090 1052 502 1057 778 820 920 1166 1084 956 708 1132 1044 918 108 1008 755 1229 843 306 1164 1057 1338 973 380 1151 1305 292 735 1175 838 1170 786 1406 817 497 1223 1096 1488 978 1032 1012 456 896 1386 54 424 415 806 109 583 408 757 496 377 1104 1118 910 1690 678 445 802 378 1254 1248 879 640 927 569 1319 207 201 803 1274 1019 259 933 1102 1434 1374 981 812 1414 1087 1154 650 833 1256 1118 1350 1189 523 693 1872 959 958 208 1547 1601 734 1083 1380 1210 1108 702 856 584 530 439 1290 1337 1528 1736 1010 728 478 531 853 721 839 580 1542 1579 806 1030 1081 1098 716 1593 1379 1127 1032 1778 698 1091 1013 240 935 1731 1379 801 1216 785 125 828 1451 761 838 1359 667 758 747 1512 571 736 894 304 1254 1026 1157 993 1045 1026 1223
1233 1092 2337 2769 2778 2328 1535 1263 0 2107 1865 1025 1450 1868 1492 1583 1805 1060 1365 1325 2560 1430 2311 1467 597 1967 1587 2922 1635 1762 1770 1102 2014 1497 2018 1481 2031 1336 923 2133 1128 1077 1868 370 2031 1903 1849 2273 2185 1865 1231 933 1246 786 1984 1468 1393 2004 406 2050 1527 284 2313 1201 1676 1599 1216 2311 1348 2262 1241 1246 2364 2237 2435 749 414 1959 1603 1843 2527 1242 1576 1556 1100 1231 1438 1555 1613 1640 1525 2245 1635 2051 2698 1526 1194 1294 1525 2201 2195 2020 1580 1648 1132 2174 1191 1221 1919 2415 1966 1249 631 545 2381 795 1836 1561 2422 2228 2102 1401 1688 105 1347 682 403 1093 1262 3013 2100 1966 1210 2555 2742 1706 1312 385 2146 1533 1302 1609 1439 1130 1215 165 2478 2384 2861 1866 1874 1154 1672 1277 1668 866 1721 2550 2719 1736 2171 1166 2239 942 2216 2327 570 546 2919 1485 2038 2154 1224 962 2599 2386 1942 2357 812 1202 750 2592 1702 1635 2500 694 961 1439 2147 1479 1701 2035 1451 391 541 2105 1940 1470 1973 333
1161 1351 1939 1142 1152 627 1786 1160 2107 0 1786 1451 1229 1108 1065 1772 2159 1472 1199 1515 1379 1257 1339 1294 1746 2387 2008 2524 760 569 1172 1838 1172 1324 1234 1021 879 1896 1347 1287 1623 1664 642 2010 107 677 1550 1489 1786 639 1201 1762 1508 2074 1586 1110 2009 250 2183 1203 1393 1996 1088 1315 830 2020 1592 1913 1539 829 1661 1251 1966 1838 595 1823 1876 353 1486 624 2128 1147 1105 1279 1650 1186 1024 1404 779 1282 1165 1846 1544 1653 1338 863 1117 1556 1395 270 264 1226 734 1186 1414 885 1201 1181 1073 2016 350 1142 1778 1947 491 2219 789 1310 850 1444 396 1282 1092 2101 1963 2195 2034 1368 1446 2615 1702 1063 1193 1241 2343 860 1928 2225 2184 1953 1553 1225 1025 1381 1096 2135 1533 853 1860 1071 1702 1356 1407 1697 622 1684 1323 1247 2321 704 1772 1926 1840 1561 2623 436 1957 1876 2520 1736 80 1360 1206 1779 973 815 1543 1497 1630 1175 1673 2193 855 1199 1651 1512 1602 1377 2486 1059 793 1241 1369 2098 1871 399 420 1890 434 2067
972 1055 1554 2527 2536 1712 459 812 1865 1786 0 1207 586 1146 1058 300 538 1285 673 1457 1910 529 1661 492 1504 892 965 2139 1488 1441 1748 1187 1246 483 1235 1332 1545 1184 1080 1414 965 1014 1547 1768 1710 1582 1066 1490 1402 1544 787 1705 1451 1601 1201 761 1297 1683 1941 1331 474 1754 1663 988 1322 923 1534 1528 1482 2165 931 1193 1581 1454 1886 1534 1634 1638 392 1522 1744 763 923 715 1000 815 1342 447 1516 834 799 1462 1814 1268 2048 1372 1141 1498 488 1880 1874 1237 1266 1686 841 2078 929 949 1234 1632 1645 996 1536 1705 1906 1977 1739 1508 1772 1445 1781 1348 1592 1859 1251 1836 1792 787 1389 2230 1317 1316 943 1905 1959 1322 1216 1983 750 1027 638 1556 1342 744 1153 1893 1695 2238 2094 1769 187 1128 799 885 1347 1185 927 1900 1936 1432 1388 1275 1456 969 1002 1962 1730 1634 2136 475 1717 1371 962 1255 2358 1736 1159 1574 1235 863 1414 1809 1317 1582 1717 1217 1011 1443 925 1330 1362 1252 598 1856 1629 1783 1619 871 1652 1825
577 405 1681 2113 2122 1672 877 606 1025 1451 1207 0 794 1211 836 925 1135 160 709 796 1904 774 1655 810 664 1298 918 2266 978 1106 1178 741 1358 841 1361 824 1375 807 201 1477 533 575 1211 929 1375 1247 1193 1617 1529 1209 575 875 770 919 1328 812 919 1348 1101 1394 871 914 1656 541 1020 930 873 1655 821 1605 572 381 1708 1580 1779 556 794 1303 946 1187 1870 586 920 900 561 575 782 898 956 984 868 1589 1153 1395 2042 870 521 837 868 1545 1539 1364 924 1075 462 1518 535 565 1263 1759 1310 593 625 865 1725 1137 1180 905 1766 1572 1445 745 1032 1019 873 1046 952 424 708 2357 1444 1310 554 1899 2086 1050 838 1143 1476 863 644 953 783 469 559 1053 1822 1727 2205 1209 1218 407 1015 608 1012 472 1065 1894 2063 1080 1514 806 1583 460 1547 1670 890 794 2262 827 1382 1498 568 602 1943 1730 1285 1701 331 546 429 1935 1045 979 1844 357 479 840 1477 822 1045 1379 795 1016 789 1448 1284 800 1317 986
464 720 1001 1970 1980 1159 710 308 1450 1229 586 794 0 590 525 580 967 873 137 949 1357 57 1107 93 1089 1321 1350 1586 931 885 1244 1181 693 124 681 818 992 1239 690 861 965 1007 990 1353 1153 1025 513 936 849 987 289 1196 942 1416 648 204 1352 1126 1526 778 192 1339 1109 479 768 1344 1025 975 973 1657 1004 685 1028 900 1333 1166 1219 1081 294 965 1190 258 366 173 993 314 838 203 1012 291 242 908 1305 715 1495 815 632 990 203 1323 1317 684 709 1182 729 1574 422 440 677 1079 1088 489 1121 1289 1353 1562 1236 999 1218 892 1224 839 1088 1444 1306 1537 1376 681 880 1677 764 762 435 1352 1405 765 1271 1568 984 1296 798 1047 839 641 644 1478 1142 1681 1541 1265 501 666 270 1040 790 1026 385 1346 1383 875 834 1268 903 904 1430 1409 1314 1219 1582 575 1160 818 455 1122 1801 1183 605 1021 972 359 1016 1255 764 1073 1164 854 945 934 1285 816 805 699 184 1441 1214 1227 1062 1233 1095 1410
822 1105 1286 1848 1858 873 1267 715 1868 1108 1146 1211 590 0 645 1140 1528 1257 584 1305 1071 618 822 654 1507 1881 1768 1871 625 734 1221 1598 434 684 444 650 706 1657 1107 549 1383 1425 868 1771 1032 903 865 827 1134 866 736 1552 1299 1834 933 470 1770 1004 1944 466 753 1756 823 897 356 1780 1382 1260 1330 1535 1422 1041 1313 1185 1047 1584 1637 959 854 791 1476 681 343 568 1411 738 815 764 989 435 395 1194 1517 1000 1209 492 907 1346 764 1193 1195 545 412 1159 1175 1551 812 784 190 1364 967 842 1539 1707 1067 1979 1161 1186 933 782 1102 1072 1065 1861 1724 1955 1794 1128 1237 1962 1049 477 796 1066 1691 340 1688 1985 1544 1714 1307 1102 815 1135 886 1895 1029 1559 1372 1242 1062 1078 736 1458 644 1444 670 1061 1668 727 1119 1686 1188 1321 1991 1123 1732 1637 1868 1132 1039 679 846 1540 1679 897 891 882 1390 730 1433 1532 352 1070 1054 1272 1363 1167 1846 699 461 560 740 1859 1632 1105 941 1650 961 1828
437 762 1370 1794 1803 1286 1100 339 1492 1065 1058 836 525 645 0 988 1375 914 437 990 1525 529 1275 566 1131 1729 1392 1955 578 720 870 1222 983 596 975 373 995 1281 732 1097 1007 1049 825 1395 989 861 881 1299 1217 823 381 1237 984 1458 1017 413 1394 962 1568 1014 626 1380 1277 521 640 1404 1067 1344 1015 1287 1046 726 1397 1269 1393 1208 1261 917 702 801 1559 326 407 606 1035 365 474 654 638 584 466 1277 1166 1084 1662 433 653 1031 624 1159 1153 1037 545 808 799 1199 436 408 732 1448 924 457 1163 1331 1339 1603 861 846 1386 1255 1059 678 713 1485 1348 1579 1418 752 922 2046 1133 930 420 1519 1774 609 1312 1609 1456 1338 931 761 475 759 577 1519 1498 1409 1825 891 974 708 734 1082 626 1068 754 1514 1752 679 1203 1310 1272 945 1839 1284 1356 1261 1951 965 996 1171 470 1164 1625 1351 974 1374 1014 354 1057 1624 666 729 1527 896 987 908 1758 371 609 1052 571 1483 1256 1062 898 1274 931 1452
901 773 1548 2496 2505 1706 223 742 1583 1772 300 925 580 1140 988 0 558 1003 627 1237 1904 525 1655 514 1222 912 984 2134 1362 1427 1572 905 1240 502 1229 1208 1539 972 798 1409 683 732 1532 1486 1696 1568 1060 1484 1396 1530 716 1485 1231 1319 1195 755 1085 1669 1659 1325 465 1472 1657 821 1316 943 1314 1522 1262 1989 737 973 1575 1448 1880 1252 1352 1624 312 1508 1738 693 917 709 718 745 1165 475 1340 828 793 1456 1594 1262 2042 1253 921 1279 427 1866 1860 1231 1252 1489 559 1901 859 879 1228 1626 1631 926 1254 1423 1900 1695 1563 1288 1766 1439 1766 1128 1415 1577 1039 1554 1510 505 1169 2224 1311 1310 872 1899 1953 1316 1004 1701 821 1029 356 1336 1166 462 942 1611 1689 2111 2088 1593 424 857 793 763 1332 904 921 1894 1931 1418 1382 993 1450 688 1022 1956 1448 1352 2130 193 1703 1365 892 973 2326 1731 1153 1568 953 793 1132 1803 1312 1362 1711 935 729 1223 944 1206 1348 1246 517 1574 1347 1769 1605 890 1637 1543
1286 1130 1935 2853 2862 2093 556 1129 1805 2159 538 1135 967 1528 1375 558 0 1228 1014 1594 2291 912 2042 901 1444 556 629 2521 1719 1814 1929 864 1627 889 1616 1565 1927 853 1031 1796 857 771 1919 1708 2083 1955 1447 1871 1783 1917 1104 1842 1588 1337 1582 1142 966 2056 1881 1713 852 1693 2044 1178 1703 587 1671 1909 1619 2346 599 1330 1962 1835 2268 1499 1574 2011 699 1895 2125 1080 1304 1096 781 1132 1522 863 1697 1215 1180 1843 1951 1649 2429 1610 1278 1636 814 2253 2247 1618 1639 1846 916 2258 1244 1266 1615 2013 2018 1311 1476 1644 2287 1916 1920 1645 2153 1826 2153 1485 1772 1798 920 1573 1731 862 1526 2611 1699 1697 1259 2286 2340 1703 884 1922 440 691 713 1693 1523 819 1299 1832 2076 2468 2475 1950 662 1214 1180 553 1720 1037 1309 2281 2318 1805 1769 946 1837 935 483 2343 1669 1574 2517 593 2090 1752 1278 1012 2683 2118 1540 1955 1200 1180 1366 2190 1699 1719 2098 1182 976 1580 406 1563 1735 1633 904 1796 1569 2156 1992 522 2024 1765
593 405 1760 2050 2059 1693 954 685 1060 1472 1285 160 873 1257 914 1003 1228 0 788 637 1925 853 1676 889 678 1390 1010 2345 999 1127 1042 833 1383 919 1418 845 1396 899 205 1498 625 667 1232 942 1396 1268 1271 1682 1607 1230 654 716 610 1005 1407 890 1012 1369 1115 1415 949 949 1677 586 1041 1022 714 1734 661 1543 664 221 1787 1659 1800 397 808 1324 1025 1208 1949 665 999 979 653 654 803 977 977 1063 947 1667 993 1474 2063 891 361 678 947 1566 1560 1421 945 920 538 1455 558 633 1284 1837 1331 587 590 900 1746 1163 1201 847 1787 1638 1466 688 1017 1054 966 1126 987 499 548 2436 1523 1331 623 1920 2164 1071 931 1178 1569 956 722 895 804 542 574 1088 1883 1665 2226 1159 1297 320 1094 700 1033 564 1144 1915 2142 1101 1593 898 1662 552 1639 1691 784 808 2341 905 1403 1555 592 694 1881 1751 1364 1758 423 625 397 2014 1066 921 1909 443 571 715 1570 843 1066 1436 873 1052 803 1469 1305 893 1338 999
379 635 1011 1940 1949 1169 742 224 1365 1199 673 709 137 584 437 627 1014 788 0 864 1368 144 1118 181 1004 1368 1266 1597 901 854 1160 1096 704 211 692 731 1003 1154 605 872 881 922 959 1268 1123 994 523 947 859 957 209 1111 858 1332 658 198 1267 1095 1441 789 260 1254 1120 395 774 1278 941 985 888 1577 919 600 1038 911 1344 1081 1134 1050 341 935 1201 173 360 233 908 231 754 277 928 314 235 919 1220 725 1505 785 547 905 257 1292 1286 694 678 1098 672 1490 337 356 671 1089 1058 404 1036 1205 1363 1477 1151 914 1229 903 1193 754 1004 1359 1221 1453 1292 625 795 1687 775 773 350 1362 1416 749 1186 1483 1071 1211 804 963 755 632 559 1393 1152 1651 1551 1181 589 581 354 955 759 942 395 1357 1394 844 845 1184 913 819 1478 1401 1230 1134 1593 607 1130 828 370 1038 1770 1194 616 1031 888 275 931 1266 775 988 1174 770 860 849 1373 729 775 709 216 1356 1129 1196 1032 1148 1064 1325
638 754 1836 1614 1624 1735 1189 761 1325 1515 1457 796 949 1305 990 1237 1594 637 864 0 1968 929 1718 965 1149 1791 1411 2421 1042 1170 606 1241 1426 995 1487 875 1439 1300 750 1540 1026 1067 1275 1396 1439 1310 1347 1743 1683 1273 730 466 174 1477 1483 966 1412 1411 1486 1457 1025 1213 1720 718 1084 1423 143 1810 219 1107 1064 416 1863 1735 1843 957 1205 1366 1101 1251 2025 741 1075 1055 1053 730 701 1053 848 1139 1023 1743 529 1550 2106 933 421 188 1023 1609 1602 1480 988 484 817 1020 651 720 1327 1913 1361 639 1133 895 1788 1136 1045 392 1829 1698 1498 562 587 1318 1366 1598 1235 771 152 2512 1599 1373 705 1963 2240 1114 1331 1402 1855 1356 957 462 701 785 617 1352 1941 1229 2269 723 1373 652 1170 1101 1075 1087 1220 1957 2218 1144 1669 1329 1738 964 2040 1734 757 1279 2417 1140 1446 1614 663 1183 1445 1794 1440 1817 1033 701 1003 2090 1109 536 1970 915 1006 230 1970 874 1109 1495 953 1299 1274 1512 1335 1293 1380 1424
1615 1804 1833 2318 2327 776 2035 1552 2560 1379 1910 1904 1357 1071 1525 1904 2291 1925 1368 1968 0 1381 269 1418 2199 2645 2461 2418 1387 1346 1884 2291 764 1448 1108 1514 757 2350 1800 728 2076 2117 1475 2464 1283 1510 1446 746 1680 1472 1538 2215 1962 2527 1479 1343 2462 1426 2636 679 1517 2449 358 1723 1019 2473 2045 1807 1993 2005 2115 1704 1860 1732 840 2276 2329 1542 1618 1337 2022 1502 1332 1247 2103 1559 1478 1528 1652 1291 1375 1740 2180 1518 369 1359 1570 2009 1528 1132 1198 944 1019 1822 1867 2061 1645 1634 1068 1910 1526 1595 2231 2400 945 2672 1768 1849 599 942 1571 1735 1728 2554 2416 2648 2487 1821 1900 2508 1596 621 1646 275 2237 1146 2381 2678 2308 2406 2007 1765 1478 1835 1549 2588 462 2029 589 1905 1826 1809 1313 2151 1254 2137 1217 269 2215 1360 1666 2379 1734 2014 2755 1002 2410 2330 2414 1900 1310 841 1659 2233 2148 564 1437 702 2083 1604 2126 1763 1015 1733 637 1965 2056 1830 2610 1518 1137 959 1509 2552 2324 1574 1547 2343 1555 2521
443 700 1025 1998 2008 1183 663 283 1430 1257 529 774 57 618 529 525 912 853 144 929 1381 0 1132 37 1069 1266 1325 1611 959 913 1219 1161 717 67 706 803 1017 1219 670 886 945 987 1018 1333 1182 1053 537 961 873 1015 258 1176 922 1396 672 232 1332 1154 1506 803 136 1319 1134 459 793 1296 1005 999 953 1636 984 664 1052 925 1358 1146 1199 1109 238 993 1215 234 394 186 973 286 813 146 987 305 270 933 1285 739 1519 843 612 970 148 1351 1345 708 737 1157 684 1549 400 420 705 1103 1116 468 1101 1269 1377 1542 1210 979 1243 916 1252 819 1063 1424 1286 1517 1356 637 860 1701 789 787 414 1376 1430 793 1251 1547 927 1276 754 1027 813 597 624 1458 1166 1709 1565 1240 445 646 270 1020 818 1006 399 1371 1408 903 859 1248 927 884 1375 1433 1294 1199 1607 528 1188 842 434 1102 1829 1208 630 1045 952 334 996 1280 789 1053 1188 834 925 914 1229 801 833 723 139 1421 1194 1255 1090 1213 1123 1390
1365 1555 1583 2205 2215 729 1786 1303 2311 1339 1661 1655 1107 822 1275 1655 2042 1676 1118 1718 269 1132 0 1168 1950 2396 2211 2168 1143 1120 1634 2041 534 1199 876 1268 654 2100 1551 497 1826 1868 1225 2214 1243 1260 1196 526 1430 1223 1288 1965 1712 2277 1230 1094 2213 1361 2387 448 1267 2199 318 1473 770 2223 1795 1557 1743 1892 1865 1454 1610 1482 800 2027 2080 1316 1369 1200 1772 1252 1083 998 1854 1310 1228 1278 1402 1042 1125 1490 1931 1279 580 1114 1320 1759 1278 1092 1159 713 769 1572 1618 1948 1396 1385 818 1661 1323 1346 1982 2150 906 2422 1518 1600 560 722 1459 1485 1478 2305 2167 2398 2237 1571 1650 2259 1346 372 1397 434 1987 896 2132 2428 2059 2157 1757 1515 1229 1585 1300 2338 242 1916 569 1655 1576 1559 1063 1901 1025 1887 967 428 1965 1110 1416 2129 1485 1765 2506 962 2161 2080 2164 1650 1270 620 1410 1983 2036 524 1187 482 1833 1354 1876 1543 765 1483 417 1715 1806 1580 2361 1268 888 729 1259 2302 2075 1462 1298 2093 1330 2271
479 736 1062 2035 2044 1220 657 320 1467 1294 492 810 93 654 566 514 901 889 181 965 1418 37 1168 0 1105 1255 1327 1647 996 949 1256 1197 754 30 742 840 1053 1256 706 922 982 1024 1054 1370 1218 1090 574 998 910 1052 294 1212 959 1433 709 269 1368 1191 1542 839 103 1355 1170 496 829 1286 1042 1036 990 1673 1021 701 1089 961 1394 1182 1236 1146 228 1030 1251 271 431 222 1010 323 849 114 1024 342 307 970 1322 776 1556 880 649 1006 119 1388 1382 745 774 1194 712 1585 437 457 741 1140 1153 504 1138 1306 1414 1578 1247 1016 1279 953 1288 856 1099 1460 1322 1554 1393 665 897 1738 825 823 450 1413 1466 830 1287 1584 890 1312 757 1064 850 625 660 1494 1203 1746 1602 1277 408 682 306 1057 855 1043 435 1407 1444 940 895 1285 964 920 1365 1470 1331 1236 1643 521 1225 879 470 1139 1865 1244 666 1082 989 371 1032 1316 825 1090 1225 871 962 951 1192 838 870 760 168 1458 1230 1291 1127 1233 1159 1427
872 731 1976 2408 2417 1967 1174 901 597 1746 1504 664 1089 1507 1131 1222 1444 678 1004 1149 2199 1069 1950 1105 0 1606 1226 2561 1273 1401 1484 741 1653 1136 1657 1119 1670 975 562 1772 767 716 1507 333 1670 1542 1488 1912 1824 1504 870 847 1111 614 1623 1107 1032 1643 506 1689 1166 486 1952 840 1315 1238 1130 1950 1174 1901 880 881 2003 1875 2074 367 213 1598 1241 1482 2166 881 1215 1195 739 870 1077 1194 1251 1279 1163 1884 1506 1690 2337 1165 833 1190 1163 1840 1834 1659 1219 1401 771 1813 830 860 1558 2054 1605 888 248 458 2020 731 1475 1200 2061 1867 1740 1040 1327 591 986 511 421 732 1081 2652 1739 1605 849 2194 2381 1345 951 598 1785 1172 941 1248 1078 769 854 625 2117 2023 2500 1505 1513 793 1311 916 1307 505 1360 2189 2358 1375 1809 805 1878 581 1855 1965 484 199 2558 1124 1677 1793 863 601 2238 2025 1581 1996 451 841 368 2230 1340 1274 2139 333 600 1135 1786 1118 1340 1674 1090 486 193 1743 1579 1109 1612 390
1514 1368 2289 3049 3059 2447 910 1483 1967 2387 892 1298 1321 1881 1729 912 556 1390 1368 1791 2645 1266 2396 1255 1606 0 480 2875 1915 2043 2125 1040 1981 1242 1970 1761 2280 919 1194 2150 1019 934 2148 1870 2312 2183 1801 2225 2137 2146 1457 2038 1784 1513 1936 1496 1032 2284 2043 2066 1206 1856 2398 1481 1956 439 1868 2263 1815 2542 827 1527 2316 2189 2621 1662 1736 2239 1052 2123 2479 1434 1658 1450 944 1486 1718 1216 1893 1569 1534 2197 2147 2003 2783 1806 1474 1832 1168 2481 2475 1972 1861 2042 1223 2454 1471 1502 1969 2367 2246 1529 1638 1807 2630 2079 2116 1841 2507 2180 2382 1681 1968 1961 986 1749 1894 1241 1722 2965 2052 2051 1491 2640 2694 1987 950 2085 829 542 1092 1889 1719 1199 1495 1995 2430 2664 2829 2146 1016 1430 1534 783 1948 1199 1662 2635 2671 2016 2123 1122 2191 1097 502 2607 1832 1736 2871 947 2319 2106 1504 1175 2880 2471 1894 2309 1363 1483 1529 2544 1982 1915 2452 1344 1139 1776 536 1759 1981 1987 1258 1958 1731 2385 2220 545 2253 1928
1134 988 2238 2669 2679 2228 983 1163 1587 2008 965 918 1350 1768 1392 984 629 1010 1266 1411 2461 1325 2211 1327 1226 480 0 2823 1535 1663 1745 653 1915 1315 1918 1381 1931 472 814 2033 639 554 1768 1491 1932 1803 1749 2173 2085 1766 1132 1658 1404 1112 1884 1368 584 1904 1663 1950 1278 1476 2213 1101 1576 45 1488 2212 1435 2162 512 1147 2265 2137 2336 1282 1356 1859 1125 1743 2427 1143 1477 1457 564 1132 1339 1289 1513 1540 1425 2145 1767 1952 2598 1426 1094 1452 1241 2101 2095 1920 1481 1662 843 2074 1091 1122 1820 2315 1867 1149 1258 1427 2281 1699 1736 1461 2322 2129 2002 1301 1589 1581 538 1348 1514 872 1342 2913 2001 1866 1111 2456 2642 1607 503 1705 970 95 889 1509 1339 928 1115 1615 2378 2284 2761 1766 1089 1050 1572 528 1568 820 1622 2450 2620 1636 2071 721 2139 717 839 2227 1452 1357 2819 986 1939 2055 1125 795 2500 2287 1842 2257 983 1103 1149 2492 1602 1535 2400 964 759 1396 769 1379 1602 1936 1331 1578 1351 2005 1841 364 1873 1548
1936 2192 837 3265 3274 2220 2264 1782 2922 2524 2139 2266 1586 1871 1955 2134 2521 2345 1597 2421 2418 1611 2168 1647 2561 2875 2823 0 2203 2179 2694 2653 1754 1677 1742 2200 2053 2712 2162 1922 2438 2479 2284 2826 2448 2320 1545 1997 1049 2282 1767 2668 2415 2889 1357 1573 2824 2421 2998 1839 1746 2811 2170 1952 1829 2835 2498 977 2446 2952 2477 2157 804 1101 2394 2638 2692 2376 1847 2260 411 1731 1735 1477 2466 1789 2287 1757 2462 1521 1604 1013 2778 1507 2555 2173 2105 2462 1757 2576 2607 1744 1829 2632 2229 3008 1894 1913 1867 541 2383 1961 2593 2762 2413 3034 2578 2472 2279 1953 2518 2312 2537 2916 2778 3010 2849 2183 2353 231 965 1823 1907 2413 181 1955 2743 3040 2537 2768 2350 2520 2288 2185 2116 2950 2203 2976 2601 2715 2055 2138 1401 2513 2085 2499 1306 2407 229 2170 1035 2741 1104 2376 2984 2469 2787 2692 137 2129 2455 1879 1927 2595 3095 2244 1314 2081 2445 1833 2488 1432 1825 2534 2224 2327 2418 2407 2839 2198 1947 1760 1738 2914 2686 2521 2357 2705 2389 2883
689 879 1617 1501 1511 968 1313 787 1635 760 1488 978 931 625 578 1362 1719 999 901 1042 1387 959 1143 996 1273 1915 1535 2203 0 402 958 1365 851 1026 912 349 727 1424 874 965 1150 1192 395 1538 685 430 1230 1168 1465 392 811 1289 1036 1601 1264 800 1536 657 1710 882 1095 1523 1107 842 479 1547 1119 1591 1067 1188 1189 778 1644 1517 1075 1350 1404 612 1186 483 1807 787 767 975 1178 781 552 1106 695 960 843 1525 1254 1331 1493 191 644 1083 1097 854 848 905 397 896 942 1244 729 708 752 1695 591 669 1306 1474 1027 1746 706 923 1216 1123 755 809 802 1628 1490 1722 1561 895 974 2293 1381 798 720 1350 2022 472 1455 1752 1886 1480 1081 839 552 909 623 1662 1366 1212 1693 979 1404 883 1097 1225 308 1211 1001 1344 2000 162 1451 1453 1519 1088 2164 973 1484 1404 2199 1264 691 1039 733 1307 1332 1181 1222 1242 1157 770 1200 1872 505 807 1395 1039 1130 904 2094 398 329 920 1031 1626 1398 758 564 1417 626 1595
817 1007 1594 1310 1319 631 1441 815 1762 569 1441 1106 885 734 720 1427 1814 1127 854 1170 1346 913 1120 949 1401 2043 1663 2179 402 0 1073 1493 828 979 889 593 668 1552 1002 942 1278 1319 251 1666 493 254 1205 1144 1442 286 857 1417 1164 1729 1241 765 1664 466 1838 859 1048 1651 1069 970 485 1675 1247 1568 1195 997 1317 906 1621 1493 739 1478 1532 415 1141 127 1783 802 760 934 1306 841 680 1059 613 937 820 1502 1371 1308 1455 435 772 1211 1050 663 657 881 385 1013 1070 1053 857 836 728 1672 428 797 1433 1602 717 1874 623 1051 971 1100 563 937 918 1756 1618 1850 1689 1023 1102 2270 1357 775 848 1312 1998 515 1583 1880 1839 1608 1209 967 680 1037 751 1790 1343 1021 1670 1054 1357 1011 1062 1353 105 1339 978 1307 1976 346 1427 1581 1496 1216 2278 665 1612 1532 2175 1392 500 1016 861 1435 1140 936 1198 1218 1285 830 1328 1848 511 935 1371 1167 1258 1032 2141 642 308 897 1024 1754 1526 566 402 1545 261 1723
899 1089 2109 1052 1061 1621 1523 989 1770 1172 1748 1178 1244 1221 870 1572 1929 1042 1160 606 1884 1219 1634 1256 1484 2125 1745 2694 958 1073 0 1575 1342 1286 1403 624 1355 1634 1085 1456 1360 1402 1031 1748 1090 1067 1623 1659 1956 1029 1014 912 676 1811 1756 1159 1747 986 1921 1373 1316 1659 1636 1053 1000 1757 579 2083 537 545 1399 821 2136 2008 1589 1418 1614 1011 1392 1133 2298 990 1142 1348 1388 984 509 1344 467 1319 1202 2016 495 1823 2022 797 815 544 1314 1264 1258 1396 904 237 1152 457 939 911 1243 2186 977 880 1516 1340 1486 1582 568 420 1745 1614 950 740 188 1764 1701 1932 1681 1105 654 2784 1872 1289 923 1879 2513 1030 1665 1848 2146 1691 1291 383 510 1119 806 1798 1857 667 2185 173 1664 1058 1467 1435 991 1421 1493 1873 2491 1044 1942 1663 2010 1298 2374 1431 1202 1614 2690 1474 1103 1530 943 1517 882 1710 1713 1733 1367 973 1397 2363 1025 406 1886 1249 1340 594 2304 622 1025 1411 1234 1744 1609 985 973 1627 1114 1805
964 818 2068 2500 2509 2058 857 993 1102 1838 1187 741 1181 1598 1222 905 864 833 1096 1241 2291 1161 2041 1197 741 1040 653 2653 1365 1493 1575 0 1745 1228 1748 1211 1762 277 644 1864 338 174 1598 1006 1762 1634 1579 2003 1916 1596 962 1330 1235 499 1715 1198 334 1735 1142 1780 1250 991 2043 931 1407 665 1318 2042 1266 1992 362 977 2095 1967 2166 773 871 1690 1162 1574 2257 973 1307 1287 197 962 1169 1261 1343 1371 1255 1975 1598 1782 2429 1256 925 1282 1221 1932 1926 1751 1311 1493 657 1905 922 952 1650 2146 1697 980 763 942 2111 1214 1567 1292 2152 1959 1832 1132 1419 1096 288 735 1029 685 1173 2744 1831 1697 941 2286 2472 1437 253 1220 1205 599 711 1340 1170 742 946 1130 2209 2114 2592 1596 1311 881 1402 398 1399 300 1452 2280 2450 1467 1901 108 1970 456 1289 2057 967 872 2649 808 1769 1885 955 250 2330 2117 1672 2088 544 933 623 2322 1432 1366 2231 438 480 1227 1220 1209 1432 1766 1181 1094 866 1835 1671 543 1703 1026
1043 1247 1169 1913 1923 850 1371 888 2014 1172 1246 1358 693 434 983 1240 1627 1383 704 1426 764 717 534 754 1653 1981 1915 1754 851 828 1342 1745 0 784 343 976 683 1804 1254 169 1530 1571 933 1918 1097 968 782 638 1016 930 874 1673 1420 1981 815 679 1916 1069 2090 86 853 1903 777 1059 456 1927 1503 1143 1451 1600 1569 1162 1196 1068 1024 1730 1784 1024 954 908 1358 838 706 583 1558 895 936 864 1110 627 711 1076 1638 753 1076 822 1028 1467 864 1213 1244 180 477 1280 1322 1656 1001 1020 431 1246 1031 1052 1685 1854 1043 2126 1226 1307 909 437 1167 1193 1186 2008 1870 2102 1941 1275 1358 1844 932 420 1014 930 1573 595 1835 2132 1644 1860 1454 1223 936 1282 1007 2042 713 1624 1040 1363 1162 1219 649 1605 733 1591 553 924 1551 818 1002 1833 1070 1468 2091 1100 1868 1784 1750 1236 1103 314 1034 1687 1744 874 773 517 1537 939 1580 1238 452 1191 860 1419 1510 1288 1946 976 595 195 845 2006 1778 1170 1005 1797 1038 1975
510 767 1092 2065 2074 1250 646 350 1497 1324 483 841 124 684 596 502 889 919 211 995 1448 67 1199 30 1136 1242 1315 1677 1026 979 1286 1228 784 0 773 870 1083 1286 737 952 1012 1054 1085 1400 1248 1120 604 1028 940 1082 325 1243 989 1463 739 299 1399 1221 1573 869 80 1385 1201 526 860 1273 1072 1066 1020 1703 1051 731 1119 992 1424 1213 1266 1176 215 1060 1282 301 461 253 1040 353 880 90 1054 372 337 1000 1352 806 1586 910 679 1036 95 1418 1412 775 804 1224 742 1616 467 487 772 1170 1183 534 1168 1336 1444 1608 1277 1046 1310 983 1319 886 1130 1491 1353 1584 1423 694 927 1768 855 854 481 1443 1497 860 1318 1614 881 1343 746 1094 880 654 691 1525 1233 1776 1632 1307 399 713 337 1087 885 1073 465 1438 1474 970 926 1315 994 951 1352 1500 1361 1266 1674 511 1255 909 500 1169 1896 1274 697 1112 1019 401 1062 1347 855 1120 1255 901 992 981 1183 868 900 790 198 1488 1261 1321 1157 1221 1190 1457
1032 1267 1157 1974 1984 929 1359 877 2018 1234 1235 1361 681 444 975 1229 1616 1418 692 1487 1108 706 876 742 1657 1970 1918 1742 912 889 1403 1748 343 773 0 1037 762 1807 1257 512 1533 1575 994 1921 1158 1029 770 647 1004 992 862 1734 1481 1984 804 668 1920 1130 2094 429 841 1906 880 1047 539 1930 1564 1131 1512 1661 1572 1223 1184 1056 1103 1734 1787 1085 943 969 1346 826 673 572 1561 884 997 852 1171 616 699 1064 1700 733 1265 883 1089 1528 852 1286 1317 228 538 1341 1325 1717 989 1008 409 1235 1093 1056 1689 1857 1123 2129 1287 1369 989 551 1228 1254 1247 2011 1874 2105 1944 1278 1419 1833 920 533 1003 1122 1561 665 1838 2135 1633 1864 1446 1284 998 1280 1069 2045 852 1685 1251 1424 1150 1234 637 1608 794 1594 541 1117 1539 879 990 1836 1059 1471 2080 1179 1882 1787 1738 1224 1165 428 1023 1690 1805 953 761 631 1540 928 1583 1217 534 1252 874 1422 1513 1349 1935 1037 657 224 833 2009 1781 1231 1067 1800 1099 1978
514 725 1615 1548 1558 1135 1159 573 1481 1021 1332 824 818 650 373 1208 1565 845 731 875 1514 803 1268 840 1119 1761 1381 2200 349 593 624 1211 976 870 1037 0 864 1270 720 1090 996 1038 683 1384 945 719 1127 1293 1463 681 598 1135 869 1447 1262 662 1382 918 1556 1007 900 1369 1244 688 607 1393 963 1589 913 1041 1035 624 1642 1514 1242 1196 1250 873 976 650 1805 574 645 851 1024 568 228 928 392 823 706 1523 920 1329 1629 173 490 928 898 1115 1109 1030 525 562 788 953 553 495 840 1693 876 515 1151 1320 1220 1592 615 600 1353 1248 1015 544 467 1474 1336 1568 1407 741 820 2291 1378 923 507 1487 2020 556 1301 1598 1730 1326 927 515 229 755 469 1508 1491 1163 1819 645 1248 729 986 1071 502 1057 999 1481 1997 450 1448 1299 1517 934 2010 1168 1330 1250 2197 1110 952 1164 565 1153 1379 1318 1220 1367 1003 557 1046 1869 633 483 1520 885 976 678 1940 49 466 1045 818 1472 1244 1018 849 1263 820 1441
1085 1275 1468 1818 1828 511 1670 1090 2031 879 1545 1375 992 706 995 1539 1927 1396 1003 1439 757 1017 654 1053 1670 2280 1931 2053 727 668 1355 1762 683 1083 762 864 0 1820 1271 790 1546 1588 885 1934 783 888 1081 936 1315 895 1132 1686 1432 1998 1114 978 1933 926 2107 714 1152 1920 462 1239 560 1943 1515 1442 1463 1505 1585 1175 1495 1367 620 1747 1800 1005 1253 725 1657 1077 967 883 1574 1116 948 1163 1122 927 1010 1375 1651 1182 847 706 1041 1480 1163 689 756 755 451 1292 1338 1562 1125 1105 703 1545 1013 1066 1702 1870 599 2143 1207 1320 571 973 1072 1206 1198 2025 1887 2118 1957 1291 1370 2143 1231 335 1117 704 1872 591 1852 2149 1943 1877 1477 1235 949 1305 1020 2059 876 1529 1204 1376 1461 1280 948 1621 578 1608 852 699 1850 783 1301 1849 1369 1485 2390 547 1881 1800 2049 1535 810 889 1130 1703 1649 535 1072 838 1553 1105 1597 1722 567 1204 1052 1435 1526 1301 2245 913 511 770 1144 2022 1795 1075 987 1814 895 1991
