NAME: zurich_200_22
COMMENT: TSP instance with 200 nodes. City: Zurich, Switzerland, Seed: 64
TYPE: TSP
DIMENSION: 200
EDGE_WEIGHT_TYPE: EXPLICIT
EDGE_WEIGHT_FORMAT: FULL_MATRIX
NODE_COORD_SECTION:
1 47.2112616 8.7014533
2 47.3948487 8.5381248
3 47.1956832 8.718602
4 47.5114208 8.7045343
5 47.4739899 8.2963444
6 47.4982882 8.3951882
7 47.3854221 8.7545483
8 47.2971008 8.688252
9 47.4074197 8.7288207
10 47.2748104 8.6384863
11 47.5016703 8.7254552
12 47.5029622 8.7864535
13 47.3473972 8.606567
14 47.4457016 8.6530806
15 47.4314948 8.6866044
16 47.5216849 8.6903032
17 47.2391747 8.7871337
18 47.5151722 8.5251823
19 47.4760833 8.5644609
20 47.4187951 8.4159043
21 47.4326452 8.6721881
22 47.4279116 8.2961059
23 47.5026029 8.7860991
24 47.5025469 8.4949434
25 47.2688456 8.6794011
26 47.3153935 8.7956894
27 47.403467 8.5305653
28 47.3577467 8.4333085
29 47.300863 8.531009
30 47.4004304 8.43948
31 47.401945 8.4364502
32 47.3927951 8.3330929
33 47.3710922 8.5236873
34 47.2799524 8.4569851
35 47.3270168 8.6059255
36 47.2117365 8.6216867
37 47.331934 8.7738071
38 47.4105104 8.5325292
39 47.5164672 8.6875952
40 47.4970402 8.2787323
41 47.5028821 8.7669989
42 47.2864488 8.5756315
43 47.4549748 8.4398892
44 47.4844605 8.293023
45 47.2038152 8.5752902
46 47.3904541 8.7483675
47 47.3851363 8.7613927
48 47.3953874 8.4503401
49 47.2704389 8.6820761
50 47.539422 8.2839973
51 47.4184324 8.5362499
52 47.324225 8.6375323
53 47.5276601 8.6666087
54 47.3853856 8.7612605
55 47.2246386 8.6323251
56 47.4047131 8.447863
57 47.3290256 8.6247954
58 47.277304 8.41951
59 47.3633024 8.5481023
60 47.2768002 8.444161
61 47.5366676 8.7880639
62 47.3777027 8.5285264
63 47.3640873 8.79597
64 47.3692509 8.7122673
65 47.2387314 8.6558044
66 47.3355398 8.7611192
67 47.5368045 8.7343052
68 47.3619255 8.5710095
69 47.4043069 8.4938224
70 47.2845156 8.5346251
71 47.3934335 8.5392206
72 47.4014275 8.5519058
73 47.5205626 8.3294618
74 47.2486342 8.5283078
75 47.273414 8.4489601
76 47.3564396 8.5605042
77 47.3996015 8.4093063
78 47.2425632 8.7268461
79 47.3672594 8.5610683
80 47.3645922 8.5687667
81 47.3926286 8.6156791
82 47.412832 8.4653302
83 47.2020823 8.7906771
84 47.2216143 8.6745755
85 47.5226538 8.5385444
86 47.2666282 8.689026
87 47.4096717 8.5438878
88 47.2361671 8.6632492
89 47.3263453 8.7987514
90 47.2781143 8.4438075
91 47.3069375 8.523805
92 47.394719 8.4731529
93 47.2865249 8.4033086
94 47.2777569 8.7345522
95 47.3597539 8.7095158
96 47.4774143 8.3043125
97 47.3153921 8.5801863
98 47.2883526 8.6117386
99 47.5022922 8.72112
100 47.5140281 8.7189055
101 47.4505518 8.7657952
102 47.3468473 8.3489347
103 47.3333975 8.302566
104 47.3708157 8.5166707
105 47.3517051 8.2768732
106 47.4152721 8.4393564
107 47.538972 8.2943267
108 47.4202419 8.4303497
109 47.4926857 8.5581037
110 47.2627723 8.3865365
111 47.406242 8.3947627
112 47.2770806 8.4497751
113 47.4036675 8.5484179
114 47.2739626 8.6459286
115 47.3613989 8.5654876
116 47.4517333 8.5812348
117 47.4650552 8.5031932
118 47.4998159 8.7881099
119 47.4012067 8.3927998
120 47.5172367 8.5889934
121 47.422949 8.5353765
122 47.4305566 8.3891962
123 47.5388876 8.7934318
124 47.4989087 8.6080564
125 47.3891618 8.4859821
126 47.3518181 8.2778155
127 47.3860866 8.5214966
128 47.3861829 8.7551565
129 47.377922 8.2949969
130 47.4605635 8.6595222
131 47.3618109 8.5602355
132 47.5029446 8.724737
133 47.2590163 8.5221642
134 47.2614838 8.4489981
135 47.2606225 8.7942292
136 47.3803634 8.5541638
137 47.3418319 8.4741297
138 47.4236912 8.645056
139 47.3896865 8.5524709
140 47.288637 8.5390448
141 47.2725242 8.6656215
142 47.2614766 8.5889944
143 47.3845871 8.6506599
144 47.1979126 8.7800595
145 47.3580873 8.5260842
146 47.4867971 8.4450972
147 47.5021589 8.7626631
148 47.3439921 8.3516382
149 47.4144077 8.5982078
150 47.2289256 8.3399224
151 47.4023378 8.4402291
152 47.3718809 8.5243876
153 47.4115991 8.5587394
154 47.5301898 8.5848036
155 47.3551237 8.5551518
156 47.2524117 8.691824
157 47.3707591 8.3762735
158 47.2585666 8.6000944
159 47.2126688 8.6715317
160 47.2694133 8.7572701
161 47.2772898 8.7599157
162 47.3700487 8.4558787
163 47.3298594 8.8001
164 47.4896738 8.2852414
165 47.2750334 8.6500023
166 47.3163931 8.5547354
167 47.466576 8.315764
168 47.5068485 8.7456555
169 47.3852366 8.6913394
170 47.2519477 8.4662382
171 47.483539 8.4535532
172 47.3522183 8.4415243
173 47.4294561 8.4660214
174 47.3537157 8.3253831
175 47.3114225 8.4709687
176 47.3233522 8.470707
177 47.4949447 8.701235
178 47.2292777 8.6740416
179 47.5396957 8.2952939
180 47.2056918 8.7451091
181 47.3272766 8.57589
182 47.2935621 8.6110667
183 47.2100676 8.6553336
184 47.3468268 8.2838595
185 47.2744984 8.3398322
186 47.3769397 8.5164085
187 47.3382755 8.3039189
188 47.3861401 8.4812453
189 47.2779657 8.7182765
190 47.4201553 8.5564433
191 47.4452655 8.5286218
192 47.3711198 8.538764
193 47.5126379 8.6897256
194 47.2896986 8.5400089
195 47.3769376 8.4234032
196 47.206628 8.5250086
197 47.3157866 8.8026893
198 47.4759862 8.3055555
199 47.5003016 8.4049809
200 47.3979928 8.4590561
EDGE_WEIGHT_SECTION:
0 1266 233 2177 1963 2397 2184 2004 2084 2056 2155 2501 1551 2010 1885 2155 2594 1938 1808 1629 1903 2039 2495 2059 2288 2328 1353 1216 928 1430 1413 1778 988 1481 1641 543 2166 1409 2135 2218 2372 840 1962 2056 913 2143 2218 1500 2262 2643 1623 1757 2264 2220 381 1484 1666 1645 1153 1415 2381 1080 2307 1894 321 2234 2365 1317 1469 981 1244 1336 2382 1101 1405 1278 1457 2464 1219 1281 1702 1549 542 265 1990 2359 1403 267 2325 1419 826 1336 1622 2163 1959 1920 1558 1901 2115 2237 2292 1536 1945 1042 1823 1621 2613 1725 1899 1629 1560 1424 1332 2093 1267 1636 1864 2432 1506 2094 1606 1549 2429 2102 1252 1818 1183 2182 1795 2074 1230 2144 1159 1386 2438 1269 1211 1801 1422 925 2208 594 1911 565 975 2099 2348 1553 1635 2056 1430 1009 1439 2270 1232 2349 1633 571 333 2421 2252 1381 2380 2086 2128 797 1918 2344 1851 1479 2042 1191 1660 1585 1292 1262 2071 187 2625 283 1481 1877 333 1815 1893 1058 1923 1287 2135 1491 1720 1066 2148 939 1272 1139 2393 1912 2325 1429
1266 0 1420 1024 1102 1196 1031 1111 931 1227 1002 1348 659 857 732 1002 1701 786 655 716 750 1345 1342 906 1401 1175 135 813 815 596 595 1402 317 1115 812 1147 1013 191 983 1358 1220 879 760 1196 1430 990 1065 607 1369 1783 404 864 1111 1067 1011 560 774 1278 324 1049 1228 223 1154 741 1175 1081 1212 403 362 906 44 155 1522 1295 1038 405 749 1571 311 365 549 561 1748 1229 837 1497 195 1184 1172 1053 714 459 1255 1270 806 1060 730 1072 963 1084 1140 1169 1578 324 1457 599 1752 733 746 1263 804 1057 152 1265 374 484 711 1279 821 941 394 689 1276 949 433 1451 221 1030 1428 921 337 992 1200 1020 1545 180 845 648 332 878 1357 1037 758 1772 426 898 1195 1187 482 1689 575 301 269 1117 404 1520 950 1064 1115 1528 1360 663 1227 1225 1298 735 1057 1192 699 1215 841 807 512 1219 926 895 918 1210 1764 1489 652 1049 1114 1448 1526 289 1557 475 1242 311 559 263 996 892 767 1657 1240 1051 1124 535
233 1420 0 2331 2116 2550 2338 2157 2238 2209 2309 2654 1705 2163 2039 2309 2747 2092 1961 1782 2057 2193 2649 2213 2441 2481 1507 1370 1081 1584 1567 1931 1142 1635 1795 697 2320 1563 2289 2372 2526 993 2115 2210 1067 2297 2372 1654 2416 2797 1776 1911 2418 2373 535 1638 1820 1799 1306 1569 2535 1234 2460 2048 530 2387 2518 1471 1623 1135 1398 1490 2536 1255 1559 1432 1610 2618 1373 1435 1856 1703 412 462 2144 2513 1556 476 2478 1573 979 1490 1776 2317 2113 2074 1712 2054 2269 2391 2446 1690 2098 1196 1977 1775 2766 1878 2053 1783 1714 1578 1486 2247 1420 1790 2018 2586 1660 2248 1760 1703 2583 2255 1406 1971 1337 2336 1949 2228 1384 2298 1313 1540 2591 1423 1365 1954 1576 1078 2362 748 2065 436 1129 2253 2502 1707 1789 2210 1583 1163 1592 2423 1386 2503 1787 725 487 2575 2406 1535 2534 2240 2281 951 2071 2498 2005 1633 2196 1344 1813 1739 1446 1415 2225 395 2778 228 1634 2031 487 1968 2047 1212 2077 1440 2288 1644 1874 1220 2302 1093 1426 1293 2547 2065 2479 1583
2177 1024 2331 0 1815 1809 884 1557 720 1891 176 598 1365 729 521 183 1983 1097 1028 1330 624 2058 592 1259 1847 1361 1030 1574 1726 1420 1413 2123 1231 2026 1607 2058 1200 1044 163 2070 470 1790 1381 1909 2342 837 912 1448 1815 2409 1091 1628 303 914 1922 1349 1537 2190 1241 1960 438 1145 1145 928 2087 1267 393 1317 1280 1817 1003 919 2148 2206 1949 1321 1478 1965 1228 1281 907 1385 2659 2140 983 1942 969 2095 1358 1964 1625 1377 2166 1655 992 1773 1647 1943 158 194 841 1948 2356 1246 2235 1212 2378 1346 1020 2174 1510 1969 936 1849 1291 989 1223 531 1526 630 1061 1402 486 833 1351 2229 1151 877 2207 580 1254 165 2111 1931 1774 1100 1756 619 1171 1789 1815 1948 1049 2683 1338 1519 446 1965 818 2601 1403 1223 962 692 1321 1932 1656 1976 2026 1850 1681 1587 1414 1938 1818 1647 1770 363 876 2126 1462 1640 1185 1997 1837 1806 321 2121 2391 2400 1569 1863 2025 2226 2425 1211 2335 1393 1652 987 1078 1174 159 1803 1473 2568 1427 1764 1738 1450
1963 1102 2116 1815 0 793 1822 2095 1722 2155 1793 2138 1643 1579 1523 1793 2587 1485 1354 713 1541 462 2133 1234 2384 1965 1100 911 1512 784 764 761 1082 1416 1741 1844 1804 1048 1773 420 2010 1575 764 259 2127 1781 1856 881 2354 857 1139 1848 1902 1858 1707 833 1758 1590 1252 1360 2019 1084 1945 1532 1872 1872 2002 1401 1034 1602 1104 1151 596 1731 1350 1376 744 2556 1303 1365 1347 981 2445 1926 1533 2459 1125 1881 1962 1364 1410 880 1567 2248 1597 122 1658 2000 1753 1875 1930 1073 1361 1086 1114 808 826 868 1446 1574 655 1369 1148 2193 1358 1183 1166 2070 683 1641 1125 537 2067 1648 921 1112 944 1820 895 1638 1322 1782 1637 1331 2379 1227 1156 1438 1358 1574 2308 1733 1549 2469 1245 995 1986 1106 1261 2001 779 1099 1214 1816 1332 2449 994 1761 1812 2454 2285 1090 2018 288 2227 1479 199 1982 1489 1526 1040 978 955 1092 1227 1206 1709 1907 838 2186 1580 1977 1810 1182 1754 1045 1364 946 2226 1115 1143 1151 1786 1588 811 1995 2031 114 782 872
2397 1196 2550 1809 793 0 1824 2129 1723 2382 1795 2140 1801 1497 1525 1788 2589 831 1103 1101 1543 1118 2134 568 2420 1967 1098 1346 1946 1192 1184 1417 1416 1850 1967 2278 1806 1042 1768 888 2012 2009 729 856 2561 1783 1857 1220 2388 695 1133 2019 1621 1859 2142 1121 1928 2024 1479 1794 2021 1365 1946 1534 2306 1873 1973 1551 988 2037 1199 1187 434 2166 1784 1559 1250 2571 1464 1513 1348 1131 2879 2360 868 2515 1119 2315 1964 1798 1844 1244 2001 2261 1598 751 1884 2227 1755 1876 1932 1717 2017 1407 1770 984 665 1066 988 2008 1263 1803 1195 2417 1527 1104 746 2072 1291 1226 1063 1145 2068 1369 1234 1769 1312 1822 1551 1556 1492 1784 2071 1765 2380 1328 1590 1440 1419 2008 2387 2168 1551 2903 1579 297 1988 1737 1263 2435 1175 1432 1215 1228 1558 2538 1428 2195 2246 2456 2287 1465 2020 756 2390 1890 746 1984 1491 1960 366 1412 776 1748 1661 1640 1710 2341 677 2620 1806 2203 2244 1838 2197 1386 2020 1271 2258 1117 999 1418 1721 2023 1245 2429 2033 742 72 1238
2184 1031 2338 884 1822 1824 0 872 257 1207 862 1080 963 742 511 862 1247 1304 1173 1337 583 2065 1074 1424 1163 623 1037 1581 1733 1427 1419 2130 1238 2033 1193 2065 462 1051 843 2077 969 1797 1388 1916 2349 70 45 1455 1131 2423 1098 1045 971 47 1929 1356 1030 2197 1248 1967 1088 1152 271 301 2094 546 1072 1189 1287 1824 1010 926 2162 2213 1956 1304 1485 1295 1220 1202 788 1392 2666 2147 1355 1258 976 2102 601 1971 1632 1384 2173 985 370 1779 1386 1337 823 944 489 1955 2363 1253 2242 1219 2393 1353 1264 2181 1517 1976 943 1164 1203 1002 1230 1024 1533 1298 1068 1409 1136 1324 1358 2236 1158 10 2214 798 1236 852 2118 1938 1039 1107 1763 654 1178 1796 1131 1955 608 2690 1345 1526 945 1972 821 2608 1410 1230 969 1360 1311 1261 1663 1983 2033 1180 1011 1594 639 1945 1134 1654 1777 1052 333 2133 1469 1647 1192 2004 1844 1813 778 2128 2405 2407 1348 1258 2032 2233 2432 1218 2342 1400 972 994 1085 1181 856 1810 1480 2575 689 1771 1752 1457
2004 1111 2157 1557 2095 2129 872 0 999 400 1535 1880 510 1369 1138 1535 733 1609 1478 1642 1210 2336 1874 1730 304 577 1210 1587 1553 1589 1588 2149 1066 1852 508 1884 722 1260 1515 2350 1752 1616 1694 2189 2168 884 912 1570 272 2729 1403 377 1644 914 1748 1553 345 2016 886 1786 1761 1074 945 645 1913 694 1744 815 1392 1643 1089 1176 2468 2032 1776 839 1742 474 843 829 859 1590 2486 1967 1661 399 1252 1922 692 1790 1451 1403 1993 343 594 2053 718 578 1495 1616 1315 1907 2316 1118 2194 1525 2698 1659 1570 2000 1797 1795 1181 358 758 1307 1535 1812 1814 1765 1373 1682 1808 1772 1319 2189 1177 877 2166 1443 782 1524 1937 1757 617 969 1582 1176 1105 1615 324 1774 789 2509 1091 1832 1728 1924 1085 2427 1568 1084 1222 1941 854 434 1943 1802 1853 541 432 1475 754 2218 327 1375 2050 1724 750 1953 1774 1562 1497 1956 1664 1633 1450 1948 2710 2227 734 589 1851 2186 2264 1125 2294 1354 256 1247 1391 998 1528 1629 1643 2395 642 2044 2057 1496
2084 931 2238 720 1722 1723 257 999 0 1333 698 997 989 578 347 698 1425 1204 1073 1236 419 1965 992 1324 1289 803 937 1480 1633 1327 1319 2030 1138 1933 1231 1965 642 951 679 1977 887 1696 1288 1816 2248 210 284 1355 1257 2323 998 1171 807 286 1829 1256 1156 2096 1148 1867 924 1051 517 355 1993 709 908 1215 1187 1724 910 826 2062 2113 1856 1228 1385 1407 1135 1188 778 1292 2566 2047 1255 1384 875 2002 800 1871 1532 1284 2073 1097 425 1679 1464 1463 659 780 406 1855 2263 1153 2142 1119 2292 1253 1164 2081 1417 1875 843 1291 1198 902 1129 942 1433 1134 967 1308 972 1160 1258 2136 1058 249 2114 634 1161 688 2018 1838 1216 1007 1663 526 1078 1696 1257 1855 634 2590 1244 1426 862 1872 725 2507 1310 1130 869 1196 1227 1374 1563 1882 1933 1292 1123 1494 856 1845 1260 1554 1677 888 360 2033 1369 1547 1091 1904 1744 1713 614 2028 2305 2307 1374 1384 1932 2133 2332 1118 2242 1300 1094 893 985 1081 692 1710 1380 2475 869 1671 1652 1357
2056 1227 2209 1891 2155 2382 1207 400 1333 0 1869 2215 722 1704 1472 1869 850 1897 1766 1862 1545 2388 2209 2018 307 912 1327 1639 1605 1649 1648 2201 1119 1905 721 1937 1056 1377 1850 2411 2087 1668 1946 2249 2220 1218 1246 1622 339 2836 1590 459 1978 1248 1801 1614 552 2068 934 1838 2095 1137 1280 980 1965 1029 2079 1016 1508 1695 1206 1293 2575 2084 1828 876 1802 609 1017 1025 1147 1669 2538 2019 1949 385 1368 1974 1026 1842 1503 1455 2045 611 929 2113 497 270 1829 1951 1650 1959 2368 1170 2246 1751 2805 1854 1858 2053 1857 1847 1298 76 958 1595 1823 2146 1874 2053 1573 1742 2143 2061 1371 2241 1251 1211 2218 1778 928 1859 1989 1810 940 1140 1634 1511 1285 1667 224 1826 1079 2562 1143 2084 2062 1976 1373 2479 1629 1136 1406 2229 860 375 2003 1854 1905 727 725 1527 1088 2279 110 1427 2110 2058 1084 2005 2027 1614 1698 2008 1716 1685 1785 2000 2818 2279 629 317 1903 2238 2316 1177 2347 1406 530 1456 1679 1050 1863 1682 1695 2447 977 2104 2310 1548
2155 1002 2309 176 1793 1795 862 1535 698 1869 0 432 1343 685 499 286 1961 1197 1132 1308 602 2036 426 1362 1825 1339 1008 1552 1705 1398 1391 2101 1209 2004 1585 2036 1178 1022 267 2049 304 1768 1360 1887 2320 815 890 1427 1793 2394 1069 1606 407 892 1900 1327 1516 2168 1219 1938 437 1123 1123 906 2065 1245 320 1295 1258 1795 981 898 2133 2184 1928 1300 1456 1943 1206 1259 885 1363 2637 2118 1087 1921 947 2073 1336 1942 1603 1355 2145 1634 971 1751 1625 1921 40 143 678 1926 2334 1224 2213 1190 2364 1324 1124 2152 1488 1947 914 1827 1269 973 1201 365 1504 733 1039 1380 485 937 1329 2207 1129 855 2185 537 1232 15 2089 1909 1752 1078 1734 597 1149 1767 1793 1926 1027 2661 1316 1497 279 1943 796 2579 1382 1201 940 796 1299 1910 1634 1954 2004 1828 1659 1565 1392 1916 1796 1625 1748 215 854 2104 1440 1618 1163 1975 1815 1784 224 2100 2376 2378 1547 1841 2003 2204 2403 1189 2313 1371 1630 965 1056 1152 263 1781 1452 2546 1405 1742 1723 1428
2501 1348 2654 598 2138 2140 1080 1880 997 2215 432 0 1688 1031 845 705 2307 1576 1481 1653 947 2382 6 1741 2171 1685 1354 1897 2050 1744 1736 2447 1554 2350 1930 2382 1523 1368 685 2394 128 2113 1705 2232 2665 1084 1108 1772 2139 2740 1415 1952 821 1110 2246 1673 1861 2513 1564 2283 407 1468 1340 1251 2410 1591 481 1640 1604 2140 1327 1243 2479 2529 2273 1645 1802 2289 1552 1605 1230 1709 2983 2464 1502 2266 1292 2419 1675 2287 1948 1700 2490 1979 1316 2096 1970 2266 445 527 706 2271 2680 1570 2559 1536 2709 1670 1538 2498 1834 2292 1260 2172 1614 1318 1546 184 1850 1148 1384 1725 455 1351 1675 2553 1475 1072 2530 882 1578 437 2434 2255 2098 1423 2079 943 1495 2112 2138 2271 1372 3007 1661 1843 152 2288 1142 2924 1727 1547 1285 1210 1644 2255 1980 2299 2350 2173 2004 1910 1714 2262 2142 1970 2093 354 1200 2450 1785 1964 1508 2320 2161 2130 570 2445 2721 2724 1892 2187 2348 2550 2749 1535 2659 1716 1976 1310 1402 1498 685 2127 1797 2892 1750 2087 2068 1774
1551 659 1705 1365 1643 1801 963 510 989 722 1343 1688 0 1152 920 1343 1100 1282 1151 1314 993 1884 1682 1402 801 904 758 1135 1101 1136 1136 1697 614 1400 242 1432 954 808 1323 1898 1560 1164 1366 1737 1716 922 997 1118 769 2323 1022 263 1451 999 1296 1101 173 1564 433 1334 1569 622 1094 682 1461 1021 1552 363 940 1191 637 724 2062 1580 1324 387 1290 971 391 377 531 1138 2034 1514 1333 896 799 1469 1019 1338 999 951 1541 669 746 1600 475 685 1303 1424 1326 1455 1864 666 1742 1197 2293 1329 1242 1548 1345 1343 729 731 306 980 1207 1620 1361 1437 1004 1229 1616 1445 867 1736 724 961 1714 1225 329 1332 1485 1305 944 517 1130 982 653 1163 756 1322 463 2057 639 1504 1536 1472 757 1975 1116 631 837 1613 402 930 1490 1350 1401 928 759 1023 1081 1766 700 922 1598 1532 630 1500 1447 1110 1129 1504 1211 1180 1258 1496 2305 1775 385 605 1399 1734 1812 673 1842 901 641 881 1063 546 1336 1177 1191 1942 969 1592 1730 1044
2010 857 2163 729 1579 1497 742 1369 578 1704 685 1031 1152 0 295 707 1796 823 672 1094 209 1823 1025 943 1660 1174 863 1338 1559 1184 1177 1888 1063 1831 1394 1890 1012 857 687 1835 903 1622 1146 1673 2174 695 770 1213 1628 2097 850 1415 815 772 1754 1113 1324 2004 1073 1774 933 977 1003 741 1919 1080 916 1151 1113 1649 836 752 1836 2038 1763 1154 1243 1778 1061 1116 723 1150 2492 1973 874 1755 792 1928 1171 1778 1457 1201 1980 1468 805 1537 1479 1730 646 771 767 1712 2121 1078 1999 977 2066 1110 763 1988 1274 1783 769 1661 1123 412 908 962 1291 652 819 1166 980 623 1184 1993 984 735 1971 148 1087 675 1943 1745 1587 932 1561 492 1004 1621 1627 1780 797 2516 1170 1253 878 1729 488 2415 1168 1056 683 828 1153 1744 1420 1808 1859 1662 1494 1419 1226 1702 1631 1479 1534 875 627 1940 1204 1404 949 1761 1642 1611 601 1954 2078 2233 1401 1650 1857 1991 2190 1044 2099 1225 1465 659 802 1007 700 1635 1238 2401 1239 1528 1425 1231
1885 732 2039 521 1523 1525 511 1138 347 1472 499 845 920 295 0 499 1564 1005 874 1037 136 1766 839 1125 1429 942 738 1282 1434 1128 1120 1831 939 1734 1162 1766 781 752 480 1778 717 1498 1089 1617 2050 464 539 1156 1397 2124 799 1184 608 540 1630 1057 1093 1898 949 1668 726 853 771 509 1795 849 709 1025 988 1525 711 627 1863 1914 1657 1029 1186 1546 936 989 615 1093 2367 1848 1056 1524 677 1803 939 1672 1333 1085 1874 1237 574 1480 1355 1498 460 581 538 1656 2064 954 1943 920 2094 1054 965 1882 1218 1677 644 1430 999 657 931 777 1234 922 768 1110 773 893 1059 1937 859 503 1915 364 962 489 1819 1639 1356 808 1464 327 879 1497 1396 1656 565 2391 1046 1227 693 1673 526 2309 1111 931 670 997 1029 1513 1364 1684 1734 1431 1262 1295 995 1646 1399 1355 1478 689 395 1834 1170 1348 893 1705 1545 1514 415 1829 2106 2108 1276 1419 1733 1934 2133 919 2043 1101 1233 695 786 882 493 1511 1181 2276 1008 1472 1453 1158
2155 1002 2309 183 1793 1788 862 1535 698 1869 286 705 1343 707 499 0 1961 1074 1037 1308 602 2037 699 1236 1825 1339 1008 1552 1705 1398 1391 2101 1209 2004 1585 2036 1178 1022 69 2049 581 1768 1360 1887 2320 815 890 1427 1793 2387 1069 1606 280 892 1900 1327 1516 2168 1219 1938 416 1123 1123 906 2065 1245 397 1295 1258 1795 981 898 2126 2184 1928 1300 1456 1943 1206 1259 885 1363 2638 2118 961 1921 947 2073 1336 1942 1603 1355 2145 1634 971 1751 1625 1921 269 282 907 1926 2335 1224 2213 1190 2356 1324 997 2152 1488 1947 914 1827 1269 973 1201 642 1504 607 1039 1380 463 810 1329 2207 1129 855 2185 558 1232 276 2089 1909 1752 1078 1734 597 1149 1767 1793 1926 1027 2661 1316 1497 557 1943 796 2579 1382 1201 940 669 1299 1910 1634 1954 2004 1828 1659 1565 1392 1916 1796 1625 1748 476 854 2104 1440 1618 1163 1975 1815 1784 333 2100 2369 2378 1547 1841 2003 2205 2403 1189 2313 1371 1630 965 1056 1152 135 1781 1452 2546 1405 1742 1716 1428
2594 1701 2747 1983 2587 2589 1247 733 1425 850 1961 2307 1100 1796 1564 1961 0 2069 1939 2102 1637 2831 2301 2190 710 627 1789 2177 2143 2179 2174 2739 1656 2442 1098 2474 785 1817 1942 2843 2179 2206 2154 2681 2758 1313 1293 2160 726 3189 1864 967 2070 1295 2338 2121 935 2606 1476 2376 2187 1664 1210 1072 2503 905 2171 1405 1982 2233 1679 1692 2928 2622 2366 1429 2251 346 1433 1419 1475 2158 3076 2557 2121 722 1741 2511 742 2380 2041 1993 2583 525 1087 2545 1266 1044 1922 2043 1736 2497 2906 1708 2784 1985 3158 2119 2030 2590 2282 2385 1709 858 1348 1767 1995 2238 2299 2225 1833 2174 2235 2233 1909 2779 1767 1257 2756 1870 1372 1951 2527 2347 256 1559 2172 1603 1695 2205 767 2364 1382 3099 1681 2292 2154 2514 1586 3017 2158 1674 1734 2401 1444 489 2429 2392 2443 342 373 2065 804 2711 846 1965 2542 2151 1176 2543 2234 2152 1957 2546 2253 2223 1877 2538 3170 2817 1324 1111 2441 2776 2854 1715 2884 1944 511 1759 1851 1588 1955 2219 2233 2985 692 2536 2517 2086
1938 786 2092 1097 1485 831 1304 1609 1204 1897 1197 1576 1282 823 1005 1074 2069 0 428 1000 988 1729 1570 278 1900 1447 792 1244 1488 1090 1083 1794 992 1749 1491 1819 1286 763 1054 1624 1451 1551 832 1574 2103 1263 1337 1119 1868 1431 756 1539 905 1339 1683 1019 1449 1922 1002 1693 1314 906 1426 1014 1848 1353 1258 1082 1042 1578 765 681 1170 1967 1682 1083 1148 2051 989 1046 828 1056 2421 1902 165 1995 725 1856 1444 1696 1386 1107 1899 1742 1079 1443 1408 1750 1168 1180 1412 1618 2027 1007 1905 883 1400 1016 313 1907 1180 1701 697 1901 1052 430 550 1511 1197 510 725 1072 1362 649 1113 1899 912 1302 1877 882 1016 1186 1872 1664 1860 861 1488 920 933 1550 1867 1709 1031 2444 1099 596 1427 1635 710 2333 1074 984 719 509 1082 2018 1326 1737 1788 1936 1767 1348 1500 1492 1870 1408 1380 1386 971 1859 555 1310 855 1667 1560 1539 1142 1883 1413 2162 1330 1727 1786 1897 2096 972 2005 1154 1738 565 665 936 1005 1564 1144 2322 1513 1434 760 1137
1808 655 1961 1028 1354 1103 1173 1478 1073 1766 1132 1481 1151 672 874 1037 1939 428 0 869 837 1598 1476 549 1769 1317 661 1113 1357 960 952 1663 861 1618 1360 1689 1155 632 1017 1610 1353 1420 921 1448 1972 1132 1207 988 1737 1703 625 1409 867 1209 1553 888 1318 1792 871 1562 1277 775 1296 883 1717 1223 1220 951 911 1447 634 550 1442 1836 1551 952 1018 1921 859 915 698 925 2290 1771 425 1864 594 1726 1314 1566 1255 977 1768 1611 948 1312 1277 1620 1096 1142 1281 1487 1896 877 1775 752 1672 886 169 1776 1050 1571 567 1770 922 279 578 1413 1066 481 595 941 1324 488 982 1769 782 1171 1746 674 885 1121 1741 1533 1730 730 1357 790 802 1419 1737 1579 900 2314 968 867 1329 1504 580 2203 943 854 589 656 951 1887 1196 1606 1657 1805 1636 1217 1369 1478 1740 1277 1309 1321 840 1728 820 1180 724 1536 1429 1408 967 1752 1684 2031 1199 1596 1655 1766 1965 842 1875 1023 1608 434 594 805 950 1434 1013 2191 1382 1303 1031 1006
1629 716 1782 1330 713 1101 1337 1642 1236 1862 1308 1653 1314 1094 1037 1308 2102 1000 869 0 1056 947 1647 936 1933 1480 618 577 1178 244 218 965 779 1082 1447 1510 1319 563 1288 969 1525 1241 666 807 1793 1296 1370 348 1901 1394 653 1539 1416 1372 1373 260 1448 1256 959 1026 1534 791 1459 1047 1538 1386 1517 1071 495 1268 719 705 1133 1398 1016 1073 267 2084 984 1033 861 296 2111 1592 1051 2028 640 1547 1477 1030 1076 437 1233 1774 1111 671 1365 1707 1268 1389 1445 914 1322 771 1201 123 1363 183 961 1240 269 1035 714 1900 1047 698 681 1585 279 1156 640 176 1581 1163 553 1195 650 1335 1173 1153 1012 1297 1303 997 1893 848 822 953 937 1240 1900 1399 1063 2135 942 804 1501 931 776 1667 233 795 728 1331 1039 2050 547 1427 1478 1969 1800 592 1533 836 1903 1145 666 1497 1004 1192 747 644 376 963 893 872 1223 1573 1375 1852 1287 1684 1476 1192 1429 752 1301 561 1771 630 658 857 1301 1255 462 1661 1545 662 1029 374
1903 750 2057 624 1541 1543 583 1210 419 1545 602 947 993 209 136 602 1637 988 837 1056 0 1785 942 1109 1501 1015 757 1300 1453 1146 1139 1850 957 1752 1235 1784 854 770 582 1797 819 1516 1108 1635 2068 537 611 1175 1469 2143 817 1256 711 613 1648 1075 1165 1916 967 1686 828 871 844 582 1813 921 811 1043 1007 1543 730 646 1881 1932 1676 1048 1204 1619 954 1007 623 1111 2386 1866 1039 1596 695 1821 1012 1690 1351 1103 1893 1309 646 1499 1373 1571 562 684 651 1674 2083 972 1961 939 2112 1072 928 1900 1236 1695 662 1502 1017 577 949 879 1253 836 787 1128 876 807 1077 1955 877 576 1933 282 981 591 1837 1657 1428 826 1482 366 898 1515 1468 1674 638 2409 1064 1245 795 1691 513 2327 1130 949 684 1011 1047 1585 1382 1702 1752 1504 1335 1313 1067 1664 1472 1373 1496 791 468 1852 1188 1366 911 1723 1563 1532 518 1848 2124 2127 1295 1491 1751 1953 2152 937 2061 1119 1306 709 804 901 595 1529 1200 2294 1080 1490 1471 1176
2039 1345 2193 2058 462 1118 2065 2336 1965 2388 2036 2382 1884 1823 1766 2037 2831 1729 1598 947 1785 0 2376 1483 2620 2209 1343 1050 1589 994 968 380 1315 1457 1973 1920 2048 1292 2017 765 2254 1652 1012 604 2204 2025 2099 1095 2594 1190 1382 2089 2145 2101 1784 1038 1999 1373 1485 1437 2263 1328 2188 1776 1949 2115 2246 1644 1278 1679 1348 1395 929 1808 1426 1610 915 2796 1547 1609 1590 1181 2522 2002 1780 2691 1369 1957 2206 1441 1487 1124 1220 2489 1840 467 1890 2233 1997 2118 2174 677 944 1330 696 1008 1160 1068 1689 1445 826 1445 1392 2426 1599 1427 1410 2314 854 1885 1369 780 2310 1892 1165 695 1187 2064 478 1882 1562 2026 1713 1408 2622 1471 1232 1682 1601 1651 2540 1810 1792 2545 1382 1298 2230 710 1505 1689 983 1339 1457 2060 1564 2681 710 1838 1888 2697 2529 1235 2261 633 2460 1556 524 2226 1733 1603 1289 1052 1198 675 1304 1283 1952 1984 1172 2263 1813 2209 1887 765 1341 1288 946 1189 2467 1359 1387 1386 2030 1665 1010 2072 2274 459 1107 1116
2495 1342 2649 592 2133 2134 1074 1874 992 2209 426 6 1682 1025 839 699 2301 1570 1476 1647 942 2376 0 1735 2165 1679 1348 1891 2044 1738 1730 2441 1549 2344 1924 2376 1518 1362 679 2388 122 2107 1699 2226 2659 1078 1102 1766 2133 2734 1409 1946 815 1104 2240 1667 1855 2507 1559 2278 401 1462 1334 1246 2404 1585 475 1635 1598 2135 1321 1237 2473 2523 2267 1639 1796 2283 1546 1599 1225 1703 2977 2458 1496 2260 1286 2413 1669 2281 1942 1694 2484 1973 1310 2090 1964 2260 439 522 700 2265 2674 1564 2553 1530 2703 1664 1532 2492 1828 2286 1254 2166 1609 1312 1540 178 1844 1142 1378 1719 449 1345 1669 2547 1469 1066 2524 877 1572 432 2429 2249 2092 1417 2073 937 1489 2106 2132 2266 1366 3001 1655 1837 147 2283 1136 2918 1721 1541 1279 1204 1638 2249 1974 2293 2344 2167 1999 1905 1708 2256 2136 1964 2088 348 1194 2444 1780 1958 1502 2315 2155 2124 564 2439 2715 2718 1887 2181 2342 2544 2743 1529 2653 1710 1970 1304 1396 1492 679 2121 1791 2886 1744 2082 2063 1768
2059 906 2213 1259 1234 568 1424 1730 1324 2018 1362 1741 1402 943 1125 1236 2190 278 549 936 1109 1483 1735 0 2021 1568 910 1181 1609 1027 1019 1720 1113 1685 1611 1940 1407 871 1216 1360 1613 1672 568 1315 2224 1384 1458 1055 1989 1167 841 1660 1067 1460 1804 956 1569 1859 1123 1629 1476 1027 1547 1135 1969 1474 1420 1202 823 1699 885 802 906 2001 1619 1204 1085 2172 1110 1167 949 966 2541 2022 315 2116 840 1977 1565 1633 1507 1079 1836 1862 1199 1192 1529 1871 1339 1342 1533 1555 1963 1128 1842 819 1137 901 434 1843 1117 1638 818 2022 1173 551 415 1673 1133 672 811 1009 1524 815 1069 1836 1033 1423 1814 1002 1136 1352 1906 1600 1981 982 1425 1041 1053 1671 1988 1830 1151 2565 1220 332 1589 1572 831 2270 1010 1105 840 674 1203 2138 1263 1858 1908 2057 1888 1300 1620 1228 1991 1529 1116 1551 1092 1795 291 1247 611 1604 1497 1475 1311 2004 1149 2282 1451 1848 1907 1833 2032 1093 1942 1106 1859 686 578 1056 1167 1685 1080 2265 1633 1183 496 1073
2288 1401 2441 1847 2384 2420 1163 304 1289 307 1825 2171 801 1660 1429 1825 710 1900 1769 1933 1501 2620 2165 2021 0 796 1501 1871 1837 1877 1877 2433 1351 2137 799 2169 922 1551 1806 2639 2043 1900 1985 2478 2452 1175 1203 1854 32 3019 1694 585 1934 1205 2033 1842 636 2300 1163 2070 2052 1363 1236 936 2197 889 2035 1106 1683 1927 1380 1467 2758 2316 2060 1108 2031 429 1134 1120 1150 1881 2770 2251 1951 95 1542 2206 911 2074 1735 1687 2277 449 885 2341 729 494 1786 1907 1606 2191 2600 1402 2478 1815 2989 1949 1861 2285 2086 2079 1472 274 1049 1598 1826 2103 2103 2056 1664 1971 2099 2063 1603 2473 1467 1167 2450 1734 1072 1815 2221 2042 780 1260 1866 1467 1396 1899 125 2058 1080 2794 1375 2122 2019 2208 1375 2711 1857 1368 1513 2231 1092 235 2231 2086 2137 565 563 1759 973 2507 243 1659 2339 2015 1040 2237 2065 1846 1788 2240 1948 1917 1741 2232 3001 2511 861 541 2135 2470 2548 1409 2579 1638 368 1538 1681 1282 1819 1914 1927 2679 861 2333 2348 1780
2328 1175 2481 1361 1965 1967 623 577 803 912 1339 1685 904 1174 942 1339 627 1447 1317 1480 1015 2209 1679 1568 796 0 1181 1724 1877 1571 1563 2274 1381 2177 903 2209 161 1195 1320 2221 1557 1940 1532 2059 2492 689 669 1599 764 2567 1242 771 1448 671 2073 1499 740 2340 1280 2110 1565 1295 586 450 2237 301 1549 1210 1431 1967 1154 1070 2306 2356 2100 1234 1629 784 1238 1224 948 1536 2810 2291 1499 850 1119 2246 118 2114 1775 1527 2317 474 514 1923 1112 1063 1300 1421 1112 2098 2507 1397 2386 1363 2536 1497 1408 2325 1661 2119 1087 869 1153 1145 1373 1616 1677 1603 1211 1552 1613 1611 1502 2380 1302 633 2357 1248 1176 1329 2261 2082 419 1250 1906 981 1322 1939 823 2098 760 2834 1485 1670 1532 2115 964 2751 1554 1374 1112 1779 1249 750 1807 2126 2177 604 445 1737 180 2089 839 1769 1920 1529 554 2277 1612 1791 1335 2147 1988 1957 1255 2272 2548 2551 1128 984 2175 2377 2576 1362 2486 1543 482 1137 1229 1325 1333 1954 1624 2719 68 1914 1895 1601
1353 135 1507 1030 1100 1098 1037 1210 937 1327 1008 1354 758 863 738 1008 1789 792 661 618 757 1343 1348 910 1501 1181 0 844 903 606 606 1408 369 1202 912 1234 1019 94 989 1355 1226 966 663 1193 1518 996 1071 618 1469 1697 306 964 1117 1073 1098 571 873 1366 423 1136 1235 304 1160 748 1263 1087 1218 496 373 993 144 161 1436 1382 1126 504 743 1671 409 458 555 572 1836 1317 843 1596 128 1271 1178 1140 801 469 1343 1370 812 1057 829 1172 969 1090 1146 1235 1644 367 1522 501 1667 635 752 1350 798 1145 158 1364 472 490 653 1286 815 948 296 686 1282 955 444 1517 264 1036 1494 927 437 998 1287 1107 1594 273 932 654 370 965 1457 1124 764 1859 522 800 1202 1252 488 1777 586 379 257 1123 503 1620 944 1152 1203 1628 1459 680 1233 1223 1398 835 1054 1198 705 1302 743 874 414 1284 1013 982 924 1298 1679 1577 751 1148 1201 1514 1614 330 1622 485 1341 251 476 363 1002 979 761 1744 1246 1049 1026 546
1216 813 1370 1574 911 1346 1581 1587 1480 1639 1552 1897 1135 1338 1282 1552 2177 1244 1113 577 1300 1050 1891 1181 1871 1724 844 0 766 379 362 790 561 641 1225 1097 1563 807 1532 1167 1769 829 910 1005 1381 1540 1614 444 1846 1592 897 1341 1660 1616 961 433 1250 834 736 604 1778 642 1703 1291 1126 1630 1761 901 790 856 808 883 1331 956 594 862 405 2048 803 865 1105 616 1699 1179 1295 1943 884 1134 1721 608 664 561 745 1747 1355 869 1142 1484 1512 1633 1689 549 957 529 836 570 1561 673 1205 818 509 613 880 1677 851 942 925 1829 455 1400 884 498 1825 1407 519 830 674 1579 808 1397 814 1541 861 575 2022 853 354 1197 1006 828 1792 987 1307 1722 559 1048 1745 566 1020 1245 378 585 972 1575 816 1933 524 1015 1065 2005 1836 235 1777 1035 1711 733 866 1741 1248 770 991 111 713 598 452 431 1467 1161 1573 1440 1064 1461 1064 827 1026 598 936 510 1718 874 902 650 1545 842 164 1239 1790 860 1274 498
928 815 1081 1726 1512 1946 1733 1553 1633 1605 1705 2050 1101 1559 1434 1705 2143 1488 1357 1178 1453 1589 2044 1609 1837 1877 903 766 0 979 963 1327 538 896 1190 808 1716 959 1685 1768 1922 506 1511 1606 857 1693 1767 1050 1812 2193 1172 1307 1813 1769 672 1034 1216 1194 702 965 1931 630 1856 1444 837 1783 1914 867 1018 256 794 886 1932 714 944 828 1006 2014 769 831 1252 1099 1410 891 1539 1909 952 845 1874 969 134 885 1171 1713 1508 1470 1108 1450 1665 1786 1842 1085 1494 592 1373 1171 2162 1274 1449 1179 1110 954 882 1643 816 1186 1414 1982 1055 1644 1155 1099 1978 1651 801 1367 733 1732 1344 1623 780 1694 619 936 1987 819 761 1350 972 200 1757 664 1460 1433 524 1649 1898 1103 1184 1605 979 559 988 1819 782 1898 1182 726 777 1971 1802 930 1930 1635 1677 391 1467 1894 1401 1079 1591 740 1209 1135 753 795 1620 872 2174 1151 1030 1427 775 1364 1442 607 1473 836 1684 1040 1269 615 1698 214 822 1076 1942 1461 1874 978
1430 596 1584 1420 784 1192 1427 1589 1327 1649 1398 1744 1136 1184 1128 1398 2179 1090 960 244 1146 994 1738 1027 1877 1571 606 379 979 0 30 993 557 884 1234 1311 1409 653 1379 1039 1615 1043 757 878 1595 1386 1461 115 1847 1464 744 1342 1507 1463 1175 75 1251 1057 746 827 1624 578 1550 1137 1340 1477 1608 895 457 1070 598 645 1203 1199 817 870 176 2049 797 859 952 258 1912 1393 1142 1953 667 1348 1568 831 878 221 1034 1748 1202 741 1152 1494 1358 1480 1535 753 1162 549 1040 212 1434 315 1051 1042 299 836 642 1687 852 788 772 1675 287 1246 730 362 1672 1254 330 1034 437 1425 1012 1243 815 1388 1104 799 1984 721 623 1044 851 1042 1801 1201 1154 1936 720 895 1591 770 867 1468 20 574 759 1422 826 1942 444 1229 1279 2006 1837 360 1623 907 1721 946 739 1587 1094 994 837 445 508 802 695 673 1314 1375 1446 1653 1074 1471 1278 1032 1231 530 1140 338 1720 721 749 644 1392 1056 263 1463 1636 733 1120 144
1413 595 1567 1413 764 1184 1419 1588 1319 1648 1391 1736 1136 1177 1120 1391 2174 1083 952 218 1139 968 1730 1019 1877 1563 606 362 963 30 0 969 565 867 1233 1294 1402 646 1371 1019 1608 1026 749 857 1578 1379 1453 134 1846 1444 736 1341 1499 1455 1158 74 1251 1040 745 811 1617 577 1542 1130 1323 1469 1600 894 456 1053 597 644 1183 1182 800 869 159 2048 796 858 944 257 1895 1376 1134 1952 666 1331 1560 814 861 223 1017 1747 1194 721 1151 1493 1351 1472 1528 736 1145 557 1023 211 1414 314 1044 1025 273 819 641 1686 851 781 764 1668 270 1239 723 338 1664 1246 339 1017 436 1418 995 1236 814 1380 1087 782 1976 720 606 1036 850 1025 1801 1184 1146 1919 728 887 1584 753 859 1451 19 581 758 1414 825 1942 427 1212 1262 2005 1837 378 1616 887 1720 929 719 1580 1087 977 830 428 507 785 678 657 1306 1358 1426 1636 1073 1470 1261 1015 1214 538 1123 347 1719 713 741 643 1384 1039 247 1446 1628 713 1113 160
1778 1402 1931 2123 761 1417 2130 2149 2030 2201 2101 2447 1697 1888 1831 2101 2739 1794 1663 965 1850 380 2441 1720 2433 2274 1408 790 1327 993 969 0 1134 1195 1786 1659 2112 1356 2082 1065 2319 1390 1256 903 1942 2089 2164 1085 2407 1490 1447 1902 2210 2166 1523 1039 1812 1111 1298 1175 2328 1225 2253 1841 1687 2180 2311 1462 1343 1417 1390 1457 1229 1547 1165 1423 888 2609 1365 1426 1655 1183 2260 1741 1845 2504 1433 1696 2271 1179 1225 1145 959 2308 1905 767 1703 2046 2062 2183 2239 416 827 1187 627 1009 1459 1069 1754 1216 799 1184 1453 2239 1412 1492 1475 2379 827 1950 1433 832 2375 1957 1230 626 1252 2129 409 1947 1375 2091 1452 1146 2583 1414 971 1747 1567 1389 2353 1548 1857 2284 1120 1586 2295 449 1570 1473 984 1154 1522 2125 1377 2494 640 1576 1627 2566 2398 981 2326 932 2273 1294 823 2291 1798 1341 1528 790 1261 472 1042 1021 2017 1722 1471 2001 1626 2022 1625 696 1125 1203 810 1243 2280 1424 1452 1211 2095 1404 837 1810 2339 758 1406 1114
988 317 1142 1231 1082 1416 1238 1066 1138 1119 1209 1554 614 1063 939 1209 1656 992 861 779 957 1315 1549 1113 1351 1381 369 561 538 557 565 1134 0 837 704 869 1220 425 1189 1338 1426 601 981 1176 1153 1197 1272 519 1325 1763 639 820 1318 1274 733 530 729 1001 215 771 1435 115 1361 948 898 1288 1418 380 485 628 295 390 1502 1017 761 341 708 1527 282 344 756 565 1471 952 1044 1422 429 906 1378 775 436 352 978 1226 1013 1040 621 964 1169 1291 1346 892 1301 58 1179 664 1732 768 953 985 784 780 386 1156 330 690 918 1486 801 1148 628 669 1483 1155 268 1173 199 1236 1151 1128 293 1198 922 742 1501 332 567 854 485 600 1271 759 965 1494 167 1118 1402 909 689 1412 545 27 493 1324 295 1412 930 787 838 1484 1315 416 1434 1206 1191 496 1037 1398 905 938 1061 547 675 941 648 617 1125 933 1744 1212 543 940 836 1171 1249 74 1279 302 1198 545 774 121 1202 614 628 1380 1447 1031 1344 445
1481 1115 1635 2026 1416 1850 2033 1852 1933 1905 2004 2350 1400 1831 1734 2004 2442 1749 1618 1082 1752 1457 2344 1685 2137 2177 1202 641 896 884 867 1195 837 0 1490 1076 2015 1258 1984 1672 2221 1094 1415 1510 976 1992 2067 974 2111 2097 1402 1606 2113 2069 1204 938 1515 426 1001 146 2230 929 2156 1743 1391 2083 2214 1166 1302 755 1093 1185 1836 502 112 1127 910 2313 1068 1130 1551 1121 1964 1416 1800 2208 1252 1399 2174 154 768 1066 367 2012 1808 1374 1407 1750 1964 2086 2141 780 1163 891 1249 1075 2066 1178 1709 496 1014 107 1181 1942 1116 1447 1430 2281 959 1905 1389 1003 2278 1912 1101 1244 1032 2031 1221 1895 1079 1993 409 193 2287 1118 562 1650 1271 760 2057 1252 1760 1987 824 1553 2197 757 1463 922 883 858 1288 2080 1081 2198 1087 1280 1331 2270 2101 831 2229 1539 1977 998 1371 2193 1700 388 1496 599 1218 1011 430 455 1920 1426 2078 1705 1329 1726 1247 1241 759 907 1168 1106 1983 1338 1407 915 1997 792 726 857 2242 1365 1778 1003
1641 812 1795 1607 1741 1967 1193 508 1231 721 1585 1930 242 1394 1162 1585 1098 1491 1360 1447 1235 1973 1924 1611 799 903 912 1225 1190 1234 1233 1786 704 1490 0 1522 1047 962 1565 1996 1802 1253 1532 1834 1805 1164 1233 1207 767 2421 1175 262 1693 1235 1386 1199 171 1653 519 1424 1811 722 1266 924 1550 1020 1794 527 1094 1281 791 878 2160 1670 1413 461 1388 969 555 541 773 1254 2123 1604 1542 894 954 1559 1017 1427 1088 1040 1630 668 915 1698 286 629 1545 1666 1568 1544 1953 755 1832 1336 2391 1440 1451 1638 1442 1432 883 729 470 1189 1416 1862 1459 1646 1158 1327 1858 1654 956 1826 836 1197 1803 1467 494 1574 1575 1395 942 681 1220 1223 817 1253 755 1412 705 2147 728 1669 1778 1562 999 2064 1214 721 991 1822 445 928 1588 1439 1490 926 757 1112 1079 1864 698 1012 1696 1774 872 1590 1612 1199 1283 1594 1301 1270 1500 1585 2403 1864 277 603 1489 1823 1901 762 1932 991 639 1042 1272 635 1578 1267 1280 2032 968 1690 1895 1133
543 1147 697 2058 1844 2278 2065 1884 1965 1937 2036 2382 1432 1890 1766 2036 2474 1819 1689 1510 1784 1920 2376 1940 2169 2209 1234 1097 808 1311 1294 1659 869 1076 1522 0 2047 1290 2016 2099 2253 714 1842 1937 436 2024 2099 1381 2143 2524 1504 1638 2145 2101 187 1365 1547 1388 1033 1134 2262 961 2188 1775 436 2115 2246 1198 1350 862 1125 1217 2263 624 1055 1159 1338 2345 1100 1162 1583 1430 1026 380 1871 2240 1284 445 2206 1141 707 1217 1365 2044 1840 1801 1439 1782 1996 2118 2173 1417 1826 923 1704 1502 2493 1606 1780 1282 1441 1054 1213 1974 1148 1517 1745 2313 1387 1975 1487 1430 2310 1983 1133 1698 1064 2063 1676 1955 1111 2025 683 984 2319 1150 1092 1682 1303 806 2089 468 1792 1049 856 1980 2229 1434 1516 1661 1311 890 1320 2151 1113 2230 1514 445 381 2302 2133 1262 2261 1967 2009 678 1798 2225 1732 1002 1923 1072 1541 1466 1161 1142 1952 471 2506 767 1361 1758 211 1696 1636 939 1804 1168 2016 1372 1601 947 2029 820 1153 663 2274 1792 2206 1310
2166 1013 2320 1200 1804 1806 462 722 642 1056 1178 1523 954 1012 781 1178 785 1286 1155 1319 854 2048 1518 1407 922 161 1019 1563 1716 1409 1402 2112 1220 2015 1047 2047 0 1033 1158 2060 1395 1779 1371 1898 2331 528 507 1438 890 2405 1080 905 1287 509 1911 1338 884 2179 1230 1949 1404 1134 425 289 2076 140 1387 1179 1269 1806 992 909 2144 2195 1939 1288 1467 922 1204 1192 787 1374 2649 2129 1337 988 958 2084 158 1953 1614 1366 2156 612 353 1762 1247 1198 1138 1260 951 1937 2346 1235 2224 1202 2375 1335 1247 2163 1499 1958 925 1014 1193 984 1212 1455 1516 1442 1050 1391 1452 1449 1340 2218 1140 472 2196 1086 1221 1167 2100 1920 577 1089 1745 819 1160 1778 949 1937 599 2672 1327 1508 1371 1954 803 2590 1393 1212 951 1617 1295 889 1645 1965 2015 734 565 1576 214 1927 983 1636 1759 1367 393 2115 1451 1629 1174 1986 1826 1795 1094 2111 2387 2389 1273 1118 2014 2216 2415 1200 2324 1382 620 976 1067 1164 1171 1792 1463 2557 227 1753 1734 1439
