NAME: zurich_200_19
COMMENT: TSP instance with 200 nodes. City: Zurich, Switzerland, Seed: 61
TYPE: TSP
DIMENSION: 200
EDGE_WEIGHT_TYPE: EXPLICIT
EDGE_WEIGHT_FORMAT: FULL_MATRIX
NODE_COORD_SECTION:
1 47.4102285 8.727387
2 47.3156042 8.7888977
3 47.4122574 8.546499
4 47.4446878 8.4389
5 47.3197153 8.5206738
6 47.3944991 8.4520852
7 47.316277 8.5838279
8 47.5183598 8.5932475
9 47.4320915 8.3443133
10 47.4038369 8.3108424
11 47.3104094 8.5494573
12 47.4128474 8.5682826
13 47.2883899 8.5328191
14 47.3013227 8.5463824
15 47.2641982 8.4065459
16 47.4038505 8.5700814
17 47.4895301 8.7100577
18 47.4133662 8.5124315
19 47.4731608 8.5098896
20 47.284539 8.7631082
21 47.2226293 8.4971216
22 47.3641327 8.5529521
23 47.2354728 8.6360669
24 47.3720861 8.6404241
25 47.4400942 8.6405693
26 47.3207517 8.8028185
27 47.4642819 8.7776357
28 47.2945205 8.3938759
29 47.2361819 8.6364087
30 47.1969355 8.5232833
31 47.4243723 8.4056669
32 47.394746 8.3747248
33 47.3504602 8.3467611
34 47.4078831 8.7246604
35 47.2778122 8.6160878
36 47.4570078 8.2817005
37 47.4421321 8.6335405
38 47.3223316 8.5899206
39 47.4326196 8.3484263
40 47.3429359 8.5334057
41 47.5048165 8.7186749
42 47.3434838 8.3806513
43 47.4905241 8.7304712
44 47.2345143 8.6345071
45 47.3952218 8.6414345
46 47.301423 8.4474998
47 47.4887126 8.7027773
48 47.2421489 8.7268913
49 47.3633747 8.5335863
50 47.4489093 8.5314604
51 47.3557646 8.3251783
52 47.3888568 8.3887856
53 47.3174179 8.5417186
54 47.2784965 8.3432984
55 47.3434775 8.4818673
56 47.4596971 8.6609239
57 47.3552487 8.4621863
58 47.3150312 8.7228692
59 47.4127793 8.4506405
60 47.5242174 8.7150806
61 47.3258951 8.604011
62 47.2046355 8.7585825
63 47.2077871 8.2989423
64 47.2032467 8.7533936
65 47.3450755 8.5703057
66 47.5181512 8.5409126
67 47.1946078 8.6418508
68 47.4812259 8.46421
69 47.4463777 8.4792962
70 47.2803911 8.4559953
71 47.4998599 8.7562251
72 47.3984721 8.5378245
73 47.2706276 8.6632954
74 47.3508582 8.2846471
75 47.3521234 8.4384681
76 47.272737 8.3342163
77 47.3095443 8.6787683
78 47.4264311 8.5710378
79 47.3037096 8.5895836
80 47.2716423 8.6319312
81 47.3852494 8.6682552
82 47.4052243 8.5465449
83 47.4701812 8.3392116
84 47.2213192 8.4633738
85 47.4590147 8.4889083
86 47.3824583 8.5345495
87 47.4235499 8.6849719
88 47.362953 8.3709678
89 47.3241201 8.490088
90 47.2913341 8.5549133
91 47.39643 8.6706921
92 47.3106208 8.3228453
93 47.4276301 8.4739966
94 47.2869737 8.5315957
95 47.4830927 8.4942404
96 47.3838681 8.6636622
97 47.2973965 8.5495462
98 47.4181347 8.589961
99 47.4363362 8.2847984
100 47.5033524 8.3688928
101 47.4882576 8.2939804
102 47.5445936 8.7098386
103 47.3383512 8.6666769
104 47.3979626 8.5011067
105 47.2421291 8.4938284
106 47.421969 8.630874
107 47.4706463 8.6220177
108 47.2238777 8.6716285
109 47.4523543 8.3239807
110 47.4425405 8.3870557
111 47.4608055 8.5228448
112 47.3965122 8.4954474
113 47.3476849 8.7098546
114 47.3870741 8.693128
115 47.4289853 8.4720185
116 47.2696559 8.720074
117 47.2468359 8.4829755
118 47.3440812 8.71642
119 47.4581508 8.4070304
120 47.4294951 8.465746
121 47.3359238 8.7683512
122 47.3512227 8.2853531
123 47.4297655 8.5490942
124 47.315783 8.5472432
125 47.3630448 8.6165761
126 47.3693351 8.5722027
127 47.4120469 8.6407427
128 47.3169175 8.4717147
129 47.2511724 8.5328327
130 47.3157679 8.590367
131 47.3439406 8.5288487
132 47.2866729 8.537313
133 47.4034794 8.6800202
134 47.2791594 8.5795727
135 47.2598653 8.3785027
136 47.3801444 8.4215391
137 47.5012572 8.777456
138 47.2576238 8.3720028
139 47.499459 8.4117926
140 47.3142846 8.461871
141 47.3990208 8.4481473
142 47.3974665 8.5534584
143 47.4265424 8.7717451
144 47.4582585 8.2784898
145 47.4670874 8.3295268
146 47.5005401 8.3506991
147 47.3584065 8.3400129
148 47.3786125 8.4997343
149 47.2732533 8.6747307
150 47.5389533 8.7870764
151 47.3073496 8.7175063
152 47.2619709 8.7962723
153 47.322655 8.4722168
154 47.5199419 8.5340208
155 47.4651288 8.4974834
156 47.404973 8.3833714
157 47.4351449 8.5652333
158 47.3944721 8.5266539
159 47.2925641 8.6035383
160 47.3827233 8.5414864
161 47.3114225 8.4709687
162 47.4142433 8.4494231
163 47.1994728 8.7797843
164 47.5314357 8.728543
165 47.5305883 8.5714078
166 47.4090384 8.6016534
167 47.2064363 8.7064052
168 47.5398505 8.4833112
169 47.4962997 8.7046031
170 47.2724647 8.5526139
171 47.2511645 8.4885008
172 47.3708999 8.548288
173 47.2727846 8.2771585
174 47.3475935 8.6156777
175 47.2828062 8.707012
176 47.3040158 8.3997068
177 47.3077335 8.7243409
178 47.3618271 8.5211142
179 47.5252373 8.7807214
180 47.2185461 8.4135396
181 47.3820711 8.5443275
182 47.3929964 8.3453338
183 47.3058649 8.5576222
184 47.4343672 8.3499915
185 47.4497139 8.5825562
186 47.3377531 8.4576799
187 47.3116374 8.3266206
188 47.5055562 8.7711369
189 47.2636218 8.7640695
190 47.2889146 8.4299887
191 47.3611308 8.7923696
192 47.4903039 8.5484051
193 47.4614352 8.340316
194 47.5530868 8.7988423
195 47.3200617 8.7591841
196 47.3164065 8.412692
197 47.2646583 8.7621101
198 47.5289164 8.5865157
199 47.2187113 8.6417801
200 47.2345258 8.6485151
EDGE_WEIGHT_SECTION:
0 844 903 1310 1493 1469 1448 1142 1648 2096 1614 859 1704 1476 2003 811 588 1103 1174 1055 2202 1152 1822 697 747 868 560 2041 1828 2409 1352 1670 1855 88 1435 1740 706 1332 1602 1366 708 1628 710 1828 629 1771 527 1428 1166 990 1902 1529 1535 2280 1683 658 1611 856 1207 762 1268 2425 3039 2398 1315 1268 2148 1368 1138 1949 882 907 1292 2149 1529 2378 1039 898 1564 1395 502 880 1704 2156 1253 1007 362 1637 1779 1604 499 2235 1123 1732 1310 530 1523 814 1926 1881 1827 866 1007 1197 2139 628 858 2096 1574 1529 1051 1260 540 376 1089 1143 2152 586 1382 1111 623 2135 833 1585 925 1184 602 1708 2164 1405 1388 1774 356 1739 2158 1406 899 2207 1629 1700 1396 1008 304 1743 1645 2035 1935 1198 1295 961 918 1220 1742 1232 1184 1538 838 988 1456 967 1762 1204 2551 862 1320 670 2108 1513 622 1880 2168 1066 2755 973 1127 1953 893 1237 931 2328 1023 1904 1615 1595 927 1535 2232 907 1240 1972 533 1113 1602 1087 796 1808 1217 1242 1909 1888
844 0 1152 1559 1742 1718 1110 1631 1897 2345 1863 1108 1953 1726 2252 1060 1234 1352 1423 371 2452 1299 2071 829 1156 176 1302 2291 2077 2659 1601 1919 2104 756 1043 1989 1044 1034 1851 1611 1355 1877 1357 2077 804 2020 1173 832 1408 1240 2151 1778 1784 2529 1932 1266 1860 480 1457 1408 970 2674 3289 2647 1202 1517 2397 1618 1388 2198 1533 1156 887 2398 1778 2628 680 1147 1193 1003 673 1129 1953 2405 1502 1256 886 1886 2028 1853 636 2484 1372 1981 1560 660 1772 1059 2176 2130 2076 1512 828 1447 2388 864 1330 2345 1824 1778 1301 1509 545 602 1338 549 2402 519 1631 1360 221 2384 1083 1826 1056 1393 775 1957 2413 1035 1633 2023 775 1988 2407 1655 1610 2456 1878 1949 1645 1257 983 1992 1894 2284 2184 1447 831 1607 498 457 1991 1482 1433 1787 1087 1238 1086 1216 2011 1454 2800 1509 1781 915 2357 1762 1269 2129 2417 1309 3004 988 602 2202 460 1486 1577 2578 1272 2153 1864 1845 1176 1784 2481 1630 557 2221 592 1362 1851 1734 291 2058 534 1821 2158 2137
903 1152 0 674 804 811 914 834 1026 1474 925 165 1015 787 1313 186 828 252 540 1363 1513 461 1132 665 695 1176 1337 1383 1139 1720 730 1048 1233 834 1222 1118 582 902 980 677 949 1006 951 1139 567 1082 767 1724 477 357 1280 907 845 1615 961 842 924 1165 585 1002 954 1736 2350 1709 672 719 1459 746 516 1260 1127 190 1524 1527 907 1705 1153 240 1004 1316 672 111 1082 1467 619 314 735 1015 1073 915 632 1613 486 1043 677 706 834 338 1304 1259 1205 1106 947 475 1450 475 631 1407 952 900 418 538 858 678 453 1444 1463 894 760 474 931 1513 176 896 823 549 450 1019 1475 949 699 1085 692 1050 1469 784 1204 1518 1007 1010 713 297 1103 1121 1023 1413 1313 476 1539 1201 1226 1528 1053 684 551 916 242 261 1189 270 1072 582 1862 1103 984 337 1419 965 863 1191 1479 377 2081 871 1408 1289 1201 547 1171 1639 306 1282 926 973 375 846 1610 1224 1548 1283 1091 565 980 1328 1104 1170 1525 1023 1220 1199
1310 1559 674 0 1252 830 1434 1217 698 1291 1373 831 1463 1235 1481 783 1235 537 695 1770 1681 982 1581 1090 1114 1583 1745 1458 1587 1902 596 997 1271 1241 1742 859 1036 1423 652 1161 1356 1044 1358 1587 991 1239 1174 2144 962 614 1318 855 1293 1696 1134 1227 1027 1572 568 1409 1475 2184 2518 2157 1193 920 1907 417 345 1418 1534 661 1973 1565 945 1795 1585 673 1525 1836 1079 700 719 1635 476 814 1143 1053 1257 1363 1039 1651 274 1491 572 1113 1282 867 1045 929 941 1513 1372 608 1617 882 1013 1855 698 313 638 582 1265 1085 240 1858 1631 1301 249 200 1338 1551 544 1346 1288 1080 857 1177 1768 1469 1183 1533 1099 1498 1637 822 1611 1685 677 1168 756 851 1510 861 660 1083 1351 776 1977 1608 1633 1935 1220 889 507 855 629 701 1709 787 1230 565 2310 1510 1217 761 1867 835 1270 1639 1646 896 2171 1337 1842 1369 1608 996 1578 1807 811 1187 1374 626 762 982 1648 1631 1955 1441 1498 947 617 1735 1511 1225 1932 1304 1668 1647
1493 1742 804 1252 0 889 983 1490 1341 1354 295 883 238 238 1005 788 1418 901 1282 1593 939 581 608 1182 1340 1766 1927 1077 614 1041 1184 1197 990 1424 1291 1432 1227 971 1294 287 1538 763 1541 614 1174 773 1357 1859 419 1098 1037 1055 188 1306 830 1483 789 1584 979 1592 1023 1211 2042 1185 741 1376 934 1418 1197 845 1717 696 1594 1284 643 1397 1295 999 1073 1384 1261 748 1396 1061 1314 578 1325 983 688 380 1221 1370 1088 267 1419 1296 299 1011 1588 1930 1520 1696 1311 771 775 1065 1287 883 1267 1221 1160 724 1448 1268 1054 1583 789 1484 1416 1052 1521 1270 942 242 1013 778 1040 670 698 1018 278 308 1282 516 1161 816 1794 1209 1678 702 880 800 1693 1435 1337 1747 1070 554 1658 1791 1551 1815 708 1341 1292 1064 946 659 1257 541 702 992 1337 1692 1640 974 894 1621 1452 426 779 533 1773 1004 1541 980 1556 354 1761 1268 582 1203 349 1288 1035 537 1367 1814 1743 975 1681 1221 1294 1917 1694 875 1720 1680 696 675
1469 1718 811 830 889 0 1153 1375 795 1243 1010 917 1100 872 1132 828 1394 752 1044 1763 1332 751 1218 1249 1273 1742 1903 1081 1224 1552 542 692 922 1400 1460 978 1195 1141 749 798 1515 695 1517 1224 1150 890 1333 2029 599 860 969 551 931 1347 614 1386 507 1730 276 1568 1193 1821 2169 1794 911 1261 1544 943 713 1069 1693 658 1764 1216 524 1445 1465 832 1243 1554 1238 761 941 1285 830 658 1301 687 756 1000 1198 1302 666 1128 1002 1272 919 1005 1164 1456 1065 1672 1476 490 1268 1041 1172 1492 812 761 921 443 1424 1244 632 1752 1282 1460 933 630 1497 1202 703 983 1178 943 1016 827 1370 1188 820 1170 1258 1135 1288 400 1770 1336 1204 819 192 860 1669 980 883 1292 1002 369 1828 1767 1721 1984 830 1226 860 560 788 615 1427 691 881 284 1947 1669 1525 920 1504 1362 1429 1276 1297 691 1821 1174 1711 983 1726 619 1737 1458 731 954 1011 742 921 633 1299 1790 1913 1092 1657 1106 839 1893 1670 839 1890 1565 1305 1284
1448 1110 914 1434 983 1153 0 1602 1600 1842 1049 995 1194 966 1492 899 1530 1013 1393 867 1692 496 1311 751 1452 1173 1934 1565 1318 1899 1443 1631 1478 1360 384 1692 1339 118 1554 766 1650 1251 1652 1318 1143 1261 1469 1064 564 1210 1525 1490 979 1794 1234 1594 1198 858 1230 1704 244 1915 2529 1888 304 1487 1637 1545 1315 1439 1829 807 687 1772 1131 1884 568 1111 167 478 946 858 1656 1646 1431 712 1282 1470 1268 1094 1113 1858 1247 1222 1530 920 1013 1123 1878 2057 1779 1808 714 1035 1629 1177 1399 1586 1526 1480 1271 988 972 1097 1213 856 1642 896 1558 1235 1161 1758 1053 978 689 621 1152 1198 1654 76 788 1264 1170 1229 1648 1304 1905 1696 1805 1189 1144 864 1627 1694 1597 2006 1558 818 751 1903 815 1088 1232 1452 1404 1497 1058 824 351 651 1251 1238 2041 1804 1752 1061 1598 1733 1564 1369 1658 539 2260 480 815 1468 829 697 1873 1818 675 1691 1070 1547 1147 1025 1855 1926 1017 1462 1393 1333 1554 2029 1045 1363 994 1791 1399 1378
1142 1631 834 1217 1490 1375 1602 0 1555 2003 1612 879 1701 1474 1972 856 776 1042 750 1842 2171 1149 1819 1162 732 1655 1243 1948 1825 2392 1259 1577 1761 1073 1910 1647 700 1590 1509 1364 674 1535 890 1826 1064 1730 749 2216 1164 873 1809 1436 1532 2186 1624 606 1517 1644 1114 657 1642 2423 3008 2396 1360 421 2145 879 1045 1908 973 904 2045 2055 1436 2285 1657 704 1692 2004 1151 878 1610 2125 945 1005 943 1543 1747 1602 1111 2141 1029 1730 861 1186 1521 833 1833 1378 1734 675 1444 1195 2108 892 425 2094 1481 1435 778 1257 1337 1157 996 1931 2121 1374 1289 1017 1411 2042 735 1583 1361 1257 929 1667 2162 1637 1385 1772 1099 1737 2127 1313 1049 2176 1126 1659 1302 1005 1342 1649 1552 1532 1842 1196 2049 856 1705 2007 1711 444 876 1444 634 986 1877 965 1721 1111 2548 758 188 833 2106 769 724 1877 2137 1064 2661 1409 1914 1859 1680 1234 826 2297 1020 1810 1613 1502 545 1472 2139 1058 2027 1931 1532 501 1508 983 1583 1715 2005 197 1907 1886
1648 1897 1026 698 1341 795 1600 1555 0 850 1384 1177 1474 1246 1387 1122 1574 935 1223 2108 1587 1190 1591 1428 1453 1921 2083 1363 1597 1807 586 683 1100 1579 1908 515 1374 1588 46 1262 1694 950 1696 1598 1330 1145 1513 2468 1077 1040 1149 541 1304 1602 1040 1565 933 1910 681 1748 1640 2195 2424 2168 1358 1440 1917 1055 893 1324 1873 978 2211 1361 851 1700 1904 1011 1690 2002 1417 1071 517 1541 1009 990 1481 808 1163 1374 1377 1533 877 1502 1181 1452 1293 1205 701 994 597 1851 1710 845 1523 1221 1352 1866 222 451 1101 790 1603 1423 843 2185 1537 1640 634 814 1677 1367 883 1357 1614 1368 1195 1082 1674 1635 1270 1544 1438 1509 1543 726 1949 1591 1086 1074 687 1181 1848 517 399 775 1181 923 2275 1946 1971 2273 1126 1405 1039 515 967 936 1875 1038 1136 678 2321 1848 1705 1099 1878 1473 1608 1649 1552 1126 2077 1613 2150 1275 1946 1110 1917 1713 1096 679 1385 72 1100 888 1517 1970 2294 1347 1836 1286 482 2073 1850 1130 2271 1744 1679 1658
2096 2345 1474 1291 1354 1243 1842 2003 850 0 1396 1625 1485 1258 1227 1569 2021 1382 1671 2452 1598 1441 1603 1876 1900 2369 2531 951 1609 1819 1045 885 502 2027 2150 506 1822 1830 804 1280 2142 591 2144 1609 1777 1157 1960 2718 1278 1487 445 780 1316 1050 1100 2013 1007 2358 1128 2195 1882 2206 1958 2180 1600 1888 1929 1468 1341 1300 2320 1426 2453 561 863 1149 2154 1459 1932 2244 1865 1518 881 1552 1457 1435 1929 623 1174 1385 1825 838 1325 1514 1592 1899 1304 1653 388 1237 791 2299 2158 1293 1535 1668 1799 1878 732 1047 1549 1238 2051 1871 1291 2442 1549 2087 1048 1310 2124 566 1330 1368 1872 1637 1643 1094 1686 1877 1282 1555 1885 1521 1164 1015 2397 1186 1329 1086 1134 1628 2296 508 764 1018 533 1352 2517 2394 2408 2674 1138 1853 1487 962 1415 1384 2117 1401 1148 1125 2332 2296 2153 1547 1889 1887 2056 1661 1564 1393 1449 1863 2400 899 2394 1212 2365 1541 1441 403 1397 797 1548 900 821 2417 2603 1231 2284 1733 846 2521 2297 959 2580 2192 1691 1670
1614 1863 925 1373 295 1010 1049 1612 1384 1396 0 1004 387 154 1046 909 1539 1022 1403 1660 1088 648 513 1249 1461 1887 2049 1118 519 1109 1227 1238 1031 1545 1357 1476 1348 1038 1338 371 1660 804 1662 519 1295 814 1478 1926 493 1220 1078 1096 125 1347 915 1604 830 1651 1077 1714 1089 1116 2083 1089 807 1497 839 1536 1306 984 1839 817 1660 1325 684 1438 1361 1121 1140 1451 1383 869 1439 1199 1423 700 1447 1024 816 270 1343 1411 1209 416 1540 1407 190 1133 1629 2009 1563 1817 1378 893 924 1186 1408 787 1310 1264 1281 845 1569 1389 1176 1649 939 1606 1459 1174 1642 1311 1063 71 1080 844 1161 751 848 1084 396 458 1403 371 1202 857 1915 1250 1797 743 1002 921 1814 1478 1381 1790 1111 675 1724 1912 1618 1881 785 1462 1413 1105 1068 780 1324 663 805 1085 1242 1814 1762 1095 799 1743 1574 537 928 600 1814 1070 1608 1021 1622 473 1883 1372 703 1244 116 1331 1157 578 1408 1935 1810 1016 1802 1343 1337 2039 1815 916 1787 1801 600 579
859 1108 165 831 883 917 995 879 1177 1625 1004 0 1094 867 1393 154 784 411 655 1319 1593 542 1212 587 592 1132 1294 1466 1218 1800 881 1199 1357 790 1303 1269 480 983 1131 756 905 1130 907 1218 488 1161 723 1659 556 461 1404 1058 925 1694 1067 741 1031 1121 736 958 1035 1815 2430 1789 753 764 1538 897 667 1340 1083 291 1470 1651 1032 1785 1082 281 1085 1396 628 217 1233 1547 734 397 692 1166 1169 994 588 1737 644 1123 792 662 913 235 1455 1410 1356 1062 869 582 1529 428 676 1487 1103 1054 533 644 814 634 610 1405 1543 850 911 632 887 1637 331 976 785 643 406 1098 1554 1030 778 1164 648 1130 1549 935 1160 1597 1158 1090 820 392 1059 1271 1174 1564 1437 583 1473 1157 1149 1484 1133 729 666 1067 302 373 1270 358 1152 733 1941 1059 1029 235 1498 1010 819 1270 1558 457 2161 834 1357 1368 1157 627 1128 1719 407 1433 1006 1124 424 925 1734 1180 1504 1363 1047 610 1131 1284 1060 1264 1481 1068 1300 1279
1704 1953 1015 1463 238 1100 1194 1701 1474 1485 387 1094 0 327 1022 999 1629 1112 1493 1804 747 792 686 1393 1551 1977 2138 1039 692 898 1317 1327 1121 1635 1501 1565 1438 1182 1427 470 1750 894 1752 692 1385 735 1568 2070 630 1310 1168 1186 316 1328 702 1694 852 1795 1167 1803 1234 1289 2007 1262 952 1587 1006 1626 1396 716 1928 907 1805 1415 774 1418 1506 1211 1284 1595 1472 959 1529 869 1512 789 1536 1114 560 253 1432 1472 1299 37 1630 1507 296 1222 1719 2099 1653 1907 1522 982 583 1276 1498 960 1400 1354 1371 935 1659 1479 1265 1794 598 1695 1548 1263 1732 1401 1153 369 1224 989 1251 541 507 1229 472 70 1493 428 1178 947 2005 1226 1886 630 1091 1011 1904 1568 1470 1880 1201 765 1869 2002 1762 2026 594 1552 1503 1195 1157 870 1468 752 574 1175 1415 1904 1851 1185 972 1832 1664 283 587 744 1794 1215 1752 942 1767 563 1972 1076 793 1334 402 1421 1246 668 1469 2025 1954 878 1892 1432 1427 2128 1905 878 1931 1891 773 752
1476 1726 787 1235 238 872 966 1474 1246 1258 154 867 327 0 908 772 1402 885 1265 1576 1029 565 372 1166 1324 1750 1911 981 378 968 1089 1100 893 1408 1274 1338 1211 955 1200 263 1522 667 1524 378 1158 676 1341 1842 402 1082 941 959 208 1210 777 1466 693 1568 939 1576 1006 975 1945 948 724 1359 698 1399 1169 855 1701 680 1577 1187 547 1300 1278 983 1057 1368 1245 732 1302 1062 1285 562 1309 886 684 144 1205 1273 1072 342 1402 1280 63 995 1491 1871 1425 1680 1295 755 867 1049 1271 646 1172 1126 1143 707 1431 1251 1038 1566 882 1468 1321 1036 1505 1173 925 155 996 761 1024 614 791 1001 265 375 1266 279 1064 720 1777 1112 1659 605 864 783 1676 1340 1243 1652 974 538 1641 1775 1535 1798 648 1324 1276 968 930 643 1241 525 667 948 1101 1676 1624 958 658 1605 1436 420 871 517 1676 987 1525 883 1539 336 1745 1234 566 1107 155 1193 1019 441 1271 1798 1727 878 1665 1205 1200 1901 1678 779 1704 1663 459 438
2003 2252 1313 1481 1005 1132 1492 1972 1387 1227 1046 1393 1022 908 0 1298 1928 1351 1640 2103 549 1091 1253 1692 1850 2276 2437 322 1260 770 1230 1241 753 1934 1800 1479 1737 1481 1341 930 2048 721 2051 1260 1684 523 1867 2369 928 1456 841 1100 966 456 893 1974 809 2094 1080 2102 1533 1857 1037 1830 1251 1857 1338 1540 1310 399 2227 1206 2103 1087 666 540 1804 1428 1583 1894 1771 1258 1443 371 1426 1088 1835 941 765 1036 1731 732 1294 1020 1598 1806 955 1521 1512 2012 1566 2206 1821 1268 486 1575 1768 1528 1313 1267 1518 1213 1958 1777 1260 2092 500 1994 1462 1282 2031 1074 1299 1019 1523 1287 1550 693 757 1527 932 1088 1792 1171 156 860 2303 204 1800 644 1023 1310 2202 1481 1384 1793 933 1064 2167 2301 2061 2324 728 1822 1456 1108 1384 1169 1767 1051 747 1089 1983 2202 2122 1468 1540 1958 1962 1305 515 1043 915 1514 2051 373 2065 862 2271 364 1092 1161 1047 1334 1517 522 730 2324 2253 368 2191 1702 1341 2427 2204 556 2230 2161 1317 1320
811 1060 186 783 788 828 899 856 1122 1569 909 154 999 772 1298 0 737 392 647 1271 1498 447 1117 484 621 1084 1246 1370 1123 1705 826 1144 1283 742 1207 1213 508 888 1075 661 857 1056 859 1123 440 1066 676 1556 461 464 1330 1003 830 1599 978 770 941 1073 681 911 940 1720 2335 1693 658 741 1443 842 612 1244 1036 202 1367 1577 936 1690 979 311 990 1301 580 166 1177 1451 726 302 644 1110 1074 899 540 1663 596 1027 784 615 818 264 1400 1354 1301 1015 766 493 1434 380 652 1391 1048 1002 525 555 766 586 562 1305 1448 803 856 584 840 1563 307 880 683 553 359 1003 1459 935 683 1069 601 1034 1453 879 1112 1502 1102 995 730 301 1011 1216 1118 1508 1363 493 1371 1109 1047 1436 1037 706 657 1011 311 284 1174 262 1057 678 1846 1011 1006 187 1403 986 771 1175 1463 361 2066 731 1255 1273 1107 532 1080 1624 318 1377 910 1069 401 830 1660 1133 1457 1267 1000 586 1075 1236 1013 1168 1434 1045 1204 1183
588 1234 828 1235 1418 1394 1530 776 1574 2021 1539 784 1629 1402 1928 737 0 1029 1099 1445 2128 1077 1747 934 653 1258 619 1967 1753 2335 1278 1596 1780 519 1819 1665 688 1517 1527 1291 203 1553 185 1753 743 1696 68 1819 1091 916 1828 1454 1460 2205 1608 427 1536 1247 1133 387 1476 2350 2965 2323 1288 1151 2073 1294 1064 1875 368 832 1682 2074 1454 2304 1425 823 1620 1785 749 806 1629 2081 1178 932 420 1562 1704 1529 714 2160 1048 1658 1236 783 1448 740 1852 1806 1753 491 1216 1123 2064 554 733 2022 1500 1454 977 1185 940 716 1014 1534 2078 977 1307 1036 1014 2060 759 1511 1133 1110 532 1633 2089 1565 1313 1699 576 1665 2084 1331 444 2132 1554 1625 1321 933 788 1668 1570 1960 1860 1124 1685 595 1308 1610 1668 1153 1109 1463 763 914 1768 893 1687 1130 2476 408 954 596 2033 1438 132 1805 2093 992 2680 1181 1517 1878 1283 1162 559 2254 948 1829 1540 1521 852 1460 2157 465 1630 1898 978 1038 1527 721 1186 1734 1608 876 1835 1814
1103 1352 252 537 901 752 1013 1042 935 1382 1022 411 1112 885 1351 392 1029 0 704 1550 1551 560 1230 874 933 1376 1538 1328 1236 1772 638 957 1141 1034 1321 1026 827 1001 888 780 1149 914 1151 1236 784 1110 968 1825 580 480 1188 815 943 1566 988 1052 897 1365 493 1203 1053 1833 2388 1806 771 927 1556 647 417 1288 1328 240 1623 1435 815 1665 1261 465 1104 1415 872 279 990 1505 534 398 936 923 1125 1012 832 1521 350 1140 706 907 931 583 1213 1159 1114 1306 1156 353 1487 676 839 1504 861 765 582 390 1058 878 316 1549 1501 1095 661 338 1132 1421 340 995 933 658 650 1047 1572 1048 802 1182 893 1147 1507 692 1404 1555 907 1038 670 430 1303 1029 931 1314 1221 523 1640 1401 1426 1728 1091 892 564 824 448 308 1288 366 1100 491 1959 1303 1192 561 1516 1066 1063 1288 1517 475 2041 970 1507 1239 1401 645 1372 1677 389 1190 1023 882 587 852 1518 1425 1709 1311 1291 773 888 1528 1305 1095 1687 1231 1317 1296
1174 1423 540 695 1282 1044 1393 750 1223 1671 1403 655 1493 1265 1640 647 1099 704 0 1634 1839 941 1611 953 900 1447 1608 1616 1617 2060 927 1245 1430 1105 1701 1311 821 1382 1177 1155 1219 1203 1222 1617 855 1398 1038 2007 955 288 1477 1104 1324 1854 1292 1012 1185 1435 782 1273 1434 2214 2676 2187 1152 460 1937 300 378 1576 1398 696 1837 1724 1104 1953 1449 490 1484 1795 942 652 1176 1793 258 796 1006 1212 1415 1393 902 1810 556 1521 161 977 1312 676 1497 877 1336 1374 1236 890 1776 746 798 1885 1149 948 122 864 1129 948 522 1722 1790 1165 706 520 1202 1710 397 1374 1152 1049 721 1335 1927 1429 1177 1563 963 1528 1795 981 1474 1844 625 1327 970 797 1373 1313 1117 1031 1510 985 1840 1472 1497 1798 1379 472 189 1113 408 771 1668 756 1389 779 2340 1373 706 625 1897 497 1133 1669 1805 855 2329 1201 1706 1528 1471 1026 1442 1966 812 1478 1404 1170 547 1141 1807 1495 1819 1599 1362 369 1074 1598 1375 1383 1796 793 1698 1677
1055 371 1363 1770 1593 1763 867 1842 2108 2452 1660 1319 1804 1576 2103 1271 1445 1550 1634 0 2302 1056 1922 860 1367 469 1534 2175 1928 2509 1812 2130 2088 967 800 2200 1254 790 2062 1376 1566 1861 1568 1928 1015 1871 1384 463 1174 1450 2135 1989 1589 2404 1845 1477 1808 400 1667 1619 726 2525 3139 2498 958 1728 2248 1829 1599 2049 1744 1353 638 2382 1741 2494 436 1358 950 759 884 1340 2164 2256 1713 1258 1097 2081 1879 1704 846 2468 1583 1832 1771 870 1623 1270 2387 2341 2287 1723 656 1583 2239 1075 1541 2196 2034 1989 1512 1597 621 813 1549 300 2253 536 1842 1571 515 2368 1294 1588 817 1149 986 1808 2264 791 1398 1874 985 1839 2258 1866 1821 2307 2089 1800 1754 1407 1216 2203 2105 2495 2168 1428 582 1818 418 254 1842 1693 1644 1998 1298 1370 842 1197 1862 1664 2651 1720 1992 1126 2208 1973 1480 1980 2268 1084 2871 745 347 2078 367 1307 1788 2429 1221 2301 1680 2055 1387 1635 2465 1841 185 2072 888 1573 2062 1944 360 1973 162 2032 2009 1988
2202 2452 1513 1681 939 1332 1692 2171 1587 1598 1088 1593 747 1029 549 1498 2128 1551 1839 2302 0 1291 841 1892 2050 2476 2637 806 847 230 1430 1441 1232 2134 2000 1679 1937 1681 1541 1130 2248 1007 2250 847 1884 669 2067 2568 1128 1656 1281 1299 1016 941 996 2174 1009 2294 1280 2302 1732 1463 1535 1436 1450 2057 814 1739 1509 525 2427 1406 2303 1528 866 1031 2004 1628 1783 2094 1971 1458 1642 278 1626 1288 2035 1227 854 1001 1931 1217 1494 746 1798 2006 1043 1721 1832 2212 1766 2406 2021 1468 174 1775 1968 1038 1513 1467 1717 1413 2157 1977 1460 2292 285 2194 1662 1482 2231 1514 1499 1070 1722 1487 1750 835 393 1727 1132 813 1992 1132 705 1060 2503 753 1999 789 1223 1509 2402 1681 1584 1993 1314 1264 2367 2501 2261 2524 888 2022 1656 1308 1583 1369 1967 1251 868 1288 1589 2402 2321 1667 1146 2158 2162 803 295 1243 1407 1713 2251 858 2265 1062 2471 559 1292 1447 1141 1534 1716 722 1214 2524 2453 656 2391 1902 1540 2627 2404 929 2430 2361 793 907
1152 1299 461 982 581 751 496 1149 1190 1441 648 542 792 565 1091 447 1077 560 941 1056 1291 0 910 657 999 1361 1586 1164 916 1498 1033 1221 1076 1083 804 1282 886 484 1144 364 1197 849 1200 916 815 859 1016 1322 163 757 1124 1080 578 1392 833 1142 796 1047 820 1251 536 1513 2128 1487 254 1035 1236 1092 862 1038 1376 354 1106 1370 730 1483 757 658 586 897 852 405 1246 1245 978 260 984 1069 867 692 880 1456 794 821 1078 826 611 670 1468 1604 1369 1355 786 584 1227 724 946 1185 1116 1071 819 586 1107 926 761 1045 1241 1102 1106 782 1180 1356 601 577 488 262 699 796 1252 531 386 862 941 828 1247 902 1452 1295 1352 788 743 410 1351 1285 1187 1596 1156 416 1136 1450 1014 1277 831 1000 951 1087 605 371 770 198 850 829 1639 1351 1299 633 1196 1280 1111 968 1256 85 1859 466 1004 1066 1018 296 1420 1417 222 1289 668 1137 694 623 1453 1473 1206 1061 1340 880 1144 1576 1234 961 1183 1339 998 977
1822 2071 1132 1581 608 1218 1311 1819 1591 1603 513 1212 686 372 1253 1117 1747 1230 1611 1922 841 910 0 1511 1669 2095 2256 1326 6 766 1434 1445 1239 1753 1619 1683 1556 1300 1545 608 1867 1012 1870 17 1503 1022 1686 2188 747 1427 1286 1304 569 1555 1123 1812 1038 1913 1285 1921 1352 682 2290 655 1070 1705 434 1744 1514 1200 2046 1025 1922 1533 892 1645 1623 1328 1402 1713 1590 1077 1647 1109 1630 907 1654 1232 1029 503 1550 1619 1417 700 1748 1625 422 1340 1836 2216 1770 2025 1640 1100 879 1394 1616 275 1518 1472 1489 1053 1777 1596 1383 1911 990 1813 1666 1381 1850 1519 1271 516 1342 1106 1369 959 868 1346 610 733 1611 498 1409 1065 2122 1458 2004 950 1209 1129 2021 1686 1588 1997 1319 883 1986 2120 1880 2143 993 1669 1621 1313 1275 988 1586 870 1012 1293 808 2021 1969 1303 365 1950 1781 555 988 862 2021 1333 1870 1229 1884 681 2090 1390 911 1452 514 1538 1364 786 1616 2143 2072 1223 2010 1550 1545 2246 2023 1124 2049 2009 153 75
697 829 665 1090 1182 1249 751 1162 1428 1876 1249 587 1393 1166 1692 484 934 874 953 860 1892 657 1511 0 853 853 1183 1765 1517 2099 1132 1450 1635 610 921 1520 740 635 1382 965 1054 1408 1057 1517 421 1460 873 1100 764 770 1682 1309 1179 1993 1430 912 1390 648 987 1108 571 2114 2729 2088 617 1047 1837 1148 918 1639 1233 680 911 1929 1301 2084 523 660 908 967 195 648 1484 1846 1032 780 531 1417 1468 1293 362 2015 902 1422 1090 169 1212 566 1706 1660 1607 1212 310 970 1828 566 959 1786 1354 1308 831 1032 524 346 869 849 1842 567 1162 890 608 1915 613 1178 228 663 475 1397 1853 783 987 1463 420 1429 1848 1186 1310 1896 1408 1389 1175 784 928 1522 1425 1815 1715 971 914 1307 590 1081 1432 1012 964 1318 618 761 862 740 1451 984 2240 1208 1312 401 1797 1293 968 1569 1857 658 2460 276 798 1667 651 897 1277 2018 792 1683 1270 1375 707 1224 2012 1330 1010 1662 768 893 1382 1433 781 1563 987 1351 1599 1578
747 1156 695 1114 1340 1273 1452 732 1453 1900 1461 592 1551 1324 1850 621 653 933 900 1367 2050 999 1669 853 0 1180 1161 1846 1675 2257 1157 1475 1659 671 1736 1544 115 1435 1406 1213 773 1432 775 1675 648 1616 592 1741 1013 754 1707 1333 1382 2084 1520 262 1415 1169 1012 848 1395 2272 2887 2245 1210 834 1995 1103 943 1794 952 754 1604 1953 1333 2183 1346 575 1542 1707 676 728 1508 2003 978 854 462 1441 1624 1451 636 2039 927 1579 1036 711 1370 408 1731 1601 1632 952 1135 1045 1986 349 363 1943 1379 1333 777 1107 862 682 893 1456 2000 899 1187 915 936 1939 632 1432 1051 1045 447 1553 2011 1487 1235 1621 617 1586 2006 1210 1028 2054 1349 1545 1200 855 957 1547 1449 1756 1739 1045 1607 1047 1230 1532 1587 798 910 1342 523 836 1686 815 1607 1009 2398 949 882 488 1955 1079 687 1727 2015 913 2559 1100 1440 1757 1205 1084 1017 2176 870 1708 1462 1400 376 1370 2036 1049 1553 1817 1095 659 1406 1173 1109 1613 1530 922 1756 1735
868 176 1176 1583 1766 1742 1173 1655 1921 2369 1887 1132 1977 1750 2276 1084 1258 1376 1447 469 2476 1361 2095 853 1180 0 1326 2315 2101 2683 1625 1943 2128 780 1106 2013 1067 1096 1875 1639 1379 1901 1381 2101 828 2044 1197 897 1439 1263 2175 1802 1808 2553 1956 1290 1884 581 1481 1432 1032 2698 3313 2671 1264 1541 2421 1642 1412 2222 1557 1180 950 2422 1802 2652 742 1171 1256 1065 697 1153 1977 2429 1526 1280 910 1910 2052 1877 659 2508 1396 2005 1584 684 1796 1083 2200 2154 2100 1536 929 1471 2412 888 1354 2369 1848 1802 1325 1533 569 626 1362 612 2426 549 1655 1384 245 2408 1107 1858 1081 1451 799 1981 2437 1097 1661 2047 798 2012 2431 1679 1634 2480 1902 1973 1669 1281 1007 2016 1918 2308 2208 1471 894 1631 599 514 2015 1506 1457 1811 1111 1262 1148 1240 2035 1477 2824 1533 1805 939 2381 1786 1293 2153 2441 1339 3028 1051 664 2226 560 1510 1601 2602 1296 2177 1888 1868 1200 1808 2505 1654 644 2245 616 1386 1875 1758 363 2082 621 1845 2182 2161
560 1302 1337 1745 1927 1903 1934 1243 2083 2531 2049 1294 2138 1911 2437 1246 619 1538 1608 1534 2637 1586 2256 1183 1161 1326 0 2476 2262 2844 1787 2105 2289 574 1900 2175 1164 1818 2036 1800 569 2063 458 2262 1115 2205 627 1908 1601 1425 2337 1964 1969 2714 2117 983 2045 1322 1642 720 1754 2859 3474 2833 1787 1619 2582 1803 1573 2384 459 1341 1757 2583 1963 2813 1504 1333 2029 1860 988 1315 2138 2591 1687 1442 831 2071 2213 2038 985 2669 1557 2167 1745 1016 1957 1249 2361 2315 2262 824 1493 1632 2573 1063 1270 2531 2009 1963 1486 1694 1026 863 1524 1622 2587 1051 1817 1545 1091 2569 1268 2020 1411 1619 1042 2142 2599 1870 1822 2208 842 2174 2593 1840 475 2641 2063 2134 1830 1442 390 2177 2080 2470 2370 1633 1760 748 1386 1679 2177 1642 1618 1972 1273 1423 1921 1402 2196 1639 2985 741 1421 1105 2543 1941 626 2314 2602 1501 3189 1459 1596 2387 1362 1671 664 2763 1457 2338 2050 2030 1362 1970 2667 483 1719 2407 899 1548 2036 874 1275 2243 1696 1343 2344 2323
2041 2291 1383 1458 1077 1081 1565 1948 1363 951 1118 1466 1039 981 322 1370 1967 1328 1616 2175 806 1164 1326 1765 1846 2315 2476 0 1332 1027 1207 1024 477 1973 1873 1343 1765 1553 1317 1003 2087 445 2089 1332 1723 375 1906 2441 1001 1433 640 919 1039 531 819 1958 743 2167 1057 2141 1605 1929 1358 1903 1323 1833 1594 1516 1286 471 2266 1278 2176 887 576 622 1877 1405 1655 1967 1810 1330 1419 693 1402 1161 1874 665 690 1108 1770 532 1270 1068 1574 1845 1027 1558 1236 1988 1542 2245 1893 1245 743 1614 1745 1601 1290 1244 1494 1190 1996 1816 1237 2165 756 2033 1438 1258 2070 873 1276 1091 1595 1360 1589 501 946 1600 1005 1109 1831 1244 477 824 2342 526 1776 449 999 1382 2241 1345 1360 1770 675 1099 2240 2340 2134 2397 549 1798 1433 1085 1360 1242 1840 1124 555 1065 2055 2241 2098 1484 1612 1935 2001 1322 772 1116 998 1586 2123 97 2138 935 2310 685 1164 885 1120 1311 1493 564 529 2363 2326 326 2230 1679 1317 2466 2243 280 2303 2137 1414 1393
1828 2077 1139 1587 614 1224 1318 1825 1597 1609 519 1218 692 378 1260 1123 1753 1236 1617 1928 847 916 6 1517 1675 2101 2262 1332 0 772 1441 1451 1245 1759 1625 1689 1562 1306 1551 614 1873 1018 1876 23 1509 1028 1692 2194 754 1434 1292 1310 576 1561 1129 1818 1044 1919 1291 1927 1358 688 2296 661 1076 1711 440 1750 1520 1206 2052 1031 1929 1539 898 1651 1629 1334 1408 1719 1596 1083 1653 1115 1636 913 1660 1238 1035 509 1556 1625 1423 706 1754 1631 428 1346 1842 2222 1777 2031 1646 1106 885 1400 1622 271 1524 1478 1495 1059 1783 1603 1389 1917 996 1819 1672 1387 1856 1525 1277 522 1348 1113 1375 965 874 1353 617 740 1617 504 1415 1071 2129 1464 2010 957 1215 1135 2028 1692 1594 2004 1325 889 1993 2126 1886 2149 999 1676 1627 1319 1281 994 1592 876 1019 1299 814 2027 1975 1309 371 1956 1788 562 994 868 2028 1339 1876 1235 1890 687 2096 1396 917 1458 520 1545 1370 792 1622 2149 2078 1229 2016 1556 1551 2252 2029 1130 2055 2015 159 79
2409 2659 1720 1902 1041 1552 1899 2392 1807 1819 1109 1800 898 968 770 1705 2335 1772 2060 2509 230 1498 766 2099 2257 2683 2844 1027 772 0 1650 1661 1453 2341 2207 1899 2144 1888 1761 1205 2455 1228 2457 772 2091 890 2274 2775 1335 1877 1502 1520 1126 1161 1165 2395 1230 2501 1501 2509 1939 1388 1755 1361 1657 2277 739 1960 1730 746 2634 1613 2510 1749 1087 1252 2211 1849 1990 2301 2178 1665 1863 499 1846 1495 2242 1448 1023 960 2138 1438 1714 911 2018 2213 1003 1928 2052 2432 1986 2613 2228 1682 394 1982 2189 963 1734 1688 1938 1633 2364 2184 1681 2499 506 2401 1882 1702 2438 1735 1720 1112 1929 1694 1957 1005 546 1934 1207 945 2199 1057 926 1281 2710 974 2220 1010 1443 1716 2609 1902 1804 2213 1535 1471 2574 2708 2468 2731 1057 2242 1877 1529 1804 1576 2174 1458 1037 1509 1514 2609 2542 1888 1071 2379 2369 729 515 1450 1628 1920 2458 1079 2472 1269 2678 777 1499 1668 1106 1754 1937 943 1435 2731 2660 876 2598 2123 1761 2834 2611 1150 2637 2581 718 833
1352 1601 730 596 1184 542 1443 1259 586 1045 1227 881 1317 1089 1230 826 1278 638 927 1812 1430 1033 1434 1132 1157 1625 1787 1207 1441 1650 0 596 994 1283 1751 702 1078 1431 540 1105 1398 793 1400 1441 1034 988 1217 2186 920 744 1042 455 1147 1445 883 1269 776 1614 292 1452 1483 2038 2267 2011 1201 1144 1761 827 597 1167 1577 762 2015 1288 694 1543 1627 715 1534 1845 1121 802 638 1384 713 833 1185 702 1006 1217 1081 1400 511 1345 885 1156 1136 909 889 1236 790 1555 1414 625 1366 925 1055 1709 537 284 805 599 1307 1127 477 1901 1380 1344 546 475 1381 1274 587 1200 1331 1181 899 925 1517 1478 1113 1387 1142 1352 1386 554 1653 1434 1087 917 433 947 1552 705 580 1017 1074 765 2019 1650 1675 1977 969 1109 743 464 671 779 1718 875 979 289 2164 1552 1409 803 1721 1245 1312 1493 1395 969 1920 1379 1884 1118 1650 953 1621 1556 912 874 1228 514 804 731 1396 1674 1997 1190 1540 990 536 1777 1553 974 1975 1448 1522 1501
1670 1919 1048 997 1197 692 1631 1577 683 885 1238 1199 1327 1100 1241 1144 1596 957 1245 2130 1441 1221 1445 1450 1475 1943 2105 1024 1451 1661 596 0 680 1601 1939 938 1396 1619 636 1122 1716 581 1718 1451 1352 999 1535 2496 1099 1062 727 141 1158 1262 892 1587 787 1932 614 1770 1671 2048 2169 2022 1389 1462 1771 1145 915 1178 1895 1010 2242 974 692 1360 1935 1033 1722 2033 1439 1098 902 1394 1031 1021 1503 436 1017 1227 1399 1122 833 1356 1203 1474 1147 1227 1030 1472 1026 1874 1732 876 1377 1243 1374 1720 773 711 1123 821 1625 1445 799 2213 1391 1662 921 797 1699 960 905 1210 1642 1399 1218 936 1528 1666 1124 1397 1460 1363 1373 560 1971 1397 1405 928 583 1212 1870 941 843 1253 760 938 2306 1968 1993 2295 980 1427 1061 379 989 967 1906 1069 990 611 2174 1870 1727 1121 1732 1563 1630 1503 1406 1157 1732 1644 2181 972 1968 1054 1939 1567 1127 559 1239 630 1122 742 1105 1992 2316 1201 1859 1308 800 2095 1872 984 2293 1766 1533 1512
1855 2104 1233 1271 990 922 1478 1761 1100 502 1031 1357 1121 893 753 1283 1780 1141 1430 2088 1232 1076 1239 1635 1659 2128 2289 477 1245 1453 994 680 0 1786 1785 905 1581 1466 1054 915 1901 227 1903 1245 1536 702 1719 2354 914 1246 193 575 952 702 736 1772 642 2079 870 1954 1518 1842 1609 1815 1236 1647 1565 1329 1099 825 2079 1172 2089 440 499 801 1790 1218 1568 1879 1624 1243 1233 1124 1216 1073 1687 323 810 1021 1584 538 1084 1149 1388 1658 940 1412 787 1636 1190 2058 1806 1058 1149 1427 1558 1513 1070 1057 1307 1003 1810 1630 1050 2078 1161 1846 1252 1072 1883 426 1089 1004 1508 1273 1402 730 1300 1513 917 1191 1644 1156 815 650 2156 838 1590 721 813 1295 2055 907 1163 1417 226 988 2153 2153 2046 2310 774 1612 1246 797 1174 1135 1752 1036 783 879 1968 2055 1911 1306 1525 1748 1815 1297 1134 1028 1140 1499 2036 424 2051 847 2123 1117 1077 516 1032 1047 1307 535 521 2176 2238 757 2043 1492 1130 2279 2056 484 2215 1951 1326 1305
88 756 834 1241 1424 1400 1360 1073 1579 2027 1545 790 1635 1408 1934 742 519 1034 1105 967 2134 1083 1753 610 671 780 574 1973 1759 2341 1283 1601 1786 0 1348 1671 631 1245 1533 1297 639 1559 642 1759 542 1702 458 1341 1097 922 1833 1460 1466 2211 1614 589 1542 769 1139 693 1181 2356 2971 2329 1227 1199 2079 1300 1070 1880 818 838 1204 2080 1460 2310 951 829 1476 1307 414 812 1635 2087 1184 938 286 1568 1710 1535 412 2166 1054 1663 1242 442 1454 746 1858 1812 1758 797 919 1129 2070 559 783 2027 1506 1460 983 1191 453 289 1020 1056 2084 499 1313 1042 536 2066 765 1516 837 1116 523 1639 2095 1317 1319 1705 268 1670 2090 1337 895 2138 1560 1631 1327 939 318 1674 1576 1966 1866 1129 1207 892 830 1132 1673 1164 1115 1469 769 920 1368 899 1693 1136 2482 793 1251 601 2039 1444 554 1811 2099 997 2686 886 1040 1884 805 1168 862 2260 954 1835 1546 1527 858 1466 2163 915 1153 1903 477 1044 1533 1018 709 1740 1130 1173 1840 1819
1435 1043 1222 1742 1291 1460 384 1910 1908 2150 1357 1303 1501 1274 1800 1207 1819 1321 1701 800 2000 804 1619 921 1736 1106 1900 1873 1625 2207 1751 1939 1785 1348 0 2000 1624 492 1862 1074 1939 1559 1941 1626 1314 1568 1758 680 872 1518 1833 1798 1287 2102 1542 1833 1506 792 1538 1993 618 2223 2837 2196 650 1795 1945 1853 1623 1747 2118 1114 303 2079 1439 2192 591 1419 240 94 1116 1166 1963 1954 1739 1020 1452 1778 1576 1402 1227 2165 1555 1530 1838 1091 1321 1414 2186 2365 2087 2097 748 1343 1936 1455 1707 1894 1834 1788 1579 1295 927 1194 1521 562 1950 851 1866 1543 1111 2066 1361 1286 873 982 1365 1506 1962 421 1095 1572 1341 1537 1956 1612 2194 2004 2113 1497 1452 1172 1582 2002 1905 2314 1866 1126 367 2192 751 1017 1540 1760 1712 1805 1366 1131 175 959 1559 1546 2348 2093 2060 1293 1906 2041 1853 1677 1966 847 2568 755 567 1776 763 1005 2162 2126 983 1999 1378 1855 1455 1333 2163 2215 838 1770 1347 1641 1861 2318 979 1671 823 2099 1707 1686
1740 1989 1118 859 1432 978 1692 1647 515 506 1476 1269 1565 1338 1479 1213 1665 1026 1311 2200 1679 1282 1683 1520 1544 2013 2175 1343 1689 1899 702 938 905 1671 2000 0 1466 1680 491 1354 1786 956 1788 1689 1421 1237 1604 2560 1169 1131 934 797 1396 1539 1132 1657 1025 2002 879 1839 1732 2286 2435 2260 1450 1532 2009 1032 979 1416 1964 1070 2303 1050 943 1638 1995 1103 1782 2093 1509 1162 456 1632 1101 1081 1573 853 1254 1465 1469 1327 969 1594 1187 1543 1384 1297 256 827 381 1943 1802 937 1615 1312 1443 1958 296 649 1193 882 1695 1515 935 2277 1629 1731 611 957 1768 1055 974 1448 1706 1460 1287 1174 1766 1727 1362 1635 1529 1601 1582 820 2041 1618 919 1166 863 1272 1940 24 339 609 993 1014 2367 2038 2063 2365 1218 1497 1131 771 1059 1028 1967 1130 1228 876 2412 1940 1797 1191 1970 1450 1700 1741 1644 1218 1938 1705 2242 1277 2038 1202 2009 1805 1187 633 1477 485 1192 980 1310 2061 2385 1439 1928 1377 412 2165 1941 1222 2362 1836 1771 1750
706 1044 582 1036 1227 1195 1339 700 1374 1822 1348 480 1438 1211 1737 508 688 827 821 1254 1937 886 1556 740 115 1067 1164 1765 1562 2144 1078 1396 1581 631 1624 1466 0 1322 1328 1100 808 1354 810 1562 535 1505 627 1628 900 675 1628 1255 1269 2005 1417 297 1336 1056 933 883 1282 2159 2774 2133 1097 755 1882 1024 864 1684 987 641 1491 1875 1255 2104 1234 463 1429 1594 563 615 1430 1890 900 741 417 1363 1513 1338 523 1961 848 1467 958 598 1257 295 1652 1523 1553 987 1022 932 1873 236 331 1831 1300 1254 699 994 749 569 815 1343 1887 786 1108 836 823 1861 554 1320 939 932 334 1442 1898 1374 1122 1508 572 1474 1893 1132 1063 1941 1271 1434 1121 742 925 1468 1371 1677 1661 933 1495 1082 1117 1419 1477 720 831 1264 444 723 1573 702 1496 930 2285 984 850 375 1842 1000 722 1614 1902 801 2480 987 1327 1676 1092 971 1053 2063 757 1629 1349 1321 297 1269 1958 1084 1440 1707 983 580 1328 1209 996 1534 1417 889 1644 1623
