NAME: zurich_200_25
COMMENT: TSP instance with 200 nodes. City: Zurich, Switzerland, Seed: 67
TYPE: TSP
DIMENSION: 200
EDGE_WEIGHT_TYPE: EXPLICIT
EDGE_WEIGHT_FORMAT: FULL_MATRIX
NODE_COORD_SECTION:
1 47.4438767 8.6232749
2 47.498635 8.5955866
3 47.266794 8.3125007
4 47.487995 8.5932297
5 47.5107537 8.6957244
6 47.5291723 8.7310348
7 47.3537446 8.7100038
8 47.2289648 8.344465
9 47.4596606 8.3284655
10 47.2829172 8.7178181
11 47.3602616 8.5236765
12 47.2846943 8.7623811
13 47.4463538 8.6539021
14 47.2569856 8.6084849
15 47.2202402 8.6709049
16 47.5367515 8.689126
17 47.3239569 8.7566637
18 47.5495961 8.508946
19 47.5004103 8.4735771
20 47.3924072 8.5490476
21 47.383494 8.5300435
22 47.5261047 8.6238277
23 47.2481508 8.6317773
24 47.5050455 8.7216749
25 47.1963809 8.3864654
26 47.3017998 8.5537486
27 47.246904 8.4881207
28 47.3135074 8.3603718
29 47.4891934 8.767033
30 47.2598238 8.377372
31 47.3696635 8.6962772
32 47.4306179 8.3957129
33 47.2532676 8.7107003
34 47.2004498 8.5112973
35 47.28375 8.5748768
36 47.498655 8.3933882
37 47.5146796 8.6914024
38 47.3702566 8.514303
39 47.3880946 8.3873015
40 47.394143 8.7739458
41 47.370311 8.5501734
42 47.2928877 8.5607696
43 47.515628 8.5896914
44 47.3681513 8.5239122
45 47.4504657 8.3261188
46 47.3167243 8.422027
47 47.408662 8.6130478
48 47.2723669 8.331441
49 47.3454212 8.5932224
50 47.4073653 8.7236897
51 47.3520197 8.5600434
52 47.3572885 8.5906578
53 47.348226 8.4267273
54 47.3842056 8.4768715
55 47.4148537 8.5834148
56 47.5505322 8.7979377
57 47.3931868 8.5520383
58 47.3460453 8.2899418
59 47.3299176 8.5297639
60 47.3389267 8.4569152
61 47.205866 8.7439421
62 47.3363268 8.3048257
63 47.3755299 8.7798975
64 47.4844857 8.7053215
65 47.269804 8.6892842
66 47.4065075 8.4791775
67 47.3345291 8.4595893
68 47.4459891 8.4620554
69 47.3930941 8.4419753
70 47.3139337 8.4242233
71 47.4276879 8.5451041
72 47.437618 8.473708
73 47.5243626 8.5162572
74 47.2799524 8.4569851
75 47.2939736 8.6897978
76 47.2477506 8.459536
77 47.4208123 8.5128213
78 47.3898668 8.7481061
79 47.3892172 8.5440672
80 47.3277389 8.5921644
81 47.44352 8.576895
82 47.350572 8.7151004
83 47.3829178 8.716333
84 47.3277387 8.6323723
85 47.4783121 8.308927
86 47.2739621 8.5781686
87 47.395787 8.3796106
88 47.43791 8.6853929
89 47.3963227 8.4361588
90 47.2233561 8.6691419
91 47.2711935 8.6711201
92 47.5166909 8.7622484
93 47.5007546 8.475658
94 47.2934112 8.5106163
95 47.419414 8.692861
96 47.3114398 8.5477068
97 47.2877689 8.5368416
98 47.3266215 8.7454916
99 47.310122 8.5195394
100 47.5036737 8.7331882
101 47.5055959 8.7124645
102 47.3940588 8.4471266
103 47.4627442 8.5165812
104 47.2511789 8.5993659
105 47.2732533 8.6747307
106 47.5198237 8.5401825
107 47.3058769 8.7509979
108 47.3258329 8.5373378
109 47.3434257 8.2955127
110 47.2143905 8.4670916
111 47.3285136 8.3395448
112 47.3992252 8.7725105
113 47.4092287 8.5288161
114 47.3264212 8.4744127
115 47.3891025 8.5414358
116 47.3853738 8.7147788
117 47.4080209 8.53133
118 47.3696498 8.5434975
119 47.2790543 8.3628903
120 47.2552492 8.3738704
121 47.3414333 8.3964414
122 47.3015839 8.4466654
123 47.3850352 8.484984
124 47.5206781 8.5755101
125 47.4380366 8.5710625
126 47.369193 8.4918222
127 47.3685345 8.5061575
128 47.3693124 8.4500285
129 47.3161262 8.7952972
130 47.2651938 8.3702355
131 47.3659296 8.8018474
132 47.4920188 8.3398454
133 47.2775437 8.7215832
134 47.4692171 8.3293024
135 47.4111613 8.5492139
136 47.5082688 8.717723
137 47.4905357 8.7313505
138 47.3301886 8.6309735
139 47.4202261 8.5565367
140 47.2758541 8.5674931
141 47.3172068 8.4227276
142 47.4308584 8.6712147
143 47.3169612 8.5967191
144 47.3630404 8.5220544
145 47.3577519 8.33198
146 47.5124977 8.3637731
147 47.3313036 8.5373125
148 47.5247714 8.7893623
149 47.2983079 8.5613507
150 47.4258575 8.3065856
151 47.4774769 8.5216999
152 47.2713616 8.3333163
153 47.4370137 8.7172202
154 47.2673243 8.3139767
155 47.2639523 8.6871384
156 47.3822104 8.7550325
157 47.390084 8.6744346
158 47.3886199 8.3868198
159 47.2731602 8.4811003
160 47.452576 8.5800046
161 47.4170344 8.6010972
162 47.3740847 8.4497836
163 47.4377327 8.3521415
164 47.4480357 8.3258421
165 47.326781 8.5310045
166 47.3654347 8.8009785
167 47.3308792 8.6117266
168 47.4123474 8.5859547
169 47.4954598 8.7062578
170 47.3302089 8.6308363
171 47.276414 8.5768612
172 47.2267912 8.6594455
173 47.4220201 8.397085
174 47.5287034 8.4597299
175 47.3498181 8.7017344
176 47.2940102 8.6022197
177 47.3922115 8.7861118
178 47.4958721 8.2754567
179 47.3589166 8.7086744
180 47.263172 8.6875212
181 47.4143939 8.553071
182 47.2624648 8.673851
183 47.4723305 8.7765267
184 47.2259668 8.6349457
185 47.3270168 8.6059255
186 47.2560739 8.6875869
187 47.2859256 8.5337846
188 47.5047637 8.5990524
189 47.2652863 8.7403076
190 47.3672536 8.5151207
191 47.2929419 8.60838
192 47.5027002 8.6060571
193 47.3128891 8.3960944
194 47.3588044 8.27702
195 47.2598361 8.4185099
196 47.5049633 8.6968608
197 47.381917 8.5435273
198 47.5020797 8.7479039
199 47.2426603 8.3885768
200 47.3913812 8.5389422
EDGE_WEIGHT_SECTION:
0 512 2182 453 816 990 753 2221 1289 1350 970 1309 213 1656 1816 937 1033 905 850 665 797 993 1706 809 2533 1272 1837 1663 1048 1868 654 1090 1586 2122 1435 1327 813 934 1213 1022 825 1326 631 905 1248 1442 385 2057 1153 686 1019 1007 1209 1068 371 1207 696 1745 1119 1228 2085 1921 1072 608 1688 1003 1505 795 1075 1460 531 720 738 1659 1292 1681 789 844 709 1289 299 780 731 1335 1380 1509 1324 436 1026 1786 1530 1092 874 1554 548 1341 1476 938 1369 884 855 1048 662 1612 1543 671 1105 1205 1792 1877 1811 1007 713 1430 698 696 708 863 1846 1917 1248 1500 1030 695 386 1006 988 1255 1061 1944 1065 1611 1361 1333 597 856 814 1295 475 1500 1436 343 1444 961 1530 1484 1161 1112 1353 1642 711 2061 619 2172 1682 928 534 1204 1879 239 329 1261 1296 1284 1222 1061 1237 420 705 1293 1485 1713 937 1033 797 1640 1076 1610 711 1663 553 1627 1160 1597 1311 1678 1473 556 1493 980 1589 558 1521 1871 1701 909 776 919 1993 675
512 0 2266 87 686 888 1126 2305 1373 1722 1054 1681 525 1739 1900 690 1405 735 778 749 881 511 1790 825 2616 1355 1920 1747 1159 1951 1026 1174 1958 2205 1518 1255 711 1018 1296 1342 908 1410 149 988 1332 1526 733 2141 1243 1012 1103 1212 1292 1152 600 1105 779 1829 1203 1312 2169 2004 1417 754 2027 1086 1589 879 1159 1544 615 804 582 1743 1630 1765 873 1163 793 1373 461 1152 1103 1536 1464 1592 1408 745 1110 1869 1869 1023 802 1637 887 1425 1559 1310 1453 916 779 1131 653 1695 1882 426 1478 1289 1876 1961 1894 1327 797 1514 782 1068 791 947 1930 2001 1332 1583 1114 213 480 1090 1071 1339 1433 2028 1437 1640 1733 1417 681 828 946 1496 559 1584 1520 734 1528 1045 1614 1412 1245 1010 1437 1725 521 2144 890 2256 2055 1248 906 1288 1962 352 737 1345 1379 1368 1305 1433 1438 635 756 1495 1569 1797 1021 903 1169 1729 1396 1694 1083 2035 637 1965 1271 1681 1484 2050 1557 97 1865 1063 1711 113 1605 1955 1785 752 860 1006 2077 759
2182 2266 0 2179 2561 2735 2437 497 1833 2565 1374 2649 2371 1880 2041 2682 2716 2538 2143 1760 1610 2777 1931 2575 870 1496 1095 584 2815 556 2337 1635 2811 1380 1659 2387 2558 1502 1420 2736 1585 1550 2415 1430 1792 949 2044 151 1904 2464 1700 1911 1105 1656 1983 2952 1790 862 1344 1069 2310 722 2756 2374 2838 1754 1060 1772 1488 967 1808 1697 2371 939 2472 924 1766 2557 1695 1970 1911 2463 2414 2200 1924 1733 1506 2336 1399 2010 2656 2849 2167 1416 2440 1565 1599 2621 1594 2651 2621 1516 2012 1836 2707 2304 2648 1429 922 1096 722 2779 1812 1218 1658 2379 1815 1567 378 547 934 987 1623 2479 1857 1574 1555 1333 2744 530 2748 2155 2602 1877 1861 2623 2580 2162 1902 1724 943 2297 2125 1445 890 2364 1386 2857 1578 1531 2063 149 2386 10 2839 2631 2217 1412 1146 1961 2093 1400 1840 1829 1446 2745 2102 1980 2472 2161 1710 1938 1481 2434 2480 2326 2790 2154 2394 2820 1873 2698 2927 1821 2082 2754 1584 2363 2733 1500 2309 2378 804 916 791 2666 1628 2685 598 1664
453 87 2179 0 705 974 1039 2218 1286 1636 967 1595 497 1653 1813 776 1319 804 750 662 794 598 1703 879 2530 1269 1834 1660 1150 1865 939 1088 1872 2119 1432 1227 797 931 1210 1328 822 1323 235 902 1245 1439 646 2054 1157 995 1016 1125 1206 1065 514 1191 693 1742 1116 1225 2082 1918 1358 745 1940 1000 1502 792 1072 1457 528 718 638 1656 1544 1678 786 1149 707 1287 374 1066 1016 1449 1377 1506 1321 717 1023 1783 1782 1108 774 1551 859 1338 1473 1224 1367 970 833 1045 645 1609 1795 512 1391 1202 1789 1875 1808 1313 710 1427 695 982 705 860 1843 1915 1245 1497 1027 300 394 1003 985 1252 1347 1941 1351 1604 1647 1330 594 882 936 1410 472 1497 1433 706 1441 958 1528 1383 1158 1095 1350 1639 513 2058 880 2169 1968 1230 819 1201 1876 265 651 1258 1293 1282 1219 1347 1352 548 747 1408 1482 1710 934 933 1083 1643 1381 1607 996 1949 550 1879 1262 1594 1398 1964 1470 184 1778 977 1625 198 1519 1868 1699 743 774 1011 1991 672
816 686 2561 705 0 327 1005 2538 1668 1602 1258 1561 693 1944 2104 236 1285 1223 1293 953 1085 543 1994 174 2849 1560 2153 2042 520 2184 906 1469 1838 2439 1723 1771 150 1222 1592 965 1113 1614 588 1193 1627 1821 699 2436 1412 635 1307 1261 1541 1356 827 544 984 2124 1407 1570 2373 2300 1040 253 1940 1334 1822 1174 1454 1839 916 1100 1070 1986 1544 1998 1168 787 997 1577 894 1032 835 1590 1759 1797 1703 508 1405 2074 1782 462 1318 1842 611 1629 1764 1190 1657 265 128 1427 1119 1900 1795 913 1357 1493 2171 2194 2190 950 1013 1747 986 825 1003 1151 2199 2234 1627 1826 1318 701 839 1294 1276 1607 1313 2261 1121 1990 1613 1712 946 177 358 1550 946 1788 1815 576 1732 1249 1909 1927 1449 449 1641 2021 1163 2440 557 2551 1934 871 780 1583 2200 918 843 1626 1675 1664 1510 1117 1493 787 243 1549 1773 2001 1316 1391 1049 1898 1019 1989 963 1915 953 1879 632 1885 1566 1930 1761 694 1745 1268 1845 720 1900 2250 2018 124 1064 355 2310 963
990 888 2735 974 327 0 1179 2712 1842 1776 1432 1735 868 2118 2278 291 1459 1425 1496 1127 1259 745 2168 244 3023 1734 2328 2216 557 2359 1080 1644 2012 2613 1897 1964 264 1396 1766 1139 1287 1788 790 1367 1801 1995 873 2610 1586 810 1481 1435 1715 1530 1001 517 1158 2298 1581 1744 2547 2474 1214 427 2114 1508 1996 1349 1628 2013 1090 1274 1272 2160 1718 2172 1342 961 1172 1752 1068 1206 1009 1764 1933 1971 1877 682 1579 2248 1956 344 1520 2016 785 1803 1938 1364 1832 284 306 1601 1294 2074 1969 1116 1531 1667 2345 2368 2364 1124 1187 1921 1160 999 1177 1325 2373 2408 1801 2000 1492 903 1014 1468 1450 1781 1487 2435 1295 2165 1787 1886 1120 232 423 1724 1120 1962 1989 750 1906 1423 2084 2121 1623 445 1815 2195 1345 2614 732 2725 2108 1045 955 1757 2374 1119 1017 1800 1849 1838 1684 1291 1667 961 381 1723 1947 2175 1490 1593 1223 2072 1193 2163 1137 2089 1127 2053 669 2059 1740 2104 1935 897 1919 1442 2019 922 2075 2424 2192 432 1239 388 2484 1137
753 1126 2437 1039 1005 1179 0 2413 1544 641 1133 661 874 1819 1980 1126 402 1397 1342 828 960 1428 1870 1019 2725 1435 2029 1917 1166 2060 147 1345 915 2314 1598 1665 1002 1098 1467 556 988 1489 1274 1068 1502 1697 565 2311 882 401 1150 879 1416 1231 702 1396 859 2000 1282 1445 2248 2175 552 818 974 1210 1697 1050 1329 1714 791 975 1231 1861 578 1873 1044 399 873 931 769 54 220 736 1634 1672 1578 701 1280 1949 816 1293 1366 1717 562 1504 1639 306 1533 1094 1065 1302 995 1775 829 1164 457 1368 2046 2069 2065 639 888 1622 861 254 878 1027 2074 2109 1503 1701 1194 1339 715 1170 1151 1482 535 2136 545 1866 696 1588 821 1067 1024 761 821 1663 1691 685 906 1124 1785 1822 1324 1301 1516 1896 1046 2315 698 2426 1012 430 312 1459 2075 820 713 1501 1550 1539 1385 541 797 659 916 760 1648 1877 1191 1526 59 1010 610 1864 60 992 828 912 1063 1760 871 1007 1636 1223 824 1143 957 1237 1776 2125 1893 1110 940 1129 2185 838
2221 2305 497 2218 2538 2712 2413 0 1872 2526 1334 2609 2397 1841 1983 2658 2693 2577 2182 1720 1570 2816 1891 2552 486 1457 918 733 2791 362 2314 1673 2772 1203 1620 2426 2535 1462 1569 2713 1546 1511 2453 1391 1831 1096 2034 436 1865 2441 1660 1871 1135 1681 1943 2929 1751 1038 1304 1029 2270 898 2732 2351 2798 1793 1020 1811 1527 1114 1847 1736 2410 900 2432 827 1805 2534 1656 1931 1950 2440 2390 2161 1963 1694 1655 2313 1438 1971 2617 2825 2206 1377 2416 1526 1507 2598 1554 2627 2598 1555 2051 1797 2668 2343 2608 1390 1098 835 872 2755 1786 1198 1619 2356 1775 1528 496 319 1083 1029 1648 2518 1896 1574 1516 1352 2721 412 2725 2194 2562 1916 1821 2599 2557 2123 1892 1685 1090 2274 2085 1405 1040 2403 1346 2833 1538 1681 2102 439 2363 486 2799 2608 2193 1561 1106 2000 2081 1420 1879 1867 1407 2721 2063 1940 2449 2121 1670 1898 1520 2473 2457 2287 2766 2193 2371 2780 1834 2659 2904 1782 2042 2715 1492 2402 2694 1461 2269 2417 953 1092 610 2643 1589 2662 369 1625
1289 1373 1833 1286 1668 1842 1544 1872 0 2110 1082 2099 1478 1663 1824 1789 1823 1559 963 1076 964 1863 1714 1682 2184 1279 1488 1314 1922 1519 1444 507 2356 1773 1442 845 1665 995 718 1843 1122 1334 1521 1017 198 1093 1151 1708 1449 1571 1253 1448 871 875 1121 2059 1106 1370 1127 879 2093 1511 1862 1481 2391 895 1156 664 759 1111 915 739 1273 1310 2016 1332 873 1664 1044 1523 1018 1570 1521 1745 288 1516 829 1443 677 1794 2209 1956 987 1393 1547 1349 1483 1728 1377 1757 1728 793 1029 1619 2260 1310 1896 1213 1421 1528 1462 1885 929 1081 1009 1486 952 1116 1497 1568 899 1151 818 1518 964 969 1017 929 1851 1595 1855 459 2140 145 1046 1730 1687 1707 1009 1508 1087 1404 1678 1073 1181 667 1169 1964 1361 615 1161 1712 1493 1823 2392 1738 1324 710 1530 1068 1231 997 459 234 1229 1851 1647 1137 1579 1705 1493 1721 573 1255 1587 1879 1897 518 1501 2373 1036 2251 2034 1605 1634 2307 1481 1470 2272 1040 1861 1485 1172 1201 1352 1773 1088 1792 1645 985
1350 1722 2565 1636 1602 1776 641 2526 2110 0 1194 301 1473 1931 2092 1722 483 1994 1939 1240 1248 2024 1982 1616 2837 1548 2141 2163 1756 2172 759 1911 328 2426 1710 2262 1599 1257 2042 1095 1009 1602 1871 1188 2069 1874 1161 2440 661 1008 929 906 1611 1474 1283 1993 1270 2245 1395 1558 2361 2421 1023 1415 519 1607 1810 1646 1744 1892 1388 1572 1828 1973 250 1986 1594 961 1209 689 1366 608 826 505 2201 1784 2154 1300 1773 2062 416 1889 1963 1830 1168 1557 1752 429 1645 1691 1662 1716 1591 1887 415 1760 300 1475 2292 2182 2310 1177 1357 1735 1173 861 1346 1062 2187 2222 1748 1814 1440 1935 1311 1380 1310 1657 502 2249 1016 2432 112 2154 1390 1663 1621 519 1393 1776 1868 1284 681 1244 2030 2418 1413 1897 1629 2462 1643 2443 1304 2555 424 936 914 2034 2188 1417 1310 1679 2116 2105 1497 1012 555 1236 1513 518 1761 1989 1757 2123 583 785 1149 2430 681 405 1389 479 1652 1873 629 420 1749 1819 235 1300 732 1834 1953 2371 2006 1707 1142 1726 2298 1189
970 1054 1374 967 1258 1432 1133 1334 1082 1194 0 1277 1136 740 901 1379 1413 1326 1271 440 291 1565 791 1272 1646 356 950 971 1512 981 1034 883 1440 1235 519 1535 1255 150 912 1433 214 410 1202 88 1041 682 767 1248 533 1161 329 540 420 393 663 1649 471 1054 204 366 1170 1229 1452 1071 1467 567 618 920 678 700 710 825 1159 782 1100 794 744 1254 376 599 697 1160 1111 829 1173 593 1024 1033 706 870 1285 1546 1295 638 1137 425 560 1318 454 1347 1318 649 923 696 1336 1092 1276 289 1100 990 1119 1475 506 543 339 1076 496 199 995 1031 557 623 360 1267 643 273 203 550 1441 1057 1445 1404 1231 1126 542 1320 1277 791 612 584 676 994 754 84 839 1613 246 1554 438 1332 975 1252 1083 1364 1468 1328 914 904 996 749 802 572 1088 1077 306 1441 731 661 1169 790 570 798 730 1454 1177 955 1487 1403 1091 1448 554 1327 1624 681 710 1383 557 1151 1362 143 937 1166 762 1180 815 1363 309 1382 1107 345
1309 1681 2649 1595 1561 1735 661 2609 2099 301 1277 0 1432 2015 2175 1682 375 1953 1898 1323 1332 1984 2066 1575 2921 1631 2225 2246 1725 2256 779 1901 467 2510 1794 2221 1558 1340 2023 1045 1093 1685 1830 1272 2058 1957 1121 2523 744 967 1012 989 1695 1557 1258 1952 1354 2328 1478 1641 2444 2504 935 1374 664 1691 1893 1606 1828 1975 1347 1531 1787 2057 415 2069 1599 930 1293 773 1325 627 785 589 2190 1868 2134 1259 1835 2145 588 1849 1922 1913 1127 1640 1835 387 1729 1650 1621 1799 1551 1971 588 1720 235 1559 2375 2265 2394 1127 1431 1818 1256 820 1421 1146 2270 2305 1831 1897 1524 1895 1271 1464 1394 1740 370 2332 928 2422 276 2144 1377 1623 1580 603 1377 1859 1951 1243 765 1328 2114 2378 1497 1857 1712 2452 1602 2527 1263 2638 570 906 873 2015 2271 1376 1269 1763 2106 2095 1581 924 639 1215 1472 602 1844 2072 1747 2082 644 869 1089 2420 700 550 1384 624 1621 1956 712 565 1832 1779 238 1384 816 1793 2036 2454 2089 1666 1225 1685 2381 1273
213 525 2371 497 693 868 874 2397 1478 1473 1136 1432 0 1822 1982 814 1156 1094 1039 831 963 1006 1872 686 2709 1438 2013 1852 925 2044 763 1279 1709 2298 1601 1516 690 1100 1402 882 991 1492 644 1071 1437 1631 517 2246 1257 546 1185 1139 1375 1234 504 1085 862 1934 1285 1417 2251 2110 957 485 1811 1190 1681 984 1264 1649 720 909 927 1836 1415 1857 978 703 875 1450 488 903 745 1436 1569 1675 1513 272 1215 1952 1653 970 1063 1720 410 1507 1642 1061 1535 761 732 1236 851 1778 1666 860 1228 1371 1981 2054 2000 866 889 1598 864 727 881 1029 2035 2094 1437 1677 1196 708 574 1172 1154 1444 1184 2120 1038 1800 1484 1522 766 733 691 1395 664 1666 1625 257 1597 1127 1719 1673 1327 989 1519 1831 900 2249 454 2361 1805 788 587 1393 2056 428 462 1450 1485 1473 1388 1034 1338 552 583 1394 1651 1879 1126 1222 909 1743 935 1799 834 1786 734 1750 1002 1763 1412 1801 1639 570 1616 1146 1690 571 1710 2060 1878 786 942 796 2170 841
1656 1739 1880 1653 1944 2118 1819 1841 1663 1931 740 2015 1822 0 502 2064 2099 2011 1956 1126 976 2250 193 1958 2112 510 1079 1478 2197 1487 1719 1465 2178 993 331 2217 1940 868 1419 2119 951 452 1888 797 1622 1189 1452 1755 1271 1847 1066 1277 926 1093 1349 2335 1156 1560 570 873 811 1736 2138 1757 2204 1252 1124 1602 1318 1207 1395 1511 1845 1288 1838 1233 1429 1940 1062 1336 1383 1846 1796 1567 1754 258 1530 1719 1230 461 2023 2231 1980 887 1822 580 655 2004 706 2033 2004 1330 1608 164 2073 1777 2014 656 1607 1235 1625 2161 1191 1050 1025 1762 1181 934 1502 1537 1063 1129 1059 1952 1328 980 921 1153 2127 1564 2131 1986 1968 1707 1227 2005 1963 1529 1298 423 1183 1680 1491 811 1345 2194 612 2239 487 1839 1660 1758 1768 1870 2205 2014 1599 1410 1259 1434 1487 1221 1670 1659 570 2127 1469 1346 1854 1527 278 416 1311 2140 1862 1693 2172 1984 1776 2186 1240 2065 2309 308 1448 2121 680 1837 2100 867 1675 1851 1268 1686 1321 2049 995 2068 1613 1030
1816 1900 2041 1813 2104 2278 1980 1983 1824 2092 901 2175 1982 502 0 2225 2259 2172 2117 1286 1137 2411 392 2118 2154 671 1122 1638 2358 1648 1880 1625 2338 1035 809 2378 2101 1029 1579 2279 1112 725 2048 957 1783 1349 1613 1915 1431 2007 1227 1438 1087 1253 1509 2495 1317 1721 730 1033 566 1896 2298 1917 2365 1413 1285 1762 1478 1367 1556 1671 2005 1420 1998 1275 1590 2100 1222 1497 1544 2006 1957 1727 1915 699 1691 1879 1390 50 2183 2392 2141 1051 1983 740 908 2164 866 2193 2164 1491 1769 503 2234 1938 2175 816 1767 1278 1786 2321 1352 1210 1185 1922 1342 1094 1662 1698 1224 1290 1220 2113 1489 1140 1082 1314 2287 1724 2291 2146 2129 1868 1388 2166 2123 1689 1458 755 1343 1840 1652 972 1506 2355 772 2400 753 1999 1821 1919 1929 2031 2366 2174 1760 1571 1301 1595 1648 1381 1830 1819 730 2287 1629 1507 2015 1688 719 136 1472 2300 2023 1853 2333 2145 1937 2347 1400 2225 2470 326 1608 2281 933 1997 2260 1027 1835 2012 1429 1846 1482 2209 1155 2228 1763 1191
937 690 2682 776 236 291 1126 2658 1789 1722 1379 1682 814 2064 2225 0 1406 1227 1298 1074 1206 525 2115 369 2970 1680 2274 2163 689 2305 1026 1590 1959 2559 1843 1775 250 1343 1712 1086 1233 1734 592 1313 1748 1942 819 2557 1532 756 1428 1381 1661 1477 948 592 1104 2245 1528 1691 2494 2420 1161 373 2061 1455 1942 1295 1575 1960 1036 1220 1074 2106 1664 2119 1289 907 1118 1698 1015 1153 956 1711 1880 1917 1824 628 1526 2194 1903 468 1322 1962 732 1750 1884 1310 1778 416 323 1547 1240 2020 1916 917 1478 1614 2292 2315 2310 1070 1134 1867 1107 946 1123 1272 2319 2355 1748 1947 1439 705 960 1415 1396 1728 1433 2381 1242 2111 1734 1833 1066 364 553 1671 1067 1909 1936 696 1853 1370 2030 1932 1570 496 1762 2141 1168 2560 678 2672 2055 992 901 1704 2320 1036 964 1746 1795 1784 1630 1238 1613 908 448 1669 1894 2122 1437 1395 1169 2018 1139 2110 1083 2036 1073 1999 801 2006 1687 2050 1882 699 1865 1388 1965 724 2021 2371 2139 330 1185 520 2431 1083
1033 1405 2716 1319 1285 1459 402 2693 1823 483 1413 375 1156 2099 2259 1406 0 1677 1622 1108 1240 1707 2149 1299 3004 1715 2309 2197 1449 2340 522 1625 683 2594 1878 1945 1282 1377 1747 751 1252 1769 1554 1348 1782 1976 845 2591 921 691 1189 1108 1696 1511 982 1676 1139 2279 1562 1725 2528 2455 641 1098 873 1489 1977 1330 1609 1994 1071 1255 1511 2141 567 2153 1323 654 1153 949 1049 368 509 765 1914 1952 1858 983 1560 2229 746 1572 1646 1997 851 1784 1919 110 1813 1374 1345 1582 1275 2055 746 1444 202 1648 2326 2349 2345 834 1168 1902 1141 544 1158 1289 2354 2389 1782 1981 1473 1619 995 1449 1431 1762 301 2416 633 2146 458 1867 1101 1346 1304 780 1101 1943 1970 967 941 1404 2065 2102 1604 1581 1796 2176 1326 2595 987 2706 779 621 597 1738 2355 1100 993 1781 1830 1819 1665 630 816 939 1196 778 1928 2156 1471 1806 433 1045 795 2144 428 760 1108 833 1345 2040 889 774 1916 1503 589 1423 993 1517 2056 2405 2173 1390 1220 1409 2465 1118
905 735 2538 804 1223 1425 1397 2577 1559 1994 1326 1953 1094 2011 2172 1227 1677 0 633 1020 1153 867 2062 1361 2888 1627 2192 2019 1707 2223 1298 1446 2230 2477 1790 1110 1247 1290 1568 1697 1180 1681 678 1260 1604 1798 1004 2413 1515 1425 1375 1484 1564 1424 872 1642 1051 2101 1475 1584 2441 2276 1716 1335 2299 1358 1861 991 1431 1816 887 1061 365 2014 1902 2037 1145 1518 1065 1645 747 1424 1375 1808 1736 1864 1680 1297 1382 2141 2141 1559 657 1909 1401 1696 1831 1582 1725 1452 1316 1403 753 1967 2154 342 1750 1560 2148 2233 2166 1739 1069 1785 1054 1340 1063 1219 2202 2273 1604 1855 1386 522 752 1362 1343 1610 1705 2300 1709 1495 2005 1603 953 1364 1537 1768 831 1855 1792 1223 1800 1316 1886 1266 1517 1546 1709 1997 620 2416 1347 2528 2326 1592 1178 1560 2234 688 1011 1617 1651 1640 1577 1705 1710 907 1367 1767 1841 2069 1292 659 1441 2001 1750 1848 1355 2307 909 2237 1820 1952 1756 2322 1828 743 2137 1335 1983 793 1877 2227 2057 1317 1132 1543 2349 1030
850 778 2143 750 1293 1496 1342 2182 963 1939 1271 1898 1039 1956 2117 1298 1622 633 0 965 1094 938 2007 1432 2493 1572 1797 1624 1721 1828 1243 958 2175 2082 1735 477 1318 1185 1173 1642 1125 1626 749 1205 1030 1403 950 2018 1460 1370 1320 1429 1181 1068 817 1713 996 1706 1420 1189 2386 1881 1661 1280 2244 783 1466 395 1036 1421 729 468 344 1619 1847 1642 743 1463 1010 1590 692 1369 1320 1753 1146 1809 1285 1242 987 2086 2086 1630 24 1703 1346 1641 1776 1527 1670 1523 1386 1008 375 1912 2099 384 1695 1505 1753 1838 1771 1684 799 1390 983 1285 822 1164 1807 1878 1209 1460 1006 593 697 1146 1194 1215 1650 1905 1654 862 1950 1007 860 1435 1486 1713 773 1800 1397 1168 1745 1261 1491 634 1462 1617 1654 1418 381 2021 1292 2133 2271 1537 1123 1165 1839 633 956 1222 1100 1067 1522 1650 1655 852 1378 1712 1786 2014 897 295 1386 1946 1695 1215 1300 2252 843 2182 1833 1897 1701 2267 1773 814 2082 1221 1928 847 1482 1832 1662 1388 1077 1589 1954 960
665 749 1760 662 953 1127 828 1720 1076 1240 440 1323 831 1126 1286 1074 1108 1020 965 0 286 1260 1177 967 2032 742 1336 1357 1206 1367 729 877 1486 1621 905 1254 950 419 1008 1128 244 796 897 375 1035 1068 458 1634 579 856 442 527 806 558 354 1344 31 1439 589 752 1555 1615 1147 766 1542 537 1004 639 740 1086 397 564 854 1168 1146 1180 452 949 103 712 392 855 806 875 1167 979 1120 728 768 1256 1373 1240 989 1024 832 808 946 1013 840 1042 1013 711 618 1082 1397 787 1180 675 1486 1376 1505 1170 215 929 116 771 205 302 1381 1416 942 1008 521 962 338 497 473 803 1136 1443 1140 1398 1276 1120 215 1014 972 837 286 970 1062 689 867 431 1225 1411 631 1248 823 1428 669 1638 778 1749 1580 1023 609 1000 1382 443 492 826 1082 1071 692 1136 777 351 864 835 955 1183 723 1149 872 1068 1181 1396 786 1560 228 1440 1319 1067 824 1496 943 846 1408 464 1051 860 1147 1565 1200 1058 202 1077 1492 124
797 881 1610 794 1085 1259 960 1570 964 1248 291 1332 963 976 1137 1206 1240 1153 1094 286 0 1392 1027 1099 1882 592 1186 1208 1339 1217 861 765 1494 1471 755 1350 1082 230 896 1260 253 646 1029 225 923 918 594 1485 587 988 408 578 656 426 490 1476 316 1290 440 602 1406 1465 1279 898 1545 475 854 735 623 936 536 654 986 1018 1155 1030 545 1081 219 679 524 987 938 883 1055 829 1008 860 652 1106 1365 1373 1118 874 964 661 796 1145 690 1174 1145 595 750 932 1406 919 1310 525 1336 1227 1355 1302 307 779 185 903 297 269 1231 1267 793 859 375 1094 470 353 283 629 1268 1293 1272 1286 1285 1008 365 1147 1104 845 435 820 912 821 833 281 1075 1485 482 1381 674 1316 802 1488 910 1600 1547 1155 741 888 1232 576 629 652 970 959 542 1268 786 488 996 844 806 1034 612 1281 1004 1035 1313 1285 918 1528 377 1407 1451 917 790 1463 793 978 1416 275 1017 993 998 1416 1051 1190 252 1209 1343 161
993 511 2777 598 543 745 1428 2816 1863 2024 1565 1984 1006 2250 2411 525 1707 867 938 1260 1392 0 2301 682 3127 1867 2432 2258 1028 2462 1328 1685 2260 2717 2029 1415 568 1529 1807 1388 1420 1921 413 1500 1843 2037 1121 2652 1754 1058 1614 1683 1803 1663 1112 962 1290 2340 1714 1823 2680 2516 1462 675 2363 1598 2100 1295 1670 2055 1126 1315 714 2254 1966 2276 1384 1209 1304 1884 972 1454 1258 2013 1975 2103 1919 930 1621 2381 2205 879 962 2149 1034 1936 2070 1612 1964 772 636 1642 975 2206 2218 558 1780 1800 2387 2472 2405 1372 1308 2025 1293 1248 1303 1458 2441 2512 1843 2094 1625 346 991 1601 1582 1850 1735 2539 1544 1800 2035 1907 1192 685 866 1972 1070 2095 2031 998 2039 1556 2125 1572 1756 867 1948 2236 842 2655 980 2767 2357 1293 1203 1799 2474 863 1246 1856 1891 1879 1816 1540 1915 1146 688 1971 2080 2308 1532 1036 1471 2240 1441 2153 1385 2337 1148 2301 1140 2192 1979 2352 2068 520 2167 1574 2223 569 2116 2466 2296 637 1371 863 2588 1270
1706 1790 1931 1703 1994 2168 1870 1891 1714 1982 791 2066 1872 193 392 2115 2149 2062 2007 1177 1027 2301 0 2008 2131 561 1099 1529 2248 1538 1770 1515 2228 1012 522 2268 1991 919 1469 2169 1002 615 1939 847 1673 1239 1503 1806 1321 1897 1117 1328 977 1144 1400 2385 1207 1611 621 924 727 1786 2189 1807 2255 1303 1175 1653 1369 1257 1446 1561 1895 1339 1889 1252 1480 1990 1112 1387 1434 1896 1847 1617 1805 448 1581 1769 1280 350 2073 2282 2031 941 1873 630 798 2054 757 2084 2054 1381 1659 311 2124 1828 2065 706 1658 1255 1676 2212 1242 1100 1075 1812 1232 984 1552 1588 1114 1180 1110 2003 1379 1031 972 1204 2177 1614 2181 2036 2019 1758 1278 2056 2013 1579 1348 614 1233 1730 1542 862 1396 2245 662 2290 643 1889 1711 1809 1819 1921 2256 2064 1650 1461 1278 1485 1538 1271 1721 1709 621 2177 1519 1397 1905 1578 468 325 1362 2191 1913 1743 2223 2035 1827 2237 1290 2115 2360 228 1499 2171 823 1887 2150 917 1726 1902 1319 1737 1372 2099 1045 2118 1664 1081
809 825 2575 879 174 244 1019 2552 1682 1616 1272 1575 686 1958 2118 369 1299 1361 1432 967 1099 682 2008 0 2863 1574 2167 2056 379 2198 920 1483 1852 2452 1737 1804 229 1236 1606 979 1127 1628 727 1207 1641 1835 713 2450 1426 649 1321 1275 1555 1370 841 563 998 2138 1421 1584 2387 2314 1054 244 1954 1348 1836 1188 1468 1853 930 1114 1209 1999 1558 2012 1182 800 1011 1591 908 1046 849 1604 1773 1811 1717 522 1419 2088 1796 388 1456 1856 625 1643 1778 1204 1671 116 79 1441 1133 1914 1809 1052 1371 1507 2185 2208 2204 964 1027 1761 1000 839 1017 1165 2213 2248 1641 1840 1332 840 853 1308 1290 1621 1327 2275 1135 2004 1627 1726 960 68 217 1564 960 1802 1829 590 1746 1263 1923 1960 1463 468 1655 2035 1185 2454 571 2565 1948 885 794 1597 2214 959 857 1639 1689 1677 1524 1131 1506 801 170 1563 1787 2015 1330 1530 1063 1911 1033 2003 976 1929 967 1892 491 1899 1580 1944 1775 833 1759 1282 1859 859 1914 2264 2032 298 1078 214 2324 977
2533 2616 870 2530 2849 3023 2725 486 2184 2837 1646 2921 2709 2112 2154 2970 3004 2888 2493 2032 1882 3127 2131 2863 0 1768 1089 1047 3103 674 2625 1985 3083 1374 1931 2738 2846 1774 1883 3024 1857 1822 2765 1702 2143 1409 2346 749 2176 2752 1972 2183 1447 1993 2255 3240 2062 1351 1616 1341 2523 1212 3044 2662 3110 2104 1331 2122 1838 1427 2158 2047 2722 1211 2744 1016 2116 2845 1967 2242 2261 2751 2702 2472 2275 2005 1969 2624 1750 2160 2928 3137 2517 1688 2728 1837 1678 2909 1815 2939 2909 1866 2362 2037 2979 2654 2920 1701 1412 1007 1185 3067 2097 1510 1930 2667 2087 1839 810 632 1397 1341 1959 2829 2207 1886 1827 1664 3032 724 3036 2506 2874 2228 2133 2911 2868 2434 2203 1978 1403 2585 2397 1717 1353 2714 1658 3145 1850 1994 2414 753 2674 859 3111 2919 2505 1875 1418 2311 2393 1732 2190 2179 1718 3032 2374 2252 2760 2433 1982 2133 1831 2785 2768 2598 3078 2504 2682 3092 2145 2970 3215 1970 2354 3026 1664 2714 3005 1772 2581 2728 1267 1406 921 2954 1900 2973 606 1936
1272 1355 1496 1269 1560 1734 1435 1457 1279 1548 356 1631 1438 510 671 1680 1715 1627 1572 742 592 1867 561 1574 1768 0 892 1094 1813 1103 1335 1081 1794 1123 234 1833 1557 484 1035 1735 567 118 1504 413 1238 805 1068 1371 887 1463 682 893 542 709 965 1951 772 1176 186 489 940 1352 1754 1373 1820 868 741 1218 934 823 1011 1127 1461 904 1454 917 1045 1556 678 953 999 1462 1412 1183 1370 308 1146 1335 846 641 1639 1847 1596 496 1438 155 308 1620 312 1649 1620 946 1225 466 1690 1394 1630 272 1223 1113 1242 1777 808 666 641 1378 797 550 1118 1153 679 745 676 1569 945 596 538 769 1743 1180 1747 1602 1584 1324 843 1621 1579 1145 914 300 799 1296 1107 427 961 1810 228 1855 93 1455 1276 1375 1385 1486 1821 1630 1215 1026 926 1050 1103 837 1286 1275 186 1743 1085 962 1471 1143 285 568 927 1756 1479 1309 1788 1600 1392 1802 856 1681 1926 452 1064 1737 333 1453 1716 483 1291 1467 884 1302 937 1665 611 1684 1229 647
1837 1920 1095 1834 2153 2328 2029 918 1488 2141 950 2225 2013 1079 1122 2274 2309 2192 1797 1336 1186 2432 1099 2167 1089 892 0 960 2407 612 1929 1289 2387 452 933 2042 2150 1078 1243 2328 1161 824 2069 1006 1447 693 1650 970 1481 2056 1276 1487 751 1297 1559 2545 1366 1384 854 645 1491 1333 2348 1967 2414 1408 636 1426 1142 671 1463 1351 2026 368 2048 210 1420 2150 1271 1546 1566 2056 2006 1776 1579 1007 1354 1929 1054 1128 2233 2441 1821 698 2032 872 589 2213 725 2243 2213 1170 1666 1005 2283 1959 2224 919 1431 316 1099 2371 1401 734 1234 1971 1391 1143 716 662 887 503 1263 2134 1511 1190 1131 968 2336 689 2340 1810 2178 1532 1437 2215 2173 1738 1508 889 702 1890 1701 1021 1170 2019 904 2449 860 1663 1718 973 1978 1085 2415 2223 1809 1235 329 1615 1697 1036 1494 1483 917 2337 1679 1556 2064 1737 984 1101 1136 2089 2072 1902 2382 1809 1986 2396 1449 2275 2519 938 1658 2330 575 2018 2310 1077 1885 2032 797 1510 481 2259 1204 2277 698 1240
1663 1747 584 1660 2042 2216 1917 733 1314 2163 971 2246 1852 1478 1638 2163 2197 2019 1624 1357 1208 2258 1529 2056 1047 1094 960 0 2296 441 1818 1115 2409 1245 1257 1868 2039 1100 901 2217 1183 1148 1895 1028 1273 474 1525 458 1502 1945 1298 1509 686 1137 1495 2433 1388 588 941 694 1907 492 2236 1855 2436 1235 802 1253 969 492 1289 1178 1852 766 2069 789 1247 2038 1293 1568 1392 1944 1895 1798 1405 1331 987 1817 880 1608 2254 2330 1648 1051 1921 1163 1285 2102 1192 2131 2102 997 1493 1434 2305 1785 2245 1027 634 969 258 2259 1303 789 1256 1860 1326 1165 247 465 415 644 1104 1960 1337 1055 1102 814 2225 399 2229 1636 2199 1358 1419 2104 2061 1760 1383 1322 468 1778 1723 1043 426 1845 983 2338 1175 1064 1544 462 1867 573 2437 2112 1698 893 1007 1441 1604 881 1321 1309 1044 2225 1700 1506 1953 1759 1307 1535 962 1915 1961 1924 2270 1635 1875 2417 1410 2296 2408 1419 1679 2352 1278 1844 2331 1098 1906 1859 329 713 660 2147 1226 2166 586 1262
1048 1159 2815 1150 520 557 1166 2791 1922 1756 1512 1725 925 2197 2358 689 1449 1707 1721 1206 1339 1028 2248 379 3103 1813 2407 2296 0 2438 1159 1723 2002 2692 1976 2043 560 1476 1845 835 1366 1867 1073 1446 1881 2075 952 2690 1665 765 1561 1514 1794 1610 1081 642 1237 2378 1661 1824 2627 2553 979 440 2090 1588 2075 1428 1708 2093 1169 1353 1554 2239 1694 2251 1422 831 1251 1831 1147 1193 965 1844 2013 2050 1957 761 1659 2327 1932 334 1745 2095 865 1882 2017 1354 1911 319 425 1680 1373 2153 1945 1398 1521 1747 2425 2448 2443 793 1267 2000 1240 955 1256 1405 2452 2488 1881 2080 1572 1186 1093 1548 1529 1861 1455 2514 1117 2244 1777 1966 1199 426 256 1803 1200 2042 2069 829 1986 1502 2163 2200 1703 496 1895 2274 1425 2693 667 2805 2098 867 1034 1837 2453 1199 1097 1879 1928 1917 1763 1113 1746 1041 418 1802 2027 2255 1570 1873 1212 2126 890 2243 1124 2079 1206 2028 239 2139 1820 2094 2014 1179 1908 1521 2073 1205 2154 2504 2272 603 1318 250 2564 1216
1868 1951 556 1865 2184 2359 2060 362 1519 2172 981 2256 2044 1487 1648 2305 2340 2223 1828 1367 1217 2462 1538 2198 674 1103 612 441 2438 0 1960 1320 2418 897 1266 2073 2181 1109 1263 2359 1192 1157 2100 1037 1478 753 1681 432 1512 2087 1307 1518 782 1328 1590 2576 1397 910 951 676 1917 815 2379 1998 2445 1439 667 1457 1173 771 1493 1382 2057 547 2079 473 1451 2180 1302 1577 1597 2086 2037 1807 1610 1340 1362 1960 1085 1617 2263 2472 1852 1023 2063 1172 1201 2244 1201 2274 2244 1201 1697 1443 2314 1989 2255 1037 957 556 580 2402 1432 845 1265 2002 1422 1174 194 58 792 676 1294 2164 1542 1221 1162 999 2367 84 2371 1841 2209 1563 1468 2246 2204 1769 1538 1332 747 1920 1732 1052 748 2049 993 2480 1185 1389 1749 436 2009 545 2446 2254 1840 1254 753 1646 1728 1067 1525 1514 1053 2368 1709 1587 2095 1768 1317 1545 1166 2120 2103 1933 2413 1839 2017 2427 1480 2306 2550 1429 1689 2361 1187 2049 2340 1107 1916 2063 619 1036 256 2289 1235 2308 179 1271
654 1026 2337 939 906 1080 147 2314 1444 759 1034 779 763 1719 1880 1026 522 1298 1243 729 861 1328 1770 920 2625 1335 1929 1818 1159 1960 0 1245 1033 2214 1498 1566 902 998 1367 595 888 1390 1175 969 1403 1597 465 2212 770 418 1038 767 1317 1132 603 1297 759 1900 1183 1346 2149 2076 623 719 1091 1110 1597 950 1230 1615 692 875 1131 1761 695 1774 944 416 773 985 670 190 279 853 1535 1572 1479 590 1181 1850 933 1193 1267 1618 464 1405 1539 427 1433 995 966 1202 895 1675 946 1064 575 1269 1947 1970 1965 677 789 1523 762 238 778 927 1975 2010 1403 1602 1094 1239 615 1070 1051 1383 611 2036 615 1766 813 1488 721 967 925 879 722 1564 1591 574 1024 1025 1685 1722 1225 1201 1417 1796 947 2215 690 2327 1129 494 201 1359 1976 721 614 1401 1451 1439 1285 611 851 560 816 877 1549 1777 1092 1427 176 1127 648 1765 184 1110 728 1030 1080 1661 925 1124 1537 1123 941 1043 1075 1138 1676 2026 1794 1011 840 1030 2086 739
1090 1174 1635 1088 1469 1644 1345 1673 507 1911 883 1901 1279 1465 1625 1590 1625 1446 958 877 765 1685 1515 1483 1985 1081 1289 1115 1723 1320 1245 0 2157 1574 1244 1176 1466 796 503 1644 924 1135 1323 818 498 894 952 1509 1250 1372 1054 1249 673 676 922 1861 908 1197 928 681 1894 1373 1664 1283 2192 638 957 655 560 912 716 605 1268 1111 1817 1134 674 1466 845 1324 819 1372 1322 1546 630 1318 614 1245 478 1595 2011 1757 982 1195 1348 1150 1285 1529 1178 1559 1530 590 920 1421 2061 1212 1697 1014 1244 1330 1263 1687 730 882 810 1287 754 918 1298 1370 700 952 619 1387 765 770 818 730 1652 1396 1657 861 1941 555 847 1531 1489 1508 810 1309 888 1206 1479 874 983 1070 970 1765 1162 887 972 1513 1294 1624 2193 1539 1125 495 1331 869 1032 798 419 534 1031 1653 1448 938 1380 1507 1294 1522 375 1250 1388 1680 1698 860 1302 2174 838 2053 1835 1406 1436 2108 1282 1271 2073 842 1663 1286 974 1323 1154 1575 890 1593 1446 787
1586 1958 2811 1872 1838 2012 915 2772 2356 328 1440 467 1709 2178 2338 1959 683 2230 2175 1486 1494 2260 2228 1852 3083 1794 2387 2409 2002 2418 1033 2157 0 2672 1957 2498 1835 1503 2288 1341 1255 1848 2107 1434 2315 2120 1383 2686 907 1244 1175 1152 1857 1720 1509 2229 1516 2491 1641 1804 2607 2667 1257 1651 299 1853 2056 1883 1990 2138 1624 1808 2064 2219 370 2232 1840 1207 1455 935 1602 882 1062 751 2447 2031 2400 1536 2019 2308 284 2125 2199 2076 1404 1803 1998 663 1891 1927 1898 1962 1828 2134 388 1997 500 1721 2538 2428 2557 1424 1603 1981 1419 1097 1592 1308 2433 2468 1994 2060 1687 2172 1548 1627 1557 1903 702 2495 1250 2678 291 2400 1635 1899 1857 766 1614 2022 2114 1520 927 1490 2276 2655 1659 2134 1875 2708 1879 2690 1540 2801 205 1182 1150 2280 2434 1653 1542 1925 2362 2351 1744 1246 802 1462 1749 764 2007 2235 2003 2359 857 766 1393 2677 955 185 1622 259 1898 2119 875 187 1995 2056 272 1547 763 2070 2199 2617 2252 1943 1388 1962 2544 1435
2122 2205 1380 2119 2439 2613 2314 1203 1773 2426 1235 2510 2298 993 1035 2559 2594 2477 2082 1621 1471 2717 1012 2452 1374 1123 452 1245 2692 897 2214 1574 2672 0 1187 2327 2435 1363 1528 2613 1446 1078 2354 1291 1732 1066 1935 1255 1766 2341 1561 1772 1036 1582 1844 2830 1651 1670 1183 930 1405 1619 2633 2252 2699 1694 921 1711 1427 1043 1748 1637 2311 741 2333 495 1706 2435 1556 1831 1851 2341 2291 2061 1864 1114 1639 2214 1339 1041 2518 2726 2106 1038 2317 1193 929 2498 1066 2528 2499 1455 1951 918 2568 2244 2509 1260 1716 388 1384 2656 1686 1087 1519 2256 1676 1428 1001 947 1172 875 1548 2419 1796 1475 1416 1253 2621 974 2626 2095 2463 1817 1722 2500 2458 2023 1793 1058 1075 2175 1986 1306 1455 2304 1225 2734 1113 1948 2003 1258 2263 1370 2700 2508 2094 1520 723 1900 1982 1321 1779 1768 1183 2622 1964 1841 2349 2022 1134 1014 1421 2374 2357 2187 2667 2094 2271 2681 1734 2560 2804 851 1943 2616 915 2303 2595 1362 2170 2317 1159 1795 766 2544 1489 2562 983 1525
1435 1518 1659 1432 1723 1897 1598 1620 1442 1710 519 1794 1601 331 809 1843 1878 1790 1735 905 755 2029 522 1737 1931 234 933 1257 1976 1266 1498 1244 1957 1187 0 1996 1719 647 1198 1898 730 147 1667 576 1401 968 1231 1534 1050 1626 845 1056 705 872 1128 2114 935 1339 349 652 1078 1515 1917 1536 1983 1031 903 1381 1097 986 1174 1290 1624 1067 1617 1080 1208 1719 841 1115 1162 1625 1575 1346 1533 137 1309 1498 1009 778 1802 2010 1759 589 1601 326 349 1783 475 1812 1783 1109 1387 364 1852 1556 1793 435 1386 1249 1404 1940 970 829 804 1541 960 713 1281 1316 842 908 838 1731 1107 759 700 932 1906 1343 1910 1765 1747 1486 1006 1784 1742 1308 1077 219 962 1459 1270 590 1124 1973 391 2018 181 1618 1439 1537 1547 1649 1984 1793 1378 1189 968 1213 1266 1000 1449 1438 349 1906 1248 1125 1633 1306 113 706 1090 1919 1641 1472 1951 1763 1555 1965 1019 1844 2088 590 1227 1900 375 1616 1879 646 1454 1630 1047 1465 1100 1828 774 1847 1392 809
1327 1255 2387 1227 1771 1964 1665 2426 845 2262 1535 2221 1516 2217 2378 1775 1945 1110 477 1254 1350 1415 2268 1804 2738 1833 2042 1868 2043 2073 1566 1176 2498 2327 1996 0 1787 1429 1418 1965 1404 1888 1226 1470 861 1647 1272 2262 1739 1693 1599 1718 1425 1312 1242 2181 1285 1870 1681 1433 2647 2011 1984 1603 2566 1028 1710 640 1280 1665 1037 712 795 1864 2170 1886 987 1786 1270 1869 1134 1692 1642 2035 771 2070 1529 1565 1231 2347 2408 2077 501 1947 1668 1903 2037 1850 1931 1879 1850 1253 816 2173 2421 862 2017 1767 1921 2082 1985 2007 1043 1635 1236 1608 1067 1448 2051 2122 1453 1705 1250 1070 1085 1390 1438 1460 1973 2149 1977 488 2273 819 1167 1851 1809 1997 1131 2062 1641 1526 2024 1526 1725 260 1723 2085 1915 1114 822 2266 1615 2377 2594 1860 1445 1409 2084 1110 1352 1466 1200 898 1783 1973 1937 1259 1701 1996 2047 2275 1105 677 1709 2225 2018 841 1622 2575 1158 2505 2156 2159 1980 2590 2035 1292 2405 1465 2207 1325 1726 1701 1906 1865 1330 1914 2198 1212
