NAME: zurich_200_11
COMMENT: TSP instance with 200 nodes. City: Zurich, Switzerland, Seed: 53
TYPE: TSP
DIMENSION: 200
EDGE_WEIGHT_TYPE: EXPLICIT
EDGE_WEIGHT_FORMAT: FULL_MATRIX
NODE_COORD_SECTION:
1 47.472512 8.5250323
2 47.3882734 8.2896868
3 47.4083504 8.3363029
4 47.5157703 8.7652492
5 47.3631345 8.3687836
6 47.3914119 8.5199394
7 47.3809532 8.5381354
8 47.2186895 8.6121713
9 47.4110934 8.4327588
10 47.2254308 8.625699
11 47.3416533 8.5726408
12 47.3401714 8.6700011
13 47.2509775 8.5290325
14 47.2747729 8.4573214
15 47.3711026 8.774822
16 47.3013896 8.7201595
17 47.4174319 8.3728463
18 47.2595312 8.5987885
19 47.5015584 8.790254
20 47.3934484 8.7574509
21 47.4124837 8.5995749
22 47.2542929 8.6065504
23 47.3703335 8.3584098
24 47.3579614 8.5194277
25 47.4248047 8.4057211
26 47.5241426 8.6649
27 47.2515332 8.5304227
28 47.2399497 8.6509686
29 47.3444857 8.7017865
30 47.3246389 8.597059
31 47.2277088 8.5535077
32 47.438977 8.4876388
33 47.3945449 8.603304
34 47.3621493 8.7470971
35 47.4423172 8.6989004
36 47.4622048 8.7749032
37 47.2462442 8.6457413
38 47.2020751 8.5154026
39 47.3837643 8.6765341
40 47.3976803 8.4438734
41 47.4960342 8.2770858
42 47.2800193 8.5799966
43 47.4860459 8.298382
44 47.3443301 8.5963831
45 47.4118158 8.711643
46 47.4020355 8.4977946
47 47.5112584 8.4771978
48 47.1956298 8.4907117
49 47.3899488 8.6742738
50 47.2479715 8.3673804
51 47.3119991 8.7219483
52 47.3933627 8.6766175
53 47.3978043 8.7722038
54 47.1963962 8.5711482
55 47.2326488 8.4531252
56 47.5219648 8.4381496
57 47.2926715 8.6039881
58 47.467416 8.3179638
59 47.2085388 8.6991084
60 47.3572793 8.5072505
61 47.2948894 8.36005
62 47.2728755 8.4403203
63 47.1955972 8.4753662
64 47.5284508 8.4606594
65 47.3734235 8.542849
66 47.3679529 8.7118491
67 47.3044972 8.7582542
68 47.3986022 8.4548383
69 47.2032762 8.754063
70 47.4415107 8.4835431
71 47.4287796 8.5451891
72 47.408067 8.3928769
73 47.3779779 8.4929122
74 47.3749849 8.301282
75 47.3690859 8.2755332
76 47.4227892 8.6173733
77 47.3995168 8.4109871
78 47.413587 8.6030212
79 47.3970751 8.4480338
80 47.3721596 8.7786461
81 47.2742439 8.3323934
82 47.3801965 8.3951403
83 47.4366955 8.4331856
84 47.3978117 8.7715761
85 47.4714284 8.7843629
86 47.2089027 8.4593939
87 47.4477098 8.5837755
88 47.5141485 8.595093
89 47.4431836 8.6327572
90 47.3235503 8.8054252
91 47.3901923 8.6822781
92 47.5048173 8.5958357
93 47.3555942 8.6017063
94 47.3298564 8.7472453
95 47.4749303 8.2903372
96 47.3183818 8.3831486
97 47.3674921 8.422693
98 47.4501716 8.7939161
99 47.5074027 8.5460684
100 47.4915434 8.7227978
101 47.3985738 8.4550205
102 47.4460994 8.6459351
103 47.3393116 8.670487
104 47.3887764 8.3298507
105 47.5466331 8.7150133
106 47.3546867 8.7153016
107 47.348099 8.6992694
108 47.2185157 8.6078384
109 47.2513809 8.4675317
110 47.2184973 8.6595508
111 47.3173356 8.7900767
112 47.3878006 8.7586574
113 47.553183 8.5079547
114 47.3319904 8.535345
115 47.3594519 8.2815951
116 47.3131215 8.344573
117 47.3732852 8.5664589
118 47.2593532 8.3699508
119 47.2794504 8.5704288
120 47.3966326 8.5228809
121 47.5260921 8.7159931
122 47.3260878 8.7577784
123 47.4557834 8.4431076
124 47.313626 8.3885843
125 47.2299152 8.6422341
126 47.3083172 8.3305752
127 47.2929839 8.449799
128 47.3047912 8.5955766
129 47.3891857 8.6184875
130 47.4496133 8.5696935
131 47.3966516 8.4237472
132 47.3881025 8.4774852
133 47.4247254 8.5419462
134 47.3672162 8.5402242
135 47.4300429 8.6822207
136 47.5144798 8.3622586
137 47.2562509 8.7647393
138 47.3438098 8.7175662
139 47.3696498 8.5434975
140 47.2947407 8.3919438
141 47.4079499 8.4154975
142 47.4150411 8.6306669
143 47.3435968 8.5751309
144 47.3829517 8.4998956
145 47.454059 8.5893918
146 47.3280705 8.793779
147 47.31351 8.3274579
148 47.5079356 8.7709831
149 47.1995749 8.4854307
150 47.2971944 8.3163576
151 47.341097 8.4581813
152 47.4195708 8.5481276
153 47.3155875 8.7958548
154 47.337869 8.53625
155 47.3733741 8.6413446
156 47.3775309 8.5332536
157 47.4466736 8.3548753
158 47.2011488 8.7521426
159 47.5486845 8.5469167
160 47.3308666 8.2964153
161 47.3817026 8.5299303
162 47.3242567 8.7921244
163 47.3862177 8.5183888
164 47.528754 8.6649691
165 47.5057668 8.3456845
166 47.4438934 8.6318932
167 47.3837546 8.7586078
168 47.5172562 8.5345523
169 47.2469815 8.7333867
170 47.3740314 8.2949766
171 47.2020657 8.6854276
172 47.4056015 8.6284628
173 47.4645937 8.3317431
174 47.384878 8.7193583
175 47.5366557 8.2869564
176 47.3625517 8.5352655
177 47.3494262 8.2845221
178 47.4551455 8.385679
179 47.2930931 8.5660966
180 47.3462791 8.6021054
181 47.3088357 8.5843895
182 47.44523 8.798087
183 47.3019827 8.7494932
184 47.2545821 8.7953969
185 47.4419373 8.4864852
186 47.2938453 8.3592692
187 47.4083321 8.5601752
188 47.4345372 8.5667877
189 47.4932289 8.2928067
190 47.3418868 8.569735
191 47.3117951 8.4665565
192 47.3071824 8.6083059
193 47.4554063 8.2823855
194 47.429064 8.3973376
195 47.4773601 8.7569907
196 47.4632493 8.608932
197 47.3679158 8.3632616
198 47.3569512 8.5350939
199 47.2299151 8.6670173
200 47.4264434 8.6058736
EDGE_WEIGHT_SECTION:
0 1720 1311 1459 1152 726 752 1590 850 1539 1106 1108 1785 1508 1221 1425 919 1623 1517 1209 634 1560 1281 969 853 1124 1851 1671 1095 1321 1999 473 600 1034 840 1541 1740 1921 882 878 1468 1450 1287 1162 1065 779 434 1945 786 1840 1337 765 1364 2015 1658 750 1594 1182 1776 1040 1574 1371 1843 618 828 892 1369 866 2115 434 331 911 931 1587 1804 666 888 618 836 1272 1898 919 819 1359 1544 1761 443 670 753 1368 815 599 1088 1192 1295 1361 895 1497 284 1090 866 799 1121 1517 1350 995 1069 1660 1624 1636 1310 1258 713 1141 1706 1592 863 1757 1475 706 1253 1308 618 1376 1537 1732 1389 1455 696 424 828 1018 431 843 912 1026 1769 1093 827 1545 752 619 1111 899 546 1294 1742 1433 1904 1903 1061 396 1322 1150 889 771 1054 2089 578 1794 731 1272 796 1094 1069 736 1215 392 1905 1661 1662 680 1135 980 1406 888 1618 888 1340 1178 1351 1557 1376 1782 439 1584 591 344 1406 1073 1301 1581 1228 900 1434 590 1192 930 1712 649
1720 0 474 2586 681 1443 1405 1664 1246 1613 1636 2168 1625 1335 2348 2320 892 1697 2645 2336 1781 1634 710 1179 1241 2384 1692 1745 2222 1851 1867 1493 1727 2161 1967 2669 1814 1761 2009 1139 1160 1524 979 1757 2193 1496 1898 1785 1914 1137 2407 1893 2491 2089 1402 1988 2124 940 1851 1291 726 1212 1683 2076 1387 2019 2497 1190 2189 1454 1469 1029 1299 140 292 1794 1108 1746 1160 2400 1031 877 1574 2486 2671 1597 1649 2115 1959 2496 1943 2044 1828 2319 940 785 946 2624 1927 2217 1190 2005 2180 347 2478 2122 2197 1734 1465 1710 2437 2386 2287 1215 284 714 1556 1024 1549 1523 2380 2435 1408 801 1611 758 1202 1985 1823 1630 1057 1391 1570 1328 2039 1363 2634 2220 1381 938 1125 1746 1684 1380 1752 2421 678 2561 1745 813 902 1534 2449 1269 2016 1322 1141 2163 2152 544 1394 2399 1438 2403 1232 1942 2343 1969 2706 133 1736 1807 1032 2108 1569 1290 361 1217 1414 1773 1881 2684 2424 2739 1459 736 1682 1556 1098 1603 1142 2112 722 1150 2562 1796 700 1301 1786 1846
1311 474 0 2177 446 1027 1161 1680 962 1629 1556 1826 1641 1352 1939 2143 418 1713 2236 1927 1371 1650 384 1195 767 1975 1708 1761 1813 1771 1883 1084 1318 1752 1558 2259 1830 1777 1600 810 942 1540 761 1668 1783 1081 1535 1801 1504 1399 2055 1484 2082 2105 1508 1733 2044 722 1867 1295 988 1228 1699 1717 1296 1610 2087 861 2205 1045 1060 554 1066 522 689 1384 653 1336 831 1990 1312 653 1133 2077 2262 1618 1240 1705 1550 2086 1533 1634 1732 1910 721 803 886 2215 1518 1808 861 1596 1839 207 2069 1713 1788 1750 1481 1726 2028 1976 1877 1231 681 976 1430 1286 1565 1115 1971 2026 1035 818 1627 1020 1220 1905 1414 1221 729 1036 1161 1244 1630 1145 2487 1811 1297 988 651 1337 1604 1050 1342 2012 939 2151 1761 1150 918 1125 2040 1285 1607 1163 762 2179 1743 941 1140 1990 1022 1994 1014 1533 1933 1560 2612 530 1752 1398 807 1698 1351 1259 758 844 1430 1684 1801 2275 2094 2500 1050 997 1310 1146 880 1523 1158 2031 504 676 2153 1387 379 1287 1802 1437
1459 2586 2177 0 2018 1380 1404 2241 1611 2191 1757 1604 2463 2312 1239 1752 1785 2275 366 1083 1141 2212 2147 1621 1719 620 2529 2323 1422 1962 2650 1527 1096 1319 770 639 2392 2724 1203 1745 2334 2102 2153 1747 995 1524 1644 2749 1108 2643 1664 1092 1086 2667 2462 1947 2201 2048 2428 1692 2440 2175 2647 1760 1480 1219 1696 1732 2767 1488 1208 1777 1584 2453 2670 989 1754 1106 1702 1279 2765 1785 1736 1080 563 2565 1265 994 1136 1695 1133 1032 1585 1519 2161 2227 1761 740 1374 453 1732 972 1617 2384 539 1322 1396 2312 2428 2288 1637 1191 1648 1792 2572 2458 1455 2561 2126 1359 441 1635 1609 2243 2189 2598 2203 2106 1192 1245 1694 1704 1309 1495 842 2284 2096 1420 1479 2411 1619 946 1762 1553 1295 1621 2608 260 2708 2770 1911 1273 1649 1802 1371 1423 1920 2741 1251 2661 1383 1599 1450 639 2327 1119 1147 1329 2232 2527 2314 1018 2002 1138 2664 1540 2484 1878 1991 1685 2002 811 1703 2109 1493 2450 1244 1193 2272 1724 2115 2199 2094 1767 454 1172 2058 1582 2364 1063
1152 681 446 2018 0 875 1008 1279 669 1228 1251 1667 1241 964 1780 1936 600 1313 2077 1768 1213 1250 155 794 724 1816 1307 1360 1654 1466 1482 925 1159 1593 1399 2101 1429 1377 1441 554 1261 1139 1080 1372 1625 925 1376 1401 1346 1102 1896 1325 1923 1704 1114 1574 1740 1014 1466 906 691 827 1299 1558 1002 1451 1929 605 1805 886 901 476 913 549 765 1226 469 1178 575 1832 1015 234 1134 1918 2103 1217 1081 1547 1391 1928 1375 1475 1443 1751 1041 477 536 2056 1359 1649 605 1437 1680 512 1910 1554 1629 1350 1080 1326 1869 1818 1719 830 667 708 1171 989 1164 962 1812 1867 1007 493 1227 797 845 1600 1255 1062 472 829 1002 943 1471 1464 2249 1652 996 662 542 1178 1299 898 1184 1853 716 1993 1360 927 517 966 1881 884 1448 937 883 1779 1584 756 982 1831 869 1835 1333 1374 1774 1401 2321 622 1351 1239 968 1540 1670 905 579 985 1029 1388 1496 2116 1935 2341 891 700 1151 988 1199 1218 757 1727 823 730 1994 1228 67 916 1401 1278
726 1443 1027 1380 875 0 158 1030 486 979 619 1022 1251 1100 1142 1240 635 1063 1438 1130 579 1000 1004 409 708 1178 1317 1111 1016 834 1438 668 514 955 761 1462 1180 1513 802 473 1184 890 1003 676 986 227 1080 1537 707 1432 1258 686 1285 1455 1250 1312 1108 898 1216 430 1297 963 1435 1243 334 813 1290 422 1555 629 428 644 286 1310 1526 587 586 565 429 1193 1570 641 768 1279 1465 1353 534 999 766 1289 736 928 732 1113 1012 1084 618 1417 812 1011 385 867 1035 1234 1271 916 990 1100 1216 1076 1231 1179 1171 581 1429 1315 427 1349 915 113 1174 1229 745 1099 977 1455 991 968 610 515 526 349 448 324 833 1385 1553 1014 338 1228 579 540 624 219 636 1215 1465 1354 1496 1626 742 341 1243 619 803 207 770 1529 1037 1517 167 1193 117 1197 1256 804 1136 854 1625 1383 1102 601 852 901 1593 363 1340 870 780 692 864 1478 1297 1658 634 1307 332 462 1122 586 903 1095 945 617 1355 681 915 400 1152 612
752 1405 1161 1404 1008 158 0 928 620 877 461 913 1149 998 1166 1081 769 962 1463 1154 603 898 1129 308 842 1202 1216 1009 1040 676 1337 766 538 979 785 1487 1078 1411 827 606 1318 788 1137 518 1011 337 1104 1435 732 1330 1168 711 1309 1353 1148 1412 949 1032 1115 396 1260 862 1333 1267 180 837 1272 556 1454 726 492 777 361 1273 1489 612 720 590 563 1218 1469 775 878 1304 1489 1252 558 1024 791 1314 761 953 573 1137 1145 1046 752 1442 836 1035 518 892 926 1236 1296 940 1015 998 1115 975 1255 1204 1196 479 1391 1277 301 1247 813 230 1198 1253 848 1055 876 1417 889 810 634 539 660 482 533 181 858 1518 1395 1038 180 1131 713 564 466 329 661 1239 1428 1379 1395 1569 673 412 1267 488 804 122 904 1427 1061 1480 96 1217 196 1221 1390 828 1161 878 1467 1346 1000 625 986 926 1727 230 1303 1003 678 534 706 1502 1185 1500 731 1270 367 486 1256 428 801 937 1078 750 1380 705 1040 268 1050 636
1590 1664 1680 2241 1279 1030 928 0 1217 158 1158 1690 577 952 2004 1843 1422 353 2300 1991 1441 290 1389 701 1495 2039 612 365 1877 1373 409 1596 1375 1816 1623 2324 434 601 1664 1242 1971 570 1790 1279 1848 1208 1942 770 1569 1416 1930 1548 2147 425 927 2245 1647 1685 489 813 1495 1020 871 2104 910 1674 2034 1249 828 1557 1330 1323 963 1531 1747 1449 1220 1427 1247 2055 1644 1251 1700 2141 2327 929 1395 1861 1628 2151 1598 1790 1350 1975 1798 1305 1049 2279 1673 1873 1208 1729 1703 1494 2133 1778 1852 71 968 330 2093 2041 2033 597 1650 1536 1078 1333 587 1065 2036 2091 1678 1313 231 1676 1114 1507 1460 1376 1160 1096 1377 850 1695 2174 2156 1876 903 1380 1326 1402 1207 932 1498 2076 1686 2216 828 1761 931 1256 2104 651 1581 844 1557 801 1898 1738 917 2054 977 2058 2043 1666 1998 1715 2228 1604 374 1462 1639 1763 2380 812 1561 1657 584 1295 1403 2340 1947 2262 1562 1497 1204 1324 1909 1125 1060 1634 1731 1404 2217 1543 1300 810 406 1473
850 1246 962 1611 669 486 620 1217 0 1167 1011 1260 1310 1033 1373 1516 570 1251 1669 1361 843 1188 798 663 599 1408 1377 1299 1247 1226 1534 615 751 1186 992 1693 1368 1446 1033 317 1154 1078 973 1093 1217 483 1061 1470 938 1365 1489 917 1516 1643 1184 1260 1499 868 1404 720 1100 897 1368 1243 755 1044 1521 342 1743 576 568 458 525 1113 1329 818 373 808 306 1424 1424 435 766 1510 1696 1287 718 1183 1001 1520 967 1112 1103 1344 981 886 421 1648 996 1242 303 1074 1273 1076 1502 1147 1221 1288 1150 1264 1462 1410 1355 768 1232 1118 814 1283 1102 520 1405 1460 693 902 1165 1257 915 1360 847 699 313 442 642 703 1064 1329 1844 1245 751 1071 417 771 1039 510 820 1446 1268 1585 1430 1429 587 558 1474 814 1040 622 740 1717 1221 1320 597 1424 481 1428 1226 1011 1367 1038 1952 1186 1290 832 822 1132 1563 694 1143 840 967 1109 1256 1709 1528 1908 581 1110 652 633 1092 978 827 1487 915 586 1586 865 709 705 1340 877
1539 1613 1629 2191 1228 979 877 158 1167 0 1108 1640 736 1111 1953 1792 1371 303 2250 1941 1390 240 1339 651 1445 1989 771 230 1827 1323 567 1546 1324 1766 1572 2273 299 760 1614 1192 1920 520 1739 1229 1797 1157 1891 929 1519 1538 1879 1498 2096 584 1086 2195 1596 1635 354 763 1468 1069 1029 2054 859 1624 1983 1199 693 1506 1279 1273 913 1480 1697 1398 1170 1376 1197 2004 1676 1200 1650 2091 2276 1087 1345 1811 1578 2100 1547 1739 1300 1924 1748 1254 999 2229 1623 1822 1157 1678 1652 1444 2083 1727 1802 229 1127 195 2042 1991 1982 546 1599 1485 1028 1455 536 1014 1985 2040 1628 1262 96 1625 1097 1457 1409 1326 1110 1045 1326 799 1644 2123 2106 1825 853 1339 1275 1351 1156 881 1448 2026 1635 2165 987 1776 881 1205 2054 600 1531 793 1506 667 1848 1688 866 2004 927 2008 1993 1615 1947 1665 2178 1554 240 1412 1588 1712 2330 762 1511 1606 534 1245 1353 2289 1896 2211 1511 1477 1154 1273 1858 1075 1009 1583 1681 1353 2167 1492 1250 759 271 1423
1106 1636 1556 1757 1251 619 461 1158 1011 1108 0 650 1380 1229 1266 766 1164 1192 1816 1245 949 1129 1361 494 1237 1555 1446 1240 963 257 1567 1130 746 1078 1139 1755 1309 1641 819 964 1713 1019 1532 202 1229 791 1458 1666 859 1560 853 886 1445 1584 1379 1770 589 1427 1345 606 1490 1092 1564 1621 391 936 957 918 1684 1091 846 1172 631 1503 1720 965 1115 935 920 1317 1699 1170 1288 1439 1795 1482 912 1377 1144 1207 857 1306 343 1045 1540 1277 1022 1710 1190 1389 876 1245 662 1467 1649 1040 1008 1229 1345 1205 1140 1294 1549 695 1622 1508 399 1478 1044 658 1552 1106 1212 1285 1106 1648 1120 434 712 893 1055 764 893 325 1163 1887 1079 954 324 1362 1108 918 50 600 1014 1240 1658 1732 1625 1799 903 772 1098 629 574 429 1299 1658 1414 1711 501 1212 609 1575 1785 1182 1251 1231 1151 1577 1231 922 1381 1016 2122 354 1534 1399 909 218 346 1749 870 1185 1096 1500 721 840 1651 53 1032 531 1473 1146 1733 1059 1273 399 1281 989
1108 2168 1826 1604 1667 1022 913 1690 1260 1640 650 0 1911 1760 845 422 1434 1724 1663 896 745 1661 1797 1026 1369 1402 1978 1771 427 621 2099 1176 525 657 976 1454 1841 2173 519 1394 1983 1551 1802 493 928 1167 1460 2197 558 2092 361 586 1088 2116 1910 1776 668 1698 1877 1138 2022 1624 2095 1623 874 617 555 1382 2216 1137 858 1426 1158 2035 2251 778 1403 710 1351 896 2231 1434 1385 1083 1495 2014 914 1380 988 872 557 1309 512 554 1811 1809 1411 1409 1192 1236 1380 1091 13 1998 1496 518 471 1761 1877 1737 783 937 1552 1227 2154 2040 750 2010 1575 1002 1399 615 1258 1817 1638 2180 1651 749 413 895 1343 1291 958 857 863 1933 778 417 851 1894 1268 714 652 1127 1017 845 2190 1579 2157 2331 1435 922 763 1161 273 920 1569 2190 1417 2242 992 823 1092 1421 1976 1026 894 1234 826 2108 1762 623 1651 716 2313 885 2065 1528 1440 431 724 1407 523 883 1142 2032 839 842 1921 666 1564 666 1744 1416 1580 1061 1708 931 1813 839
1785 1625 1641 2463 1241 1251 1149 577 1310 736 1380 1911 0 409 2225 2064 1383 931 2521 2213 1662 868 1351 923 1457 2261 74 942 2099 1595 249 1558 1596 2038 1844 2545 1011 420 1886 1204 1933 870 1751 1501 2069 1429 2009 589 1790 971 2151 1770 2368 563 491 2207 1868 1647 1066 1035 1044 525 668 2191 1131 1896 2255 1255 1405 1519 1534 1285 1153 1493 1709 1670 1182 1648 1225 2276 1191 1212 1767 2363 2548 586 1617 2082 1849 2372 1819 2011 1572 2196 1760 1032 1011 2501 1895 2094 1255 1950 1924 1456 2355 1999 2073 602 523 866 2314 2262 2254 805 1611 1213 1300 888 895 1286 2257 2312 1640 922 808 1352 572 1729 1681 1598 1122 1252 1598 1071 1916 2135 2378 2097 1125 892 1287 1623 1428 1153 1719 2298 1364 2437 647 1307 858 1477 2326 852 1802 1065 1518 1379 2120 1545 1138 2276 1199 2280 2005 1887 2219 1937 2450 1566 952 1684 1600 1984 2342 1033 1523 1618 760 1517 1625 2561 2168 2483 1524 1044 1426 1545 1871 1347 590 1855 1693 1365 2439 1764 1262 1024 983 1695
1508 1335 1352 2312 964 1100 998 952 1033 1111 1229 1760 409 0 2074 1913 1107 1289 2370 2062 1499 1227 1074 772 1180 2109 475 1317 1948 1444 650 1281 1445 1887 1693 2394 1386 644 1734 927 1656 1089 1475 1350 1918 1278 1732 685 1639 664 2000 1618 2217 937 398 1930 1717 1370 1436 883 656 136 583 1914 980 1745 2104 978 1775 1242 1257 1008 1033 1202 1418 1519 905 1485 948 2125 803 936 1490 2211 2397 502 1437 1903 1698 2221 1668 1831 1420 2045 1483 644 734 2349 1715 1943 978 1780 1773 1157 2203 1848 1922 977 365 1240 2163 2111 2074 807 1321 824 1149 581 1113 1135 2106 2161 1363 534 1183 964 184 1577 1530 1418 845 1165 1358 920 1765 1858 2227 1946 974 504 1010 1472 1277 1002 1540 2146 976 2286 645 919 581 1313 2175 862 1651 914 1242 1749 1940 1156 987 2125 1047 2129 1728 1717 2068 1757 2299 1275 1322 1533 1323 1833 2065 882 1232 1341 978 1365 1473 2410 2017 2332 1247 655 1275 1344 1594 1195 439 1704 1416 1088 2287 1584 985 893 1358 1543
1221 2348 1939 1239 1780 1142 1166 2004 1373 1953 1266 845 2225 2074 0 742 1547 2038 1198 213 899 1974 1910 1384 1482 1092 2292 2085 499 1266 2413 1289 858 187 630 788 2154 2487 516 1507 2096 1864 1915 1109 499 1287 1573 2511 533 2406 652 543 327 2429 2224 1889 1301 1811 2191 1454 2203 1938 2409 1736 1242 352 652 1495 2530 1250 971 1539 1347 2216 2432 742 1516 864 1464 53 2527 1547 1498 321 829 2328 1022 1461 935 553 531 1371 1095 504 1924 1989 1524 744 1305 925 1495 897 854 2146 1186 409 517 2074 2191 2050 495 214 1664 1555 2335 2221 1218 2323 1889 1122 1088 546 1371 2005 1951 2360 1965 1382 861 1008 1456 1466 1071 1257 625 2046 1038 441 1242 2174 1381 670 1268 1316 1130 454 2371 1164 2471 2532 1673 1035 506 1564 694 1185 1682 2503 1530 2423 1145 456 1212 1111 2089 973 171 1347 1216 2289 2076 700 1764 352 2426 1303 2246 1641 1754 1047 1357 720 691 969 1255 2213 1006 955 2034 1282 1877 1299 1857 1529 972 1128 1821 1344 2126 816
1425 2320 2143 1752 1936 1240 1081 1843 1516 1792 766 422 2064 1913 742 0 1751 1877 1809 828 1103 1813 2046 1179 1685 1550 2131 1924 361 650 2252 1493 947 590 1129 1404 1993 2326 720 1648 2300 1703 2119 610 960 1411 1777 2350 736 2245 89 747 1021 2268 2063 2093 703 2015 2030 1291 2175 1777 2248 1940 1040 552 274 1602 2369 1454 1174 1743 1316 2188 2404 946 1720 1068 1605 793 2384 1751 1702 1015 1445 2167 1225 1696 1139 580 735 1625 740 282 2128 1961 1706 1359 1509 1383 1560 1242 432 2151 1644 453 406 1913 2029 1889 502 870 1868 1380 2306 2192 982 2162 1728 1278 1546 343 1575 1970 1790 2332 1804 783 835 1212 1660 1449 1275 1009 1037 2250 450 351 1004 2046 1585 874 768 1284 1334 577 2343 1727 2310 2484 1588 1239 471 1313 695 1088 1886 2342 1734 2395 1160 555 1271 1569 2293 1177 827 1551 522 2261 1915 904 1968 664 2630 1038 2218 1845 1593 548 759 1340 229 558 1459 2185 1210 1159 2238 782 1716 701 2061 1733 1588 1378 1957 1083 1965 1020
919 892 418 1785 600 635 769 1422 570 1371 1164 1434 1383 1107 1547 1751 0 1456 1844 1535 979 1392 649 906 375 1583 1450 1503 1421 1379 1625 692 926 1360 1166 1867 1572 1519 1208 418 824 1282 643 1276 1391 689 1143 1544 1112 1438 1663 1092 1690 1847 1257 1341 1652 539 1609 904 1173 970 1442 1325 904 1218 1695 469 1948 653 668 162 674 940 1107 992 261 944 439 1598 1497 367 778 1685 1870 1360 848 1313 1158 1694 1141 1242 1340 1518 652 960 494 1823 1126 1416 469 1204 1447 625 1677 1321 1396 1492 1223 1468 1636 1584 1485 973 1099 1191 1038 1356 1307 723 1579 1634 711 975 1369 1327 988 1513 1022 829 337 644 769 852 1238 1026 2095 1419 905 1144 259 945 1212 658 950 1620 1278 1759 1503 1480 660 733 1648 1027 1215 771 435 1921 1351 1317 748 1598 630 1602 895 1141 1541 1168 2220 948 1494 1006 492 1306 1232 867 1141 521 1172 1292 1409 1883 1702 2108 658 1183 918 754 762 1131 900 1639 585 284 1761 995 560 904 1544 1045
1623 1697 1713 2275 1313 1063 962 353 1251 303 1192 1724 931 1289 2038 1877 1456 0 2334 2025 1475 76 1423 735 1529 2073 965 366 1911 1407 762 1630 1408 1850 1656 2358 312 954 1698 1276 2005 239 1824 1313 1882 1242 1975 1123 1603 1622 1964 1582 2181 779 1281 2279 1681 1719 547 847 1552 1154 1224 2138 943 1708 2068 1283 886 1591 1363 1357 997 1565 1781 1483 1254 1461 1281 2089 1761 1285 1734 2175 2360 1282 1429 1895 1662 2185 1632 1824 1384 2009 1832 1338 1083 2313 1707 1906 1242 1763 1736 1528 2167 1812 1886 424 1322 407 2127 2075 2067 631 1684 1570 1112 1539 295 1099 2069 2124 1712 1347 308 1709 1181 1541 1494 1410 1194 1130 1411 884 1729 2207 2190 1909 937 1423 1359 1435 1240 966 1532 2110 1720 2250 1181 1861 965 1290 2138 685 1615 878 1591 860 1932 1772 950 2088 1011 2092 2077 1699 2032 1749 2262 1638 432 1496 1672 1797 2414 846 1595 1690 374 1329 1437 2373 1981 2295 1596 1562 1238 1358 1943 1159 1093 1668 1765 1437 2251 1576 1334 844 461 1507
1517 2645 2236 366 2077 1438 1463 2300 1669 2250 1816 1663 2521 2370 1198 1809 1844 2334 0 1042 1200 2271 2206 1680 1778 791 2588 2381 1481 2021 2709 1586 1155 1278 828 582 2451 2783 1262 1803 2393 2161 2211 1806 1054 1583 1814 2807 1167 2702 1721 1151 1045 2726 2520 2118 2260 2107 2487 1751 2499 2234 2705 1930 1538 1278 1755 1791 2826 1546 1267 1835 1643 2512 2729 1048 1813 1165 1761 1238 2823 1843 1795 1039 449 2624 1323 1165 1195 1743 1191 1202 1643 1578 2220 2286 1820 636 1545 512 1791 1031 1676 2442 709 1381 1455 2371 2487 2347 1684 1150 1819 1851 2631 2517 1514 2620 2185 1418 612 1694 1668 2301 2248 2657 2261 2165 1250 1304 1753 1763 1367 1553 901 2343 2154 1477 1538 2470 1677 1005 1821 1612 1354 1646 2667 159 2767 2828 1969 1332 1696 1861 1429 1481 1979 2800 1422 2719 1442 1646 1508 810 2386 1178 1106 1499 2291 2585 2372 1077 2060 1175 2723 1599 2543 1937 2050 1744 2061 706 1762 2158 1551 2509 1303 1252 2331 1783 2174 2258 2153 1825 440 1231 2117 1640 2423 1121
1209 2336 1927 1083 1768 1130 1154 1991 1361 1941 1245 896 2213 2062 213 828 1535 2025 1042 0 887 1962 1897 1371 1469 994 2279 2073 550 1315 2400 1277 846 293 532 633 2142 2474 495 1495 2084 1852 1903 1088 401 1274 1561 2499 486 2393 741 512 293 2417 2212 1877 1352 1798 2178 1442 2190 1925 2397 1724 1230 353 783 1482 2517 1238 958 1527 1334 2203 2420 730 1504 852 1452 257 2515 1535 1486 288 673 2315 1009 1363 892 760 459 1273 1074 605 1911 1977 1511 588 1292 827 1482 799 905 2134 1088 456 532 2062 2178 2038 702 164 1652 1542 2322 2208 1205 2311 1876 1109 990 721 1359 1993 1939 2348 1953 1433 832 995 1444 1454 1059 1245 527 2034 1182 492 1229 2161 1369 658 1247 1303 1107 661 2358 1008 2458 2520 1661 1023 714 1552 673 1173 1670 2491 1517 2411 1133 663 1200 1013 2077 930 121 1334 1319 2277 2064 687 1752 254 2414 1290 2234 1628 1741 1027 1408 568 789 1176 1243 2200 994 943 2022 1261 1865 1350 1844 1517 816 1030 1808 1332 2114 803
634 1781 1371 1141 1213 579 603 1441 843 1390 949 745 1662 1499 899 1103 979 1475 1200 887 0 1411 1342 820 914 939 1729 1522 773 1114 1850 722 236 712 522 1224 1591 1912 560 939 1529 1301 1347 887 748 724 966 1936 464 1831 1015 444 1047 1866 1649 1282 1342 1243 1628 891 1635 1362 1834 1129 679 570 1047 927 1967 682 403 971 784 1648 1864 266 949 75 896 950 1941 979 931 1041 1226 1753 383 885 360 1046 493 814 725 870 1356 1422 956 1179 697 772 899 463 757 1578 1033 673 748 1511 1615 1487 988 936 1057 992 1767 1653 595 1748 1326 559 935 986 804 1437 1388 1793 1381 1306 332 400 889 903 503 694 576 1479 1447 771 679 1576 813 297 934 753 522 972 1803 1116 1896 1964 1122 434 1000 1001 525 622 1114 1940 922 1855 582 950 649 958 1522 398 893 739 1562 1721 1513 308 1196 658 1859 740 1678 1073 1191 825 1202 1239 1054 1460 687 1645 346 331 1467 924 1293 1340 1289 961 1117 567 1253 781 1563 177
1560 1634 1650 2212 1250 1000 898 290 1188 240 1129 1661 868 1227 1974 1813 1392 76 2271 1962 1411 0 1360 672 1466 2010 902 316 1848 1344 699 1567 1345 1787 1593 2295 262 891 1635 1213 1941 299 1760 1250 1819 1179 1912 1060 1540 1559 1900 1519 2117 716 1217 2216 1617 1656 484 784 1489 1090 1161 2075 880 1645 2004 1220 823 1528 1300 1294 934 1502 1718 1420 1191 1397 1218 2026 1697 1221 1671 2112 2297 1219 1366 1832 1599 2122 1569 1761 1321 1945 1769 1275 1020 2250 1644 1843 1178 1699 1673 1465 2104 1748 1823 361 1259 344 2063 2012 2004 568 1620 1506 1049 1476 351 1035 2006 2061 1649 1283 245 1646 1118 1478 1431 1347 1131 1067 1347 821 1665 2144 2127 1846 874 1360 1296 1372 1177 902 1469 2047 1657 2187 1118 1798 902 1226 2075 622 1552 815 1527 796 1869 1709 887 2025 948 2029 2014 1636 1969 1686 2199 1575 369 1433 1609 1734 2351 783 1532 1627 430 1266 1374 2310 1917 2232 1532 1498 1175 1294 1880 1096 1030 1605 1702 1374 2188 1513 1271 781 412 1444
1281 710 384 2147 155 1004 1129 1389 798 1339 1361 1797 1351 1074 1910 2046 649 1423 2206 1897 1342 1360 0 904 793 1945 1417 1470 1783 1576 1592 1054 1288 1722 1528 2230 1540 1487 1570 683 1199 1250 1018 1482 1754 1054 1505 1511 1475 1202 2026 1454 2052 1814 1224 1703 1850 979 1576 1016 791 937 1409 1687 1113 1580 2058 734 1915 1015 1030 536 1025 578 794 1355 542 1307 704 1961 1115 363 1252 2047 2232 1328 1210 1676 1520 2057 1504 1605 1553 1880 978 583 656 2185 1488 1778 734 1566 1809 462 2039 1683 1758 1460 1190 1436 1998 1947 1848 940 696 781 1282 1089 1274 1091 1941 1996 1136 598 1337 826 955 1710 1384 1191 601 959 1131 1053 1601 1401 2359 1781 1106 768 611 1307 1410 1027 1313 1982 745 2122 1471 956 627 1095 2010 995 1577 1047 932 1889 1713 785 1101 1960 999 1964 1271 1503 1904 1530 2431 651 1462 1368 1030 1669 1608 1015 608 1034 1139 1498 1606 2245 2064 2460 1020 800 1281 1117 1137 1328 867 1837 761 779 2123 1357 92 1026 1512 1407
969 1179 1195 1621 794 409 308 701 663 651 494 1026 923 772 1384 1179 906 735 1680 1371 820 672 904 0 979 1419 989 783 1257 709 1110 988 724 1196 1002 1704 852 1184 1044 675 1455 562 1273 615 1228 588 1321 1208 949 1103 1266 928 1526 1127 922 1628 983 1169 888 124 1033 635 1107 1484 270 1054 1370 629 1227 949 709 838 329 1046 1263 829 735 807 632 1435 1242 766 1080 1521 1706 1025 775 1241 1008 1531 978 1170 686 1354 1282 820 565 1659 1053 1252 587 1109 1039 1010 1513 1157 1232 772 888 748 1472 1421 1413 252 1165 1051 414 1021 586 445 1415 1470 1061 828 649 1191 663 843 798 756 675 471 757 193 1075 1657 1492 1255 242 905 838 781 542 311 878 1456 1201 1596 1168 1342 446 636 1484 307 917 224 1041 1201 1278 1253 296 1434 357 1438 1527 1045 1378 1095 1564 1120 774 842 1122 1143 1864 156 1077 1140 451 631 739 1719 1283 1598 954 1043 584 704 1393 461 575 970 1215 887 1597 922 815 183 824 853
853 1241 767 1719 724 708 842 1495 599 1445 1237 1369 1457 1180 1482 1685 375 1529 1778 1469 914 1466 793 979 0 1517 1523 1577 1355 1452 1698 626 860 1294 1100 1802 1646 1593 1142 395 937 1356 756 1350 1326 574 1077 1617 1047 1512 1598 1026 1624 1920 1330 1275 1726 635 1682 977 1246 1044 1515 1259 977 1152 1630 446 2021 587 602 340 746 1234 1450 927 368 879 416 1533 1571 490 636 1619 1804 1434 782 1248 1092 1629 1076 1177 1349 1452 765 1033 568 1757 1060 1350 446 1138 1381 974 1611 1255 1330 1566 1297 1542 1570 1519 1420 1046 1353 1264 1078 1429 1380 761 1513 1568 664 1049 1443 1404 1061 1586 956 763 404 660 703 925 1173 1140 2029 1353 979 1217 210 879 1285 731 885 1554 1400 1694 1577 1576 733 667 1582 1101 1149 844 397 1995 1285 1441 822 1532 703 1536 1010 1075 1476 1102 2166 1297 1568 940 577 1241 1347 940 1264 397 1245 1366 1482 1817 1636 2042 592 1256 853 689 875 1204 973 1713 698 102 1695 929 704 977 1618 979
1124 2384 1975 620 1816 1178 1202 2039 1408 1989 1555 1402 2261 2109 1092 1550 1583 2073 791 994 939 2010 1945 1419 1517 0 2327 2121 1220 1760 2448 1325 894 1157 568 966 2190 2522 1001 1543 2132 1900 1951 1545 793 1322 1189 2546 906 2441 1462 890 1092 2465 2260 1493 1999 1846 2226 1490 2238 1973 2444 1305 1278 1017 1494 1530 2565 1285 1006 1575 1382 2251 2468 787 1552 904 1500 1137 2562 1583 1534 1086 891 2363 1019 540 955 1493 931 577 1383 1317 1959 2025 1559 1068 920 518 1530 791 1415 2181 373 1120 1194 2110 2226 2086 1435 1044 1194 1590 2370 2256 1253 2359 1924 1157 387 1433 1407 2040 1987 2396 2000 1904 990 994 1492 1502 1107 1293 640 1857 1894 1218 1277 2209 1416 744 1560 1351 919 1418 2406 707 2506 2567 1709 1071 1447 1600 1168 1220 1718 2539 792 2458 1181 1396 1248 87 1900 938 1001 874 2030 2325 2112 816 1800 936 2237 1338 2282 1676 1789 1483 1800 1138 1501 1907 1290 2248 1042 991 2070 1522 1913 1997 1892 1564 781 796 1856 1380 2162 861
1851 1692 1708 2529 1307 1317 1216 612 1377 771 1446 1978 74 475 2292 2131 1450 965 2588 2279 1729 902 1417 989 1523 2327 0 977 2165 1661 284 1625 1662 2104 1911 2612 1046 455 1952 1270 1999 937 1818 1567 2136 1496 2075 624 1857 1005 2218 1836 2435 597 526 2274 1935 1713 1101 1101 1088 591 702 2257 1197 1962 2322 1322 1440 1585 1600 1351 1219 1559 1776 1737 1248 1715 1291 2343 1234 1279 1834 2429 2615 621 1683 2149 1916 2439 1886 2078 1638 2263 1827 1099 1078 2567 1961 2161 1322 2017 1991 1523 2421 2066 2140 637 558 900 2381 2329 2321 872 1678 1256 1366 923 962 1353 2324 2379 1707 989 843 1395 639 1795 1748 1664 1188 1319 1665 1138 1983 2202 2444 2164 1191 959 1354 1690 1494 1220 1786 2364 1407 2504 682 1350 924 1544 2392 918 1869 1132 1585 1414 2186 1588 1204 2342 1265 2346 2071 1954 2286 2003 2516 1633 986 1750 1667 2051 2408 1100 1590 1685 827 1583 1691 2627 2235 2550 1590 1087 1492 1612 1937 1413 657 1922 1760 1432 2505 1831 1328 1090 1018 1761
1671 1745 1761 2323 1360 1111 1009 365 1299 230 1240 1771 942 1317 2085 1924 1503 366 2381 2073 1522 316 1470 783 1577 2121 977 0 1959 1455 774 1678 1456 1898 1704 2405 113 966 1746 1323 2052 582 1871 1361 1929 1289 2023 1135 1650 1669 2011 1629 2228 790 1292 2327 1728 1767 435 894 1599 1201 1235 2186 991 1756 2115 1331 724 1638 1411 1404 1044 1612 1829 1530 1301 1508 1328 2136 1808 1332 1782 2223 2408 1293 1477 1942 1709 2232 1679 1871 1432 2056 1880 1386 1131 2361 1755 1954 1289 1810 1784 1576 2214 1859 1933 435 1333 291 2174 2122 2114 678 1731 1617 1160 1587 642 1146 2117 2172 1760 1394 192 1757 1229 1589 1541 1458 1242 1177 1458 931 1776 2255 2238 1957 985 1471 1407 1483 1288 1013 1579 2158 1767 2297 1193 1908 1012 1337 2186 732 1662 925 1638 700 1980 1820 998 2136 1059 2140 2125 1747 2079 1797 2310 1686 346 1544 1720 1844 2461 893 1643 1738 665 1377 1485 2421 2028 2343 1643 1609 1286 1405 1990 1207 1141 1715 1813 1485 2299 1624 1382 891 206 1555
1095 2222 1813 1422 1654 1016 1040 1877 1247 1827 963 427 2099 1948 499 361 1421 1911 1481 550 773 1848 1783 1257 1355 1220 2165 1959 0 847 2286 1163 732 312 791 1083 2028 2361 376 1381 1970 1738 1789 807 621 1160 1447 2385 393 2280 275 415 743 2303 2098 1763 883 1684 2064 1328 2077 1811 2283 1610 1116 205 408 1368 2403 1124 844 1413 1221 2089 2306 616 1390 738 1338 550 2401 1421 1372 737 1124 2201 895 1366 809 612 391 1295 857 303 1798 1863 1398 1038 1179 1053 1368 912 436 2020 1314 133 46 1948 2064 1924 554 592 1538 1429 2208 2094 1080 2197 1763 995 1216 419 1245 1879 1825 2234 1839 964 647 882 1330 1340 945 1131 697 1920 805 109 1115 2047 1255 544 966 1189 1003 537 2244 1396 2344 2406 1547 909 565 1438 456 1059 1556 2377 1404 2297 1019 515 1086 1239 1963 847 549 1220 881 2163 1950 574 1638 325 2300 1176 2120 1514 1628 745 939 1062 414 821 1129 2086 880 829 1908 980 1751 881 1731 1403 1267 1048 1694 1218 2000 689
1321 1851 1771 1962 1466 834 676 1373 1226 1323 257 621 1595 1444 1266 650 1379 1407 2021 1315 1114 1344 1576 709 1452 1760 1661 1455 847 0 1782 1345 894 1078 1343 1825 1524 1856 889 1179 1928 1234 1747 358 1299 1006 1673 1881 929 1775 737 956 1509 1799 1594 1985 533 1642 1560 821 1705 1307 1779 1836 606 1006 841 1133 1899 1306 1061 1387 846 1718 1935 1147 1330 1079 1135 1317 1914 1385 1503 1504 1865 1697 1127 1592 1345 1091 927 1521 489 930 1755 1492 1237 1780 1405 1593 1091 1448 617 1682 1854 939 892 1444 1560 1420 1024 1358 1764 910 1837 1723 587 1693 1259 873 1756 991 1427 1500 1321 1863 1335 369 782 1108 1270 979 1108 540 1233 2102 963 838 539 1577 1323 1072 272 815 1229 1124 1873 1936 1840 2014 1118 987 982 844 644 644 1514 1873 1629 1926 716 1096 824 1779 2000 1383 1315 1446 1035 1792 1446 992 1596 1086 2337 568 1749 1614 1124 296 289 1820 754 1069 1311 1715 935 1055 1866 266 1247 466 1688 1361 1938 1274 1488 614 1496 1179
1999 1867 1883 2650 1482 1438 1337 409 1534 567 1567 2099 249 650 2413 2252 1625 762 2709 2400 1850 699 1592 1110 1698 2448 284 774 2286 1782 0 1799 1783 2225 2032 2733 843 419 2073 1445 2174 948 1993 1688 2257 1617 2250 588 1978 1129 2339 1957 2556 394 640 2449 2056 1888 898 1222 1211 733 689 2432 1318 2083 2443 1497 1237 1760 1739 1526 1372 1734 1951 1858 1423 1836 1466 2464 1358 1454 2009 2550 2736 642 1804 2270 2037 2560 2007 2199 1759 2384 2002 1274 1253 2688 2082 2282 1497 2138 2112 1698 2542 2187 2261 434 682 697 2502 2450 2442 1006 1853 1379 1487 1046 952 1474 2445 2500 1882 1164 640 1519 814 1916 1869 1785 1363 1489 1786 1259 2104 2377 2565 2285 1312 1119 1529 1811 1615 1341 1907 2485 1531 2625 646 1474 1099 1665 2513 1060 1990 1253 1760 1210 2307 1711 1325 2463 1386 2467 2246 2075 2407 2124 2637 1808 783 1871 1842 2172 2583 1221 1765 1860 894 1704 1812 2748 2356 2671 1765 1210 1613 1733 2112 1534 832 2043 1935 1607 2626 1952 1503 1219 815 1882
473 1493 1084 1527 925 668 766 1596 615 1546 1130 1176 1558 1281 1289 1493 692 1630 1586 1277 722 1567 1054 988 626 1325 1625 1678 1163 1345 1799 0 668 1102 908 1610 1747 1694 950 652 1241 1457 1060 1187 1134 473 632 1718 855 1613 1405 834 1432 2021 1431 830 1619 872 1783 957 1348 1145 1616 814 858 960 1438 639 2122 58 356 684 726 1360 1577 735 661 687 609 1341 1672 692 473 1427 1612 1535 590 1056 900 1436 884 984 1157 1260 1069 1134 669 1565 723 1158 639 946 1189 1291 1419 1063 1138 1667 1398 1643 1378 1327 1142 1147 1479 1365 878 1530 1481 634 1321 1376 273 1150 1544 1505 1162 1479 764 571 601 734 387 873 980 938 1837 1161 857 1318 526 687 1135 712 693 1362 1515 1501 1678 1677 835 445 1390 1181 957 778 766 2096 1008 1568 738 1340 736 1344 981 883 1283 803 1973 1434 1669 748 814 1048 1318 915 1391 542 1346 1203 1375 1625 1444 1850 43 1357 640 497 1179 1097 1074 1606 1002 674 1503 737 965 959 1719 787
600 1727 1318 1096 1159 514 538 1375 751 1324 746 525 1596 1445 858 947 926 1408 1155 846 236 1345 1288 724 860 894 1662 1456 732 894 1783 668 0 671 477 1178 1525 1858 481 886 1475 1235 1294 668 702 658 952 1882 405 1777 886 403 1001 1800 1595 1268 1122 1189 1561 823 1581 1308 1780 1115 556 529 1007 873 1900 629 349 918 719 1594 1811 292 895 201 843 909 1906 926 877 996 1181 1698 406 871 496 1005 445 800 494 829 1302 1368 902 1134 683 727 872 599 538 1525 988 632 707 1445 1561 1421 947 896 1043 914 1713 1599 359 1694 1260 493 890 945 750 1384 1322 1739 1336 1117 113 386 835 838 450 555 549 1425 1302 730 549 1548 760 251 714 687 508 931 1749 1070 1841 1911 1051 414 959 859 306 557 1061 1874 908 1802 517 909 584 913 1468 534 852 725 1351 1668 1447 218 1143 617 1805 583 1625 1019 1125 606 1018 1194 1013 1408 634 1591 331 334 1413 740 1248 1120 1235 908 1072 553 1199 629 1497 345
1034 2161 1752 1319 1593 955 979 1816 1186 1766 1078 657 2038 1887 187 590 1360 1850 1278 293 712 1787 1722 1196 1294 1157 2104 1898 312 1078 2225 1102 671 0 710 869 1967 2300 329 1320 1909 1677 1728 922 567 1099 1386 2324 345 2218 502 356 445 2242 2037 1702 1114 1623 2003 1267 2016 1750 2222 1549 1055 165 544 1307 2342 1063 783 1352 1160 2028 2245 555 1329 677 1277 239 2340 1360 1311 440 909 2140 834 1305 748 523 344 1234 908 367 1737 1802 1337 824 1118 990 1307 851 667 1959 1251 221 330 1887 2003 1863 465 295 1477 1368 2147 2033 1030 2136 1702 934 1153 483 1184 1818 1764 2173 1778 1195 674 821 1269 1279 884 1070 646 1859 944 254 1054 1986 1194 483 1081 1128 942 424 2183 1244 2283 2345 1486 848 477 1377 507 998 1495 2316 1343 2236 958 426 1025 1176 1902 786 251 1159 1080 2102 1889 513 1577 272 2239 1115 2059 1453 1567 860 1170 805 551 939 1068 2025 819 768 1847 1095 1690 1112 1670 1342 1052 987 1633 1157 1939 628
840 1967 1558 770 1399 761 785 1623 992 1572 1139 976 1844 1693 630 1129 1166 1656 828 532 522 1593 1528 1002 1100 568 1911 1704 791 1343 2032 908 477 710 0 780 1773 2106 538 1126 1715 1483 1534 1120 331 905 1192 2130 442 2025 1041 447 630 2048 1843 1508 1574 1430 1810 1073 1822 1556 2028 1355 861 586 1073 1114 2148 869 589 1158 966 1835 2051 371 1135 487 1083 675 2146 1166 1117 624 789 1946 646 922 517 1072 463 828 966 896 1543 1608 1143 735 924 401 1114 395 988 1765 661 689 765 1693 1809 1669 1014 582 1283 1174 1953 1839 836 1942 1508 741 564 1012 990 1624 1570 1979 1584 1488 573 627 1075 1085 690 876 169 1665 1473 797 860 1792 1000 327 1144 934 727 998 1990 744 2089 2151 1292 654 1026 1183 705 804 1301 2122 1149 2042 764 976 831 587 1708 542 539 966 1609 1908 1695 399 1383 474 2045 921 1865 1260 1373 1058 1384 805 1080 1486 874 1831 625 574 1653 1106 1496 1572 1476 1148 745 623 1439 963 1745 444
1541 2669 2259 639 2101 1462 1487 2324 1693 2273 1755 1454 2545 2394 788 1404 1867 2358 582 633 1224 2295 2230 1704 1802 966 2612 2405 1083 1825 2733 1610 1178 869 780 0 2474 2807 1007 1827 2416 2184 2235 1598 727 1607 1893 2831 955 2726 1316 960 636 2749 2544 2209 1928 2131 2511 1775 2523 2258 2729 2056 1562 878 1359 1815 2850 1570 1291 1859 1667 2536 2752 1072 1836 1189 1784 829 2847 1867 1819 630 151 2648 1347 1341 1190 1336 938 1378 1584 1181 2244 2310 1844 226 1625 576 1815 1054 1467 2466 917 981 1058 2395 2511 2371 1278 740 1985 1875 2655 2541 1538 2643 2209 1442 764 1297 1692 2325 2272 2681 2285 2009 1274 1328 1777 1786 1391 1577 826 2367 1758 1068 1562 2494 1701 1028 1757 1636 1387 1237 2691 564 2791 2852 1993 1356 1290 1885 1183 1505 2002 2824 1597 2743 1466 1239 1532 985 2410 1201 697 1666 1895 2609 2396 1101 2084 766 2746 1623 2566 1961 2074 1537 1984 297 1365 1752 1575 2533 1327 1275 2355 1771 2197 1926 2177 1849 372 1282 2141 1664 2446 1145
1740 1814 1830 2392 1429 1180 1078 434 1368 299 1309 1841 1011 1386 2154 1993 1572 312 2451 2142 1591 262 1540 852 1646 2190 1046 113 2028 1524 843 1747 1525 1967 1773 2474 0 1035 1815 1393 2121 529 1940 1430 1998 1358 2092 1204 1719 1738 2080 1699 2297 859 1361 2396 1797 1836 452 964 1668 1270 1305 2255 1060 1825 2184 1400 741 1707 1480 1474 1114 1681 1898 1599 1371 1577 1397 2205 1877 1401 1851 2292 2477 1363 1546 2012 1778 2301 1748 1940 1501 2125 1949 1455 1200 2430 1824 2023 1358 1879 1853 1645 2284 1928 2003 504 1402 360 2243 2191 2183 747 1800 1686 1229 1656 589 1215 2186 2241 1829 1463 261 1826 1298 1658 1610 1527 1311 1246 1527 1000 1845 2324 2307 2026 1054 1540 1476 1552 1357 1082 1649 2227 1836 2366 1262 1977 1082 1406 2255 801 1732 994 1707 717 2049 1889 1067 2205 1128 2209 2194 1816 2148 1866 2379 1755 415 1613 1789 1913 2531 963 1712 1807 668 1446 1554 2490 2097 2412 1712 1678 1355 1474 2059 1276 1210 1784 1882 1554 2368 1693 1451 960 223 1624
