NAME: zurich_200_4
COMMENT: TSP instance with 200 nodes. City: Zurich, Switzerland, Seed: 46
TYPE: TSP
DIMENSION: 200
EDGE_WEIGHT_TYPE: EXPLICIT
EDGE_WEIGHT_FORMAT: FULL_MATRIX
NODE_COORD_SECTION:
1 47.4276468 8.6915344
2 47.4688907 8.3160197
3 47.2616483 8.6974104
4 47.4320794 8.7047049
5 47.2680532 8.4851113
6 47.3849605 8.5270301
7 47.4047246 8.5950126
8 47.4366383 8.6294523
9 47.4187433 8.4258068
10 47.2315631 8.6637095
11 47.3736312 8.5278032
12 47.3624692 8.558799
13 47.4107638 8.331715
14 47.3071324 8.5556767
15 47.5272518 8.5503494
16 47.3400351 8.7184157
17 47.3059601 8.5225517
18 47.5011776 8.7250466
19 47.3347907 8.6155238
20 47.400651 8.5340571
21 47.3037096 8.5895836
22 47.4429778 8.5776558
23 47.4934962 8.4262387
24 47.4094634 8.540425
25 47.3398504 8.4842961
26 47.3300764 8.7418788
27 47.2054383 8.7520117
28 47.2303525 8.4953979
29 47.2709621 8.4402343
30 47.4702886 8.4044333
31 47.2231015 8.5599887
32 47.4263937 8.5783598
33 47.3966799 8.4950503
34 47.446151 8.6288344
35 47.3598342 8.7596441
36 47.3974239 8.4261341
37 47.3742919 8.6316871
38 47.3293375 8.7848751
39 47.4436562 8.6293234
40 47.2966972 8.533242
41 47.3932056 8.3466224
42 47.2096881 8.7037579
43 47.4600617 8.6641885
44 47.3625616 8.5348922
45 47.3140746 8.4250394
46 47.2988308 8.5312625
47 47.3536769 8.3390259
48 47.4631192 8.6278712
49 47.3474456 8.285805
50 47.4122664 8.4687506
51 47.4388749 8.3609232
52 47.3440964 8.352673
53 47.310931 8.7811184
54 47.3527406 8.5093202
55 47.2372503 8.3726105
56 47.3764804 8.4923958
57 47.3697164 8.4591726
58 47.4260866 8.5727906
59 47.3742695 8.4826241
60 47.3689466 8.519395
61 47.5283832 8.7792276
62 47.2694324 8.4315424
63 47.3619693 8.5604294
64 47.5354713 8.6894648
65 47.2643037 8.3430227
66 47.3983329 8.7757294
67 47.3459215 8.5761717
68 47.3946172 8.6519466
69 47.4249381 8.6991357
70 47.3966189 8.4243631
71 47.2016308 8.5179782
72 47.3642376 8.5331589
73 47.3862587 8.4902078
74 47.3453284 8.2793838
75 47.2450832 8.4724471
76 47.3932726 8.4193023
77 47.4460181 8.3706294
78 47.2920523 8.7097907
79 47.3467939 8.2917853
80 47.4059366 8.6804443
81 47.2881163 8.5379274
82 47.3363809 8.5755343
83 47.4055769 8.2811135
84 47.3496329 8.5296393
85 47.2688371 8.715816
86 47.2887915 8.531173
87 47.2061324 8.7054157
88 47.5361321 8.7297532
89 47.3825753 8.2965221
90 47.2882315 8.5607756
91 47.4314071 8.6403465
92 47.4458286 8.3627892
93 47.4117349 8.788168
94 47.2781413 8.5771532
95 47.3854178 8.7366203
96 47.4367174 8.7692524
97 47.4463334 8.4090375
98 47.3877303 8.2772764
99 47.4213416 8.300977
100 47.4970128 8.4460302
101 47.4813018 8.2998964
102 47.3598573 8.7601886
103 47.3263934 8.7935244
104 47.4954598 8.7062578
105 47.3057827 8.7786349
106 47.284455 8.4087599
107 47.448563 8.4087564
108 47.2577367 8.5931394
109 47.4054136 8.6024977
110 47.2462788 8.63212
111 47.4410045 8.3641646
112 47.260648 8.4291246
113 47.5013746 8.7915223
114 47.5023658 8.7780367
115 47.4446448 8.6197676
116 47.2075915 8.7082993
117 47.2093804 8.3609879
118 47.506344 8.7505014
119 47.3787569 8.5252166
120 47.4760913 8.4519658
121 47.4782122 8.3154462
122 47.5155594 8.5955069
123 47.5021491 8.7257281
124 47.2759568 8.6547469
125 47.408842 8.6489901
126 47.516304 8.6438342
127 47.5537698 8.6633626
128 47.4135595 8.2892585
129 47.5069422 8.7614319
130 47.2779292 8.3339502
131 47.2968586 8.6970133
132 47.4508921 8.3301769
133 47.2772783 8.5685395
134 47.3510711 8.4388467
135 47.2377284 8.6579442
136 47.4180424 8.3780505
137 47.3140126 8.7976341
138 47.2619372 8.3516147
139 47.3296147 8.6304618
140 47.2624006 8.6775213
141 47.5467635 8.7092042
142 47.4466164 8.4649323
143 47.3334472 8.4782645
144 47.4541671 8.434193
145 47.4210227 8.6835901
146 47.3038998 8.5224192
147 47.3809097 8.5001036
148 47.4059435 8.3417647
149 47.4514679 8.6491504
150 47.3692044 8.6774204
151 47.3696677 8.5082487
152 47.3896951 8.6937794
153 47.4914661 8.3438242
154 47.3732199 8.5346349
155 47.418802 8.5741346
156 47.2565898 8.5940415
157 47.4273552 8.6903705
158 47.3328321 8.802985
159 47.4891097 8.59102
160 47.3970428 8.8066103
161 47.4013517 8.6041584
162 47.2378669 8.6574427
163 47.4090517 8.6428261
164 47.4132413 8.5323285
165 47.4131383 8.4647523
166 47.3001587 8.6845919
167 47.3914297 8.4207947
168 47.444769 8.6239583
169 47.3460475 8.7084724
170 47.3242801 8.5866341
171 47.4581973 8.2877372
172 47.3555005 8.5293864
173 47.4022523 8.6240254
174 47.5028586 8.4071122
175 47.538972 8.2943267
176 47.3140814 8.4041507
177 47.409641 8.600533
178 47.4442425 8.4668388
179 47.2435303 8.3016495
180 47.3652108 8.3166698
181 47.195465 8.5264656
182 47.5315567 8.4661611
183 47.3724891 8.5096386
184 47.5405691 8.7839964
185 47.2738648 8.4554268
186 47.4181434 8.7924378
187 47.4136971 8.6177951
188 47.3729371 8.35982
189 47.5077533 8.405947
190 47.52129 8.3305612
191 47.3882993 8.3882754
192 47.5054374 8.7492919
193 47.5210675 8.3278023
194 47.4792622 8.2993896
195 47.4848068 8.6938562
196 47.2275182 8.5279965
197 47.3655639 8.5691597
198 47.3889253 8.6962063
199 47.387569 8.6922254
200 47.44655 8.7922249
EDGE_WEIGHT_SECTION:
0 1524 1450 164 1920 883 494 408 1098 1809 934 988 1671 1418 1155 759 1382 548 1035 754 1496 675 1367 750 1541 794 2252 2030 1631 1361 2120 735 1088 468 686 1134 661 832 428 1468 1757 1942 400 1005 1637 1434 1769 531 1938 1152 1379 1708 969 1155 2295 1075 1313 631 1133 1016 800 1668 1005 613 2224 587 1152 420 54 1162 2207 992 1069 2043 1871 1109 1338 1131 1894 183 1547 1157 2157 1150 1286 1519 1931 727 1984 1437 305 1343 736 1562 461 513 1236 2238 1855 1377 1589 686 892 434 1015 1876 1257 1711 492 1759 1284 1767 937 785 481 1953 2422 716 903 1211 1588 924 539 1361 519 721 826 1924 739 2213 1149 1460 1626 1365 1858 1201 951 2237 1115 1491 710 960 1504 1156 87 1398 1037 1614 351 574 1042 352 1787 903 631 1699 13 962 799 754 517 1855 495 809 1135 1101 1129 451 683 1290 1546 1097 535 1504 2136 1659 492 935 2670 1838 2221 1432 1046 827 1792 830 437 1665 1577 1925 1361 732 1924 1585 532 2101 1025 362 345 796
1524 0 2433 1442 1528 1033 1123 1392 757 1802 1031 1263 680 1411 1478 1764 1375 1757 1681 1021 1740 1073 821 1053 1122 1798 2246 1638 1239 551 1930 1133 842 1395 1693 680 1435 1836 1375 1462 842 1935 1636 1140 1183 1427 1182 1461 1224 955 408 1135 1973 1228 1903 995 1024 1028 989 1070 2009 1276 1280 1823 1788 1970 1466 1370 1566 708 1815 1127 852 1221 1479 654 408 2105 1235 1472 1540 1458 955 1281 2279 1513 1925 1936 884 1430 1336 352 2073 1555 1705 1888 587 1036 543 977 192 1695 1896 1644 2020 1474 609 1704 1139 1752 354 1375 2147 1995 1327 1946 2030 1925 1009 865 130 1592 1748 2175 1338 1819 2035 613 1948 1759 2087 267 1619 910 1852 530 1955 1801 1763 2339 1919 740 1111 643 1560 1392 983 728 1517 1592 1057 1486 329 1085 1098 1693 1513 1966 1379 2090 1157 1848 1307 1034 939 2039 675 1342 1689 1611 230 1213 1267 716 758 1204 1143 751 2228 1062 1880 1303 1078 2037 1400 2167 1220 986 764 547 760 1941 545 188 1741 1773 1327 1496 1475 2150
1450 2433 0 1451 2376 1528 1384 1497 2028 2265 1421 1171 2581 1848 2090 793 1837 1875 784 1540 747 1605 2297 1614 2059 712 2708 2486 2087 2291 2576 1665 1782 1604 1074 2023 1061 846 1564 1924 2510 2397 1799 1363 2157 1890 2357 1801 2527 1981 2288 2297 655 1587 2751 1660 1831 1561 1712 1489 2127 2124 1162 1941 2683 1416 1087 1245 1438 2048 2663 1372 1661 2632 2326 2025 2248 424 2483 1267 2003 1075 2813 1515 191 1975 2387 2054 2573 1892 1440 2252 1520 2017 1230 1565 2166 2894 2724 2307 2499 1074 852 1762 639 2331 2187 2166 1359 2215 2194 2222 2265 2113 1616 2408 2878 2043 1489 2141 2498 2126 1866 363 1342 2048 2153 2732 2066 2710 447 2369 2082 1927 2314 2110 741 2696 770 163 2037 1890 1960 2086 1391 1854 1622 2523 1733 1108 1545 1142 2696 1385 1561 2155 1439 905 1912 1506 1324 2310 1344 1670 1970 445 2045 1587 868 1036 2455 1462 1348 2434 3066 2179 1388 1865 3129 2427 2677 2362 1559 2155 2248 1614 1357 2418 2507 2855 2279 2059 2854 2495 1859 2557 1223 1150 1112 1810
164 1442 1451 0 1838 801 412 494 1016 1727 852 906 1589 1336 1078 760 1300 466 1148 671 1439 593 1285 668 1459 794 2170 1948 1549 1279 2038 653 1006 516 650 1052 710 833 488 1386 1675 1860 401 923 1555 1352 1686 574 1856 1070 1297 1626 969 1073 2213 993 1231 549 1051 934 718 1586 923 531 2142 540 1109 533 191 1080 2125 910 987 1961 1788 1027 1256 1131 1812 296 1465 1156 2075 1068 1287 1437 1849 645 1902 1355 393 1261 689 1480 414 446 1154 2156 1773 1295 1507 647 892 352 1016 1793 1175 1629 410 1677 1202 1685 855 703 550 1871 2340 634 821 1129 1506 853 457 1362 444 639 744 1842 657 2131 1150 1378 1544 1282 1776 1119 951 2155 1228 1491 628 878 1422 1074 200 1316 955 1532 379 687 960 423 1705 821 549 1617 153 962 832 706 435 1772 413 727 1053 1102 1047 521 676 1310 1463 1015 453 1421 2054 1577 410 853 2588 1756 2139 1350 964 745 1710 783 355 1583 1495 1843 1278 650 1842 1503 439 2019 943 428 448 729
1920 1528 2376 1838 0 1182 1519 1770 1293 1222 1026 1206 1497 888 2015 2160 619 2153 1623 1296 1674 1531 1804 1375 534 2194 1684 372 303 1631 535 1589 1220 1852 2089 967 1813 2232 1821 666 1366 1374 2087 1026 551 676 1161 1919 1369 1290 1383 917 2336 1008 998 1061 831 1487 942 1023 2405 371 1223 2219 930 2366 1408 1766 1962 995 626 1020 1091 1474 328 945 1342 2047 1325 1869 552 1392 1655 1033 2228 506 1363 2332 1415 800 1732 1347 2469 941 2101 2284 1500 1736 1573 1813 1593 2091 2292 2040 2320 460 1522 1117 1560 1177 1288 469 2543 2391 1786 1384 1125 2321 1114 1647 1592 2051 2144 2109 1734 2277 2431 1566 2344 957 2030 1464 910 746 1272 1205 2351 943 1706 2273 2315 1397 550 1592 1956 602 1141 1476 1976 1988 1048 1882 1791 1040 1436 1119 1909 2362 1837 2486 1553 1268 1704 1432 1273 1982 966 1800 2085 1545 1550 954 1663 1940 2220 639 1553 1371 1376 1269 691 2054 1096 2433 247 2563 1637 1274 2014 2009 1196 2338 2005 1589 2137 440 1277 1892 1871 2547
883 1033 1528 801 1182 0 482 733 775 1071 171 357 1181 680 1006 1123 643 1116 775 231 851 521 1142 310 793 1157 1514 1292 893 1119 1382 569 407 833 1052 623 787 1195 802 730 1272 1203 1068 275 963 696 1163 911 1333 587 888 1103 1332 416 1557 368 564 477 426 258 1368 930 374 1182 1489 1329 560 729 925 651 1469 263 355 1438 1132 624 847 1199 1289 831 809 569 1618 419 1380 781 1193 1295 1379 698 695 852 1432 823 1064 1247 912 1700 1364 1151 1098 1054 1255 1003 1379 1137 934 972 523 1021 793 1028 1506 1354 777 1214 1684 1284 139 985 1097 1042 1107 1286 697 1269 1394 1434 1307 1516 1181 969 888 733 1120 710 1314 1502 857 1450 1278 734 765 930 919 660 328 1123 959 951 279 845 1296 192 477 961 872 1325 829 1449 516 1116 666 366 576 1133 645 792 1048 722 1055 366 626 1278 1725 985 528 709 1935 1233 1483 1278 292 1396 1054 1526 607 1181 1352 1514 879 1300 1510 1095 1100 1363 413 855 833 1509
494 1123 1384 412 1519 482 0 363 697 1407 533 586 1270 1017 759 734 980 727 814 352 1120 274 966 347 1140 768 1851 1629 1230 959 1719 293 687 469 663 733 353 807 429 1067 1356 1540 699 603 1236 1033 1367 662 1537 751 977 1307 943 753 1894 673 912 229 732 614 979 1267 602 793 1823 940 778 289 536 761 1805 591 667 1642 1469 708 937 1081 1493 443 1145 837 1756 748 1258 1118 1530 906 1583 1035 306 941 1043 1160 675 859 835 1837 1453 975 1188 666 866 614 990 1474 856 1309 82 1358 883 1365 1117 965 482 1551 2021 895 501 809 1187 795 718 1250 309 901 1006 1523 919 1812 1038 1059 1224 963 1457 800 925 1836 894 1380 890 559 1102 755 531 997 635 1212 599 562 641 456 1386 502 229 1298 483 936 581 1061 75 1453 278 380 734 990 728 453 659 988 1144 695 185 1102 1735 1258 80 534 2269 1437 1820 1030 644 1007 1391 1137 163 1264 1176 1524 959 912 1523 1184 712 1700 589 467 445 1121
408 1392 1497 494 1770 733 363 0 967 1658 784 837 1540 1268 838 807 1231 809 1096 603 1371 365 1206 586 1391 841 2102 1880 1481 1229 1970 425 938 116 736 1002 636 879 75 1318 1626 1791 345 854 1505 1284 1637 313 1806 1020 1247 1577 1016 1004 2145 924 1163 455 983 865 1061 1518 855 875 2073 983 1040 465 450 1030 2056 842 918 1912 1720 977 1207 1178 1763 515 1396 1088 2025 999 1334 1369 1781 988 1853 1286 103 1211 1116 1411 748 909 1104 2106 1723 1126 1458 738 939 696 1063 1725 1126 1560 328 1609 1153 1616 1199 1047 128 1802 2272 977 752 1079 1457 706 800 1408 380 805 1088 1793 1001 2082 1196 1328 1475 1233 1708 1069 998 2086 1176 1538 972 828 1353 1024 440 1248 886 1482 245 635 892 529 1655 753 455 1549 397 1009 567 1133 385 1704 351 606 1004 1148 998 99 732 1241 1414 946 351 1336 1969 1527 306 803 2520 1707 2071 1110 895 1089 1642 1210 221 1533 1410 1758 1229 994 1757 1454 713 1951 875 539 518 1175
1098 757 2028 1016 1293 775 697 967 0 1567 773 1002 819 1176 1131 1338 1140 1331 1420 650 1482 647 870 627 886 1372 2010 1403 1004 771 1695 707 485 969 1267 331 1009 1410 949 1226 895 1700 1210 868 947 1192 1041 1035 1211 294 506 981 1547 925 1668 692 627 602 655 789 1583 1041 1019 1397 1553 1544 1205 944 1140 359 1579 855 549 1316 1243 390 465 1709 1167 1047 1305 1199 1305 1012 1865 1277 1689 1510 1234 1195 910 470 1647 1320 1279 1462 573 1386 1047 880 833 1269 1470 1218 1594 1238 595 1469 713 1517 411 1139 1721 1569 901 1711 1795 1499 751 714 833 1166 1322 1900 912 1393 1609 1116 1522 1524 1694 704 1384 675 1616 377 1529 1566 1502 2035 1493 463 876 659 1134 1156 680 762 1091 1166 754 1060 1031 826 674 1457 1087 1540 953 1664 731 1613 882 608 277 1646 410 916 1263 1352 790 959 841 1007 1460 969 717 438 1993 1111 1645 1121 775 1611 1165 1741 794 803 1081 1249 420 1515 1245 830 1315 1538 1054 1070 1049 1724
1809 1802 2265 1727 1222 1071 1407 1658 1567 0 914 1094 1792 652 1932 2048 713 2042 1512 1184 1563 1447 2078 1264 1284 2083 609 1068 1217 1905 803 1495 1216 1759 1977 1241 1702 2121 1728 800 1640 269 1994 915 1287 765 1487 1837 1657 1441 1657 1427 2224 897 1881 1095 1245 1403 1127 912 2294 1254 1111 2107 1813 2254 1297 1655 1850 1269 980 909 1095 1762 1134 1219 1616 1936 1613 1757 813 1280 1943 900 2117 847 310 2221 1703 670 1621 1621 2358 633 1990 2173 1774 2024 1869 2087 1867 1980 2181 1929 2208 1461 1796 437 1448 272 1562 1352 2432 2279 1703 294 1940 2210 1002 1921 1866 1968 2033 1998 1623 2195 2320 1862 2233 1840 1919 1738 729 1057 149 1479 2240 1826 1594 2162 2204 1671 1090 1866 1845 730 1057 1750 1884 1877 971 1771 2065 928 1403 425 1798 2251 1755 2375 1442 155 1592 1320 1430 1870 1240 1718 1974 1434 1824 843 1552 2214 2494 1309 1454 1645 2259 1557 904 2204 987 2321 1378 2452 1533 1548 2288 2283 1470 2226 2279 1863 2026 840 1165 1781 1759 2435
934 1031 1421 852 1026 171 533 784 773 914 0 250 1178 523 1057 1174 487 1167 668 292 719 572 1203 372 644 1208 1358 1136 737 1133 1225 620 367 884 1103 618 838 1246 853 574 1160 1047 1119 122 807 539 1007 962 1176 592 885 947 1374 260 1401 245 416 528 298 102 1419 774 267 1233 1332 1380 453 780 976 641 1312 109 246 1282 976 622 845 1092 1133 882 652 437 1462 266 1273 625 1037 1346 1223 542 746 850 1483 667 1115 1298 992 1543 1341 1213 1096 1105 1306 1054 1364 981 1013 816 574 864 791 872 1557 1405 828 1058 1527 1335 99 1046 1095 1093 1158 1154 748 1320 1445 1373 1358 1360 1075 967 731 576 964 708 1365 1345 750 1318 1329 796 609 992 970 504 207 1120 1010 1002 130 896 1294 64 528 805 923 1376 880 1500 567 960 717 428 580 1027 643 843 1099 590 1052 213 677 1339 1722 829 579 771 1779 1077 1326 1329 144 1447 898 1577 658 1068 1413 1511 876 1351 1508 1092 1151 1207 316 906 884 1560
988 1263 1171 906 1206 357 586 837 1002 1094 250 0 1410 677 1111 1040 667 1221 418 370 563 626 1275 443 888 1138 1538 1315 917 1268 1405 674 611 938 1142 852 636 1286 907 754 1340 1227 1173 193 987 719 1187 1016 1356 811 1118 1127 1130 417 1581 490 660 582 542 318 1473 954 17 1286 1512 1417 203 803 1029 878 1492 202 491 1461 1156 854 1077 842 1313 936 832 275 1642 345 1022 805 1217 1400 1403 722 800 1082 1521 847 1153 1352 1092 1723 1554 1284 1328 1145 1327 1108 1114 1161 1113 996 620 1044 1023 1052 1611 1458 882 1238 1707 1389 319 1118 1327 1147 1212 965 802 1374 1499 1562 1412 1540 824 1199 911 756 1144 940 1216 1525 500 1153 1383 868 789 1063 1024 684 452 1352 1063 900 374 928 1526 214 582 985 977 1380 934 1538 585 1140 771 500 799 776 875 897 1092 419 1284 292 712 1411 1954 1009 630 842 1958 1257 1506 1383 388 1500 1077 1615 711 1248 1485 1743 1108 1405 1740 1324 1205 1387 119 938 922 1614
1671 680 2581 1589 1497 1181 1270 1540 819 1792 1178 1410 0 1401 1704 1911 1365 1904 1828 1168 1887 1220 1410 1200 1160 1945 2235 1628 1229 1009 1920 1280 989 1542 1840 768 1583 1984 1522 1451 230 1925 1783 1287 1063 1417 627 1608 785 996 798 580 2120 1294 1553 1142 1126 1176 1136 1217 2156 1266 1427 1970 1326 2117 1613 1518 1713 796 1804 1274 1000 783 1468 799 758 2252 753 1620 1530 1605 516 1319 2427 1502 1914 2083 446 1420 1483 762 2220 1545 1852 2036 937 598 270 1502 720 1842 2043 1791 2167 1125 958 1694 1286 1742 701 1364 2294 2142 1475 1936 1679 2072 1156 1320 719 1739 1895 2322 1486 1966 2183 340 2096 1297 2235 713 1609 897 1841 470 2102 1339 1910 2486 2067 1085 1101 1101 1708 1381 1130 65 1665 1739 1204 1633 918 1232 1245 1682 1660 2113 1526 2238 1304 1838 1455 1181 979 2187 820 1489 1836 1758 451 1240 1414 1305 1347 925 1291 1060 1766 623 1870 1743 1225 2184 1390 2314 1367 427 1353 1135 627 2089 1132 716 1889 1763 1474 1644 1622 2298
1418 1411 1848 1336 888 680 1017 1268 1176 652 523 677 1401 0 1542 1658 269 1651 1095 794 1146 1056 1687 873 893 1692 1095 1043 826 1514 963 1104 826 1368 1587 851 1287 1730 1337 356 1249 785 1603 496 897 322 1096 1446 1266 1050 1266 1036 1807 506 1490 704 854 1012 736 521 1903 863 694 1717 1422 1864 880 1264 1460 879 1140 509 705 1371 1002 828 1226 1519 1222 1366 376 863 1552 493 1700 407 774 1830 1312 233 1230 1230 1967 312 1599 1782 1384 1633 1478 1696 1476 1589 1790 1538 1791 1071 1405 487 1058 602 1172 962 2041 1889 1312 796 1617 1819 612 1530 1476 1577 1642 1581 1232 1804 1929 1471 1842 1449 1502 1347 376 666 701 1088 1849 1435 1177 1745 1813 1280 699 1476 1454 286 666 1359 1494 1486 580 1380 1674 537 1012 498 1407 1860 1364 1984 1051 697 1201 929 1039 1453 849 1327 1583 1017 1433 447 1161 1823 2103 919 1064 1255 1868 1166 1064 1813 596 1931 987 2061 1142 1157 1897 1892 1080 1835 1888 1473 1635 989 748 1390 1369 2044
1155 1478 2090 1078 2015 1006 759 838 1131 1932 1057 1111 1704 1542 0 1400 1505 1043 1526 877 1644 591 756 863 1609 1434 2376 2125 1726 1115 2244 635 1212 793 1329 1167 1071 1473 773 1592 1790 2065 840 1128 1669 1557 1801 782 1970 1184 1411 1741 1609 1278 2390 1198 1436 670 1256 1139 1183 1763 1128 892 2275 1606 1314 1007 1197 1194 2302 1116 1192 2076 1965 1141 1305 1771 1927 1109 1670 1362 2189 1273 1927 1643 2055 1068 2017 1560 886 1368 1709 1685 1341 1524 1182 2271 1887 670 1622 1331 1532 1023 1656 1960 1204 1834 775 1882 1317 1861 1450 1359 725 2076 2517 1267 1026 710 1505 347 1034 1968 975 614 978 1957 1290 2246 1756 1492 1749 1397 1982 1233 1591 2288 1607 2098 1002 830 1598 956 1191 1522 1160 1646 839 1228 1166 1122 1331 1026 736 1823 1144 1602 497 1727 793 1978 944 848 1168 1708 1162 740 1325 1515 1578 1220 903 880 1513 1691 780 844 2715 1871 2344 576 1169 1210 1887 1803 856 1697 954 1302 1393 1283 1301 1618 1018 2225 1161 1132 1111 1752
759 1764 793 760 2160 1123 734 807 1338 2048 1174 1040 1911 1658 1400 0 1621 1185 653 993 984 914 1607 990 1781 223 2492 2270 1871 1600 2360 975 1328 913 379 1374 708 445 873 1708 1997 2181 1109 1223 1877 1674 2008 1110 2178 1392 1618 1948 424 1394 2535 1314 1553 870 1372 1255 1437 1908 1031 1250 2463 712 957 555 747 1402 2446 1216 1308 2283 2110 1348 1578 459 2134 576 1786 948 2397 1376 629 1759 2171 1364 2224 1676 750 1582 815 1801 540 861 1476 2478 2094 1616 1829 382 504 1071 433 2115 1497 1950 731 1999 1524 2006 1572 1422 926 2192 2661 1352 1142 1450 1828 1435 1176 683 651 1358 1463 2164 1376 2453 471 1699 1865 1604 2098 1441 547 2476 640 813 1347 1200 1743 1395 700 1638 1276 1853 1042 455 1282 452 2026 1143 870 1939 748 575 1222 832 756 2094 654 1049 1375 423 1369 897 152 909 1785 1323 694 1743 2376 1898 727 1175 2910 2078 2460 1671 1285 1464 2032 909 667 1905 1817 2165 1600 1369 2164 1825 1169 2341 1087 459 421 1106
1382 1375 1837 1300 619 643 980 1231 1140 713 487 667 1365 269 1505 1621 0 1615 1085 757 1136 1020 1650 837 708 1655 1156 774 790 1477 815 1068 789 1332 1550 814 1275 1694 1301 104 1213 846 1567 488 860 70 1060 1409 1230 1014 1229 1000 1797 469 1454 667 818 975 699 484 1866 827 684 1680 1385 1827 870 1228 1423 842 976 481 668 1335 732 792 1189 1508 1186 1330 181 853 1515 459 1689 138 835 1794 1276 331 1193 1194 1931 456 1562 1746 1347 1596 1442 1660 1440 1553 1753 1501 1781 1011 1368 615 1021 663 1135 925 2004 1852 1276 857 1538 1782 575 1494 1439 1541 1606 1570 1196 1767 1893 1435 1806 1413 1491 1311 472 630 762 1052 1812 1398 1167 1735 1777 1243 662 1439 1418 17 629 1323 1457 1449 544 1344 1638 501 975 604 1370 1823 1327 1948 1014 759 1165 893 1002 1443 813 1290 1547 1006 1396 415 1124 1787 2066 882 1027 1218 1832 1130 954 1776 559 1894 844 2024 1105 1121 1861 1855 1043 1799 1852 1436 1599 720 738 1354 1332 2008
548 1757 1875 466 2153 1116 727 809 1331 2042 1167 1221 1904 1651 1043 1185 1615 0 1486 987 1754 908 1600 983 1774 1219 2485 2263 1864 1594 2353 968 1321 802 1106 1367 1025 1257 773 1701 1990 2175 548 1238 1870 1667 2002 747 2171 1385 1612 1941 1394 1388 2528 1308 1546 864 1366 1249 474 1901 1238 363 2457 1006 1424 867 589 1395 2440 1225 1302 2276 2104 1342 1571 1556 2127 680 1780 1471 2390 1383 1712 1752 2164 301 2217 1670 751 1576 1032 1795 879 769 1469 2471 2088 1610 1822 1106 1317 180 1441 2109 1490 1944 725 1992 1517 2000 487 337 836 2186 2655 244 1136 1444 1821 696 11 1786 759 482 576 2158 267 2446 1574 1693 1859 1598 2091 1434 1376 2470 1566 1916 361 1193 1737 1389 584 1631 1270 1847 627 1013 1275 849 2020 1136 864 1933 537 1387 929 1172 750 2088 728 1042 1368 1526 1363 807 1110 1625 1779 1330 768 1737 2369 1892 725 1168 2903 2072 2454 1545 1279 502 2025 1125 670 1898 1810 2158 1594 261 2157 1818 414 2334 1258 859 842 733
1035 1681 784 1148 1623 775 814 1096 1420 1512 668 418 1828 1095 1526 653 1085 1486 0 788 481 1041 1693 861 1306 751 1956 1733 1334 1686 1823 1085 1029 1211 951 1270 490 934 1171 1172 1758 1645 1384 611 1405 1137 1605 1408 1774 1229 1535 1544 743 835 1998 908 1078 996 960 736 1738 1372 409 1551 1930 1284 334 827 1076 1296 1910 620 909 1879 1574 1272 1495 455 1731 852 1250 312 2060 763 636 1222 1635 1665 1821 1140 1063 1500 1387 1265 1025 1365 1509 2141 1972 1702 1746 954 940 1372 727 1579 1531 1414 788 1462 1441 1470 1875 1723 1223 1656 2125 1653 737 1536 1745 1562 1477 578 983 1659 1764 1980 1677 1958 437 1617 1329 1174 1562 1358 829 1943 113 768 1648 1285 1207 1481 976 1102 870 1770 1335 755 792 799 1944 632 996 1403 1024 993 1348 1404 754 1558 955 918 1217 389 1293 1194 706 273 1702 710 777 1829 2372 1427 818 1260 2376 1675 1924 1797 806 1765 1495 1481 879 1666 1903 2161 1526 1670 2158 1742 1470 1805 470 809 792 1648
754 1021 1540 671 1296 231 352 603 650 1184 292 370 1168 794 877 993 757 987 788 0 903 392 912 81 833 1027 1628 1406 1007 905 1496 395 380 704 922 610 658 1066 673 844 1260 1317 939 392 1077 809 1258 781 1427 532 876 1197 1202 524 1671 367 605 347 425 342 1238 1044 387 1052 1602 1199 572 600 795 639 1582 380 360 1532 1246 612 835 1211 1384 702 922 620 1654 537 1392 895 1307 1165 1474 812 565 840 1303 937 934 1118 729 1735 1352 921 1086 925 1125 873 1249 1251 750 1086 393 1135 781 1142 1376 1224 648 1328 1797 1154 261 755 1085 912 977 1334 568 1139 1265 1421 1178 1630 1194 957 1001 822 1234 698 1184 1615 870 1502 1149 505 879 701 790 774 329 1110 829 821 363 716 1284 291 326 1075 742 1195 699 1320 386 1230 537 137 520 1146 633 662 918 773 1042 484 496 1048 1681 1099 399 480 2049 1328 1596 1141 342 1266 1168 1396 477 1168 1122 1470 866 1171 1469 1082 971 1477 417 726 704 1380
1496 1740 747 1439 1674 851 1120 1371 1482 1563 719 563 1887 1146 1644 984 1136 1754 481 903 0 1159 1808 977 1357 1099 2006 1784 1385 1801 1874 1207 1081 1471 1282 1330 952 1282 1440 1222 1809 1696 1706 662 1456 1188 1656 1549 1825 1305 1595 1595 1091 886 2049 959 1129 1115 1011 787 2006 1423 554 1820 1981 1615 452 1288 1537 1355 1961 671 960 1930 1625 1331 1554 803 1781 1313 1301 351 2111 814 806 1273 1685 1933 1871 1191 1333 1559 1718 1316 1443 1764 1625 2192 2022 1817 1805 1285 1288 1641 1075 1630 1646 1465 1159 1513 1500 1521 2144 1991 1415 1707 2176 1922 804 1651 1804 1680 1745 457 1335 1907 2032 2031 1945 2009 783 1676 1380 1225 1612 1417 1177 1994 509 622 1916 1401 1258 1596 1437 1152 921 1830 1597 1216 843 1260 2003 684 1115 1454 1485 1341 1467 1735 1134 1609 1304 1033 1294 673 1352 1430 1037 312 1762 761 1239 1944 2432 1478 1166 1375 2427 1726 1975 1916 857 2034 1546 1812 1245 1717 2018 2221 1586 1938 2217 1801 1738 1856 656 1270 1254 2009
675 1073 1605 593 1531 521 274 365 647 1447 572 626 1220 1056 591 914 1020 908 1041 392 1159 0 916 373 1125 949 1890 1641 1242 909 1758 147 726 330 843 683 586 987 310 1106 1306 1580 580 643 1185 1072 1317 433 1487 700 927 1257 1124 793 1906 713 951 185 771 654 1160 1279 643 973 1791 1120 829 521 716 711 1818 630 707 1592 1481 657 887 1286 1443 623 1185 876 1705 788 1441 1157 1569 1087 1533 1075 424 891 1224 1200 856 1039 784 1787 1403 878 1138 846 1047 795 1170 1477 806 1349 290 1397 833 1378 1298 1145 263 1591 2033 1076 541 759 1137 605 899 1482 489 815 1186 1473 1099 1762 1270 1008 1264 913 1496 750 1106 1804 1121 1612 1070 509 1114 704 711 1036 675 1162 480 743 680 637 1335 541 250 1338 664 1117 392 1241 308 1493 458 358 684 1222 678 277 840 1030 1094 735 418 1052 1685 1207 294 483 2231 1387 1859 863 684 1187 1403 1318 366 1214 1126 1474 909 1092 1473 1134 892 1740 676 647 625 1301
1367 821 2297 1285 1804 1142 966 1206 870 2078 1203 1275 1410 1687 756 1607 1650 1600 1693 912 1808 916 0 889 1398 1641 2521 1914 1515 528 2206 976 924 1166 1536 955 1278 1680 1146 1737 1566 2211 1407 1297 1458 1703 1590 1232 1759 942 992 1529 1816 1372 2179 1138 1290 871 1143 1236 1852 1552 1292 1582 2064 1813 1477 1214 1409 983 2090 1285 996 1864 1754 930 866 1978 1716 1316 1816 1525 1684 1442 2134 1788 2200 1758 1614 1706 1179 936 1916 1831 1548 1731 771 1766 1273 181 902 1538 1739 1487 1863 1749 792 1980 982 2028 923 1650 1990 1838 1099 2221 2305 1768 1172 231 761 1038 1591 2175 1182 1304 1668 1343 1791 2035 1963 1014 1895 1186 2127 1022 1798 2077 1775 2305 1692 418 1387 541 1403 1667 1127 1428 1289 1435 1200 1329 587 1196 943 1968 1356 1809 1028 1933 1000 2123 1151 870 930 1915 951 1113 1532 1678 959 1389 1110 137 770 1480 987 432 2504 1660 2156 514 1221 1880 1676 2010 1063 1486 211 559 1182 1785 557 898 1584 2049 1315 1339 1318 1994
750 1053 1614 668 1375 310 347 586 627 1264 372 443 1200 873 863 990 837 983 861 81 977 373 889 0 913 1024 1707 1485 1086 882 1575 332 460 700 919 653 649 1062 661 923 1286 1397 930 466 1157 889 1297 767 1467 598 907 1237 1199 603 1750 446 684 333 504 422 1235 1123 461 1049 1682 1196 646 596 792 686 1662 453 440 1572 1326 638 867 1285 1423 698 1002 694 1686 611 1466 974 1386 1162 1513 892 562 871 1299 1017 931 1114 705 1767 1383 898 1118 921 1122 870 1246 1331 727 1166 390 1214 813 1222 1373 1221 634 1408 1877 1151 341 732 1117 898 974 1408 564 1125 1261 1453 1174 1701 1268 989 1081 884 1313 730 1181 1695 944 1575 1145 481 959 677 786 853 408 1142 824 818 442 712 1316 364 293 1155 739 1192 685 1316 383 1310 533 74 586 1220 658 648 915 847 1074 558 493 1025 1658 1179 386 456 2128 1367 1676 1096 422 1263 1247 1393 469 1194 1099 1447 889 1167 1445 1114 967 1557 484 722 700 1376
1541 1122 2059 1459 534 793 1140 1391 886 1284 644 888 1160 893 1609 1781 708 1774 1306 833 1357 1125 1398 913 0 1815 1727 888 663 1225 929 1185 686 1447 1710 561 1446 1854 1427 790 1008 1416 1688 719 627 773 855 1513 1025 855 977 795 1990 638 1327 527 297 1081 408 597 2026 701 905 1840 1259 1987 1091 1388 1583 589 1090 706 557 1130 847 539 936 1730 981 1490 705 1075 1311 807 1911 659 1406 1953 1071 912 1353 941 2090 1037 1722 1906 1094 1392 1237 1407 1187 1712 1913 1661 2002 760 1116 1185 1177 1234 882 799 2164 2012 1380 1427 1454 1942 704 1241 1186 1644 1765 1792 1356 1871 2052 1230 1965 1276 1713 1058 1063 321 1333 799 1972 1272 1388 1956 1936 990 222 1186 1577 691 607 1118 1570 1609 514 1503 1385 702 1035 1174 1530 1983 1431 2108 1174 1329 1325 969 838 1665 549 1394 1706 1228 1143 727 1284 1534 1813 649 1170 965 1705 925 1156 1648 565 2054 686 2184 1253 916 1608 1602 790 1959 1599 1183 1758 834 955 1514 1492 2168
794 1798 712 794 2194 1157 768 841 1372 2083 1208 1138 1945 1692 1434 223 1655 1219 751 1027 1099 949 1641 1024 1815 0 2526 2304 1905 1635 2394 1009 1362 948 418 1408 752 333 907 1742 2031 2216 1143 1279 1911 1708 2042 1145 2212 1426 1653 1982 269 1429 2569 1349 1587 904 1407 1290 1471 1942 1129 1285 2498 760 1054 589 782 1436 2481 1266 1342 2317 2144 1383 1612 395 2168 611 1821 1046 2431 1424 549 1793 2205 1398 2258 1711 784 1617 864 1836 574 909 1510 2512 2129 1650 1863 418 392 1106 306 2149 1531 1984 765 2033 1558 2041 1609 1456 960 2226 2696 1387 1176 1484 1862 1470 1210 776 685 1392 1497 2198 1410 2487 451 1734 1900 1638 2132 1475 392 2511 737 817 1381 1234 1778 1430 735 1672 1311 1887 1077 576 1316 486 2061 1177 904 1973 783 462 1256 851 791 2128 688 1083 1409 516 1403 931 281 1007 1819 1370 728 1777 2410 1933 762 1209 2944 2112 2495 1706 1320 1498 2066 957 701 1939 1851 2199 1634 1403 2198 1859 1203 2375 1190 493 455 1154
2252 2246 2708 2170 1684 1514 1851 2102 2010 609 1358 1538 2235 1095 2376 2492 1156 2485 1956 1628 2006 1890 2521 1707 1727 2526 0 1530 1660 2348 1265 1938 1660 2203 2421 1685 2145 2565 2171 1243 2084 366 2437 1359 1731 1209 1931 2280 2100 1885 2100 1870 2668 1340 2324 1538 1688 1846 1570 1355 2737 1698 1555 2551 2256 2698 1740 2098 2294 1713 1442 1352 1539 2205 1596 1663 2060 2379 2057 2201 1257 1724 2386 1344 2560 1290 353 2664 2147 1114 2064 2064 2801 1077 2433 2616 2218 2467 2313 2530 2311 2423 2624 2372 2652 1905 2239 880 1892 793 2006 1796 2875 2723 2147 334 2402 2653 1446 2364 2310 2411 2476 2441 2067 2638 2763 2306 2676 2284 2362 2181 1172 1500 690 1923 2683 2269 2038 2605 2647 2114 1533 2310 2288 1173 1500 2194 2328 2320 1414 2214 2508 1372 1846 869 2241 2694 2198 2819 1885 696 2036 1764 1873 2314 1683 2161 2417 1877 2267 1286 1995 2657 2937 1753 1898 2089 2702 2001 1366 2647 1430 2765 1821 2895 1976 1992 2731 2726 1914 2670 2722 2307 2469 1302 1609 2224 2203 2879
2030 1638 2486 1948 372 1292 1629 1880 1403 1068 1136 1315 1628 1043 2125 2270 774 2263 1733 1406 1784 1641 1914 1485 888 2304 1530 0 425 1741 400 1699 1417 1962 2199 1077 1923 2342 1931 821 1476 1219 2197 1136 795 831 1323 2029 1493 1400 1493 1160 2446 1118 982 1316 1132 1597 1243 1133 2515 480 1333 2329 1039 2476 1518 1876 2072 1105 254 1130 1317 1598 193 1055 1452 2157 1449 1979 707 1502 1778 1143 2338 661 1209 2442 1539 955 1842 1457 2579 1096 2211 2394 1610 1860 1705 1923 1703 2201 2402 2150 2430 704 1632 975 1670 1022 1398 524 2653 2501 1896 1230 965 2431 1224 1757 1702 2160 2254 2219 1844 2387 2541 1698 2454 1066 2140 1574 1065 869 1117 1315 2461 985 1815 2383 2425 1506 865 1702 2066 757 1278 1586 2086 2098 1192 1992 1901 1149 1546 964 2019 2472 1947 2596 1663 1113 1814 1541 1383 2092 1076 1910 2195 1655 1660 1064 1773 2050 2330 883 1663 1481 1375 1393 319 2164 1208 2543 491 2673 1747 1384 2124 2119 1306 2447 2115 1699 2247 228 1386 2002 1981 2656
1631 1239 2087 1549 303 893 1230 1481 1004 1217 737 917 1229 826 1726 1871 790 1864 1334 1007 1385 1242 1515 1086 663 1905 1660 425 0 1342 732 1300 1018 1563 1800 678 1524 1943 1532 876 1077 1350 1798 737 478 842 924 1630 1094 1001 1094 763 2047 719 708 917 733 1198 844 734 2116 82 934 1930 640 2077 1119 1477 1673 706 602 731 918 1199 266 656 1053 1758 1050 1580 833 1103 1380 744 1939 787 1339 2043 1140 845 1443 1058 2180 970 1812 1995 1211 1461 1306 1524 1304 1802 2003 1751 2031 325 1233 1119 1271 1167 999 180 2254 2102 1497 1361 835 2032 825 1358 1303 1762 1855 1820 1445 1988 2142 1299 2055 668 1741 1175 1034 470 1266 916 2062 653 1417 1984 2026 1108 466 1303 1667 807 879 1187 1687 1699 793 1593 1502 751 1147 1108 1620 2073 1548 2197 1264 1263 1415 1143 984 1693 677 1511 1796 1256 1261 665 1374 1651 1931 565 1264 1082 1086 994 668 1765 809 2144 175 2274 1348 985 1725 1720 907 2049 1716 1300 1848 560 988 1603 1582 2258
1361 551 2291 1279 1631 1119 959 1229 771 1905 1133 1268 1009 1514 1115 1600 1477 1594 1686 905 1801 909 528 882 1225 1635 2348 1741 1342 0 2033 969 915 1231 1529 782 1272 1673 1212 1564 1115 2038 1472 1242 1285 1530 1417 1297 1586 935 503 1356 1809 1331 2006 1097 1127 865 1092 1172 1846 1379 1285 1659 1891 1806 1471 1207 1402 810 1917 1230 955 1642 1581 757 377 1972 1543 1309 1643 1519 1393 1384 2127 1615 2027 1773 1322 1533 1172 447 1910 1658 1542 1725 395 1474 981 673 706 1532 1732 1480 1856 1576 416 1807 975 1855 434 1477 1983 1831 1164 2048 2132 1761 1112 496 645 1397 1585 2168 1175 1656 1872 1051 1785 1862 1956 587 1722 1013 1954 632 1792 1904 1768 2298 1756 421 1214 323 1397 1494 1085 951 1354 1429 1159 1323 843 1177 936 1795 1349 1803 1215 1927 994 1950 1144 863 923 1908 778 1178 1526 1672 668 1316 1104 665 1272 1307 980 431 2331 1458 1983 954 1180 1873 1503 2004 1056 1247 739 1061 863 1778 1060 703 1578 1876 1309 1333 1311 1987
2120 1930 2576 2038 535 1382 1719 1970 1695 803 1225 1405 1920 963 2244 2360 815 2353 1823 1496 1874 1758 2206 1575 929 2394 1265 400 732 2033 0 1806 1528 2070 2289 1369 2013 2432 2039 829 1768 954 2305 1226 1057 794 1615 2148 1785 1692 1785 1423 2535 1208 1288 1406 1226 1714 1338 1223 2605 787 1422 2419 1346 2566 1608 1966 2162 1397 444 1220 1407 1890 466 1347 1744 2247 1741 2068 739 1592 2070 1211 2428 702 944 2532 1831 866 1932 1749 2669 907 2301 2484 1902 2152 1997 2215 1995 2291 2492 2240 2519 966 1924 711 1760 758 1690 831 2743 2591 2014 965 1272 2521 1314 2049 1994 2279 2344 2309 1934 2506 2631 1990 2544 1373 2230 1866 892 1142 853 1607 2551 1291 1905 2473 2515 1799 946 1994 2156 798 1368 1878 2196 2188 1282 2082 2193 1239 1714 699 2109 2562 2066 2686 1753 849 1903 1631 1675 2182 1368 2029 2285 1745 1952 1154 1863 2342 2622 1145 1766 1773 1682 1685 447 2456 1298 2633 753 2763 1844 1676 2416 2411 1598 2537 2407 1991 2337 172 1476 2092 2071 2746
735 1133 1665 653 1589 569 293 425 707 1495 620 674 1280 1104 635 975 1068 968 1085 395 1207 147 976 332 1185 1009 1938 1699 1300 969 1806 0 763 473 904 743 642 1047 453 1154 1366 1628 714 691 1246 1120 1377 539 1547 761 987 1317 1184 841 1964 749 988 229 808 702 1220 1337 691 1034 1851 1181 877 577 777 771 1876 678 743 1652 1540 718 947 1346 1503 684 1233 924 1766 836 1502 1205 1617 1147 1593 1123 528 952 1284 1248 916 1099 845 1847 1463 922 1198 906 1107 855 1231 1536 866 1397 316 1445 893 1436 1358 1206 406 1639 2091 1136 589 819 1197 670 959 1539 549 897 1246 1533 1159 1822 1327 1069 1312 973 1544 810 1166 1864 1166 1669 1130 569 1164 765 771 1084 711 1222 596 803 728 697 1396 589 302 1385 724 1177 457 1301 365 1541 519 317 744 1279 738 420 900 1078 1154 783 468 1109 1742 1268 287 544 2291 1447 1907 906 725 1248 1461 1378 371 1274 1183 1531 969 1153 1530 1194 952 1787 720 707 686 1362
1088 842 1782 1006 1220 407 687 938 485 1216 367 611 989 826 1212 1328 789 1321 1029 380 1081 726 924 460 686 1362 1660 1417 1018 915 1528 763 0 1039 1257 412 993 1401 1008 876 1081 1349 1273 450 961 841 1093 1116 1263 284 697 1033 1537 507 1682 273 458 682 278 371 1573 1055 628 1387 1567 1534 814 935 1130 441 1594 437 131 1368 1257 433 656 1453 1219 1037 954 798 1475 593 1634 927 1339 1500 1309 844 900 661 1637 969 1269 1453 684 1556 1173 933 907 1259 1460 1208 1584 1252 705 1118 728 1166 602 1153 1711 1559 983 1360 1809 1489 360 767 906 1247 1312 1515 903 1474 1599 1243 1512 1538 1436 778 1033 686 1266 519 1519 1580 1111 1679 1483 516 829 712 1124 806 262 932 1164 1156 335 1050 1105 425 648 1107 1077 1530 1034 1655 721 1262 872 492 272 1388 454 997 1253 951 864 540 831 1060 1534 983 734 491 2007 1163 1628 1174 356 1601 1179 1731 812 990 1134 1323 688 1506 1319 903 1305 1505 675 1061 1039 1715
468 1395 1604 516 1852 833 469 116 969 1759 884 938 1542 1368 793 913 1332 802 1211 704 1471 330 1166 700 1447 948 2203 1962 1563 1231 2070 473 1039 0 842 1005 751 986 50 1419 1628 1892 298 955 1508 1384 1639 243 1809 1023 1249 1579 1122 1105 2227 1025 1263 485 1083 966 1075 1600 955 889 2113 1043 1141 580 510 1033 2139 943 1019 1914 1802 980 1209 1285 1765 596 1497 1189 2028 1100 1440 1470 1882 1002 1855 1387 163 1213 1192 1512 855 962 1107 2109 1725 1080 1460 845 1045 688 1169 1799 1128 1661 440 1709 1155 1699 1191 1039 82 1903 2354 969 853 1081 1459 630 793 1515 443 730 1101 1795 993 2084 1303 1331 1576 1235 1809 1072 1105 2126 1291 1645 985 831 1427 1027 500 1349 987 1484 198 742 993 636 1658 853 485 1650 457 1116 474 1210 492 1805 450 687 1006 1255 1000 53 839 1342 1416 1047 466 1291 1923 1530 421 806 2553 1709 2171 1064 996 1103 1724 1286 336 1536 1364 1712 1231 986 1711 1456 666 2052 987 646 624 1195
686 1693 1074 650 2089 1052 663 736 1267 1977 1103 1142 1840 1587 1329 379 1550 1106 951 922 1282 843 1536 919 1710 418 2421 2199 1800 1529 2289 904 1257 842 0 1303 647 286 802 1637 1926 2110 1038 1173 1806 1603 1937 1039 2107 1321 1547 1877 469 1323 2464 1243 1482 799 1302 1184 1358 1837 1142 1171 2392 407 1139 484 644 1331 2375 1161 1237 2212 2039 1278 1507 755 2063 505 1715 1144 2326 1318 911 1688 2100 1285 2153 1605 679 1511 511 1730 374 638 1405 2407 2023 1545 1758 2 392 992 516 2044 1426 1879 660 1928 1453 1935 1350 1238 855 2121 2591 1274 1071 1379 1757 1364 1097 981 580 1279 1384 2093 1227 2382 769 1628 1794 1533 2027 1370 451 2405 938 1111 1268 1129 1672 1324 630 1567 1205 1782 972 471 1211 381 1955 1072 799 1868 677 425 1151 471 685 2023 583 978 1304 721 1298 826 343 1207 1714 1265 623 1672 2305 1827 656 1104 2839 2007 2390 1600 1214 1385 1961 604 596 1834 1746 2094 1529 1290 2093 1754 1085 2270 1130 388 350 877
1134 680 2023 1052 967 623 733 1002 331 1241 618 852 768 851 1167 1374 814 1367 1270 610 1330 683 955 653 561 1408 1685 1077 678 782 1369 743 412 1005 1303 0 1045 1446 985 901 725 1374 1246 706 622 867 753 1071 923 328 534 693 1583 743 1342 529 451 638 490 628 1619 716 869 1433 1227 1580 1055 980 1176 33 1254 694 387 1028 918 64 494 1694 879 1082 979 1047 1209 769 1868 952 1364 1546 969 869 946 498 1683 994 1315 1498 652 1290 979 965 745 1305 1506 1254 1630 913 673 1143 749 1192 440 814 1757 1605 937 1385 1469 1535 598 799 744 1202 1358 1764 948 1429 1645 1049 1558 1198 1677 615 1058 349 1291 325 1565 1240 1352 1928 1529 548 551 744 1170 831 519 710 1127 1202 591 1096 942 674 686 1132 1123 1576 989 1700 767 1287 918 644 311 1629 85 952 1299 1200 701 689 877 1091 1371 644 753 523 1667 823 1319 1206 612 1647 839 1777 830 633 1165 1160 301 1551 1156 741 1351 1212 916 1106 1085 1760
661 1435 1061 710 1813 787 353 636 1009 1702 838 636 1583 1287 1071 708 1275 1025 490 658 952 586 1278 649 1446 752 2145 1923 1524 1272 2013 642 993 751 647 1045 0 791 711 1361 1668 1835 980 803 1548 1327 1680 948 1849 1063 1290 1620 927 1026 2188 979 1217 542 1037 919 1277 1561 627 1091 2120 916 608 370 702 1073 2100 811 973 1954 1764 1020 1249 757 1806 477 1440 613 2068 955 938 1412 1824 1204 1896 1330 602 1254 1019 1455 651 991 1147 2149 1766 1288 1500 650 850 912 974 1769 1169 1604 328 1652 1195 1660 1415 1263 763 1846 2315 1193 807 1122 1499 1107 1016 926 525 1199 1304 1836 1217 2116 715 1371 1519 1276 1751 1112 909 2133 570 1056 1188 871 1397 1067 602 1291 941 1525 880 380 947 425 1698 798 542 1592 649 920 894 1036 294 1748 495 708 1046 667 1041 734 582 746 1457 901 317 1415 2047 1570 357 846 2566 1750 2114 1343 950 1305 1685 1113 418 1576 1489 1836 1272 1210 1835 1497 1010 1994 599 435 418 1274
