NAME: zurich_200_18
COMMENT: TSP instance with 200 nodes. City: Zurich, Switzerland, Seed: 60
TYPE: TSP
DIMENSION: 200
EDGE_WEIGHT_TYPE: EXPLICIT
EDGE_WEIGHT_FORMAT: FULL_MATRIX
NODE_COORD_SECTION:
1 47.2642136 8.4559373
2 47.3485943 8.3455944
3 47.273553 8.725578
4 47.4064457 8.6286594
5 47.5146546 8.6382844
6 47.1963447 8.4804986
7 47.3935699 8.4147968
8 47.2696258 8.4207632
9 47.515227 8.6686489
10 47.5249328 8.5802104
11 47.3685237 8.5196722
12 47.3931495 8.6137754
13 47.2604123 8.3521866
14 47.3722033 8.5228467
15 47.5358215 8.7264988
16 47.5030093 8.7158741
17 47.3923472 8.6090235
18 47.4375577 8.4757979
19 47.3095455 8.5855837
20 47.5071805 8.513311
21 47.2920701 8.7090178
22 47.4918745 8.7597771
23 47.2688308 8.7750876
24 47.4702014 8.5124488
25 47.1984126 8.4798808
26 47.3251341 8.6676226
27 47.3704866 8.5579654
28 47.4210085 8.3053732
29 47.3228509 8.5165782
30 47.4528422 8.3198935
31 47.3520415 8.3426123
32 47.363372 8.5079405
33 47.4400104 8.5719546
34 47.3833898 8.4777196
35 47.4784794 8.5074429
36 47.3522183 8.4415243
37 47.4310419 8.7199021
38 47.370398 8.5550031
39 47.4650854 8.3249718
40 47.4242171 8.4064682
41 47.4217452 8.3702602
42 47.3156281 8.5927629
43 47.4212478 8.2810976
44 47.394794 8.682233
45 47.4992071 8.5379406
46 47.3843989 8.5315837
47 47.3565738 8.6261084
48 47.4279884 8.490141
49 47.4478536 8.6986803
50 47.4755649 8.3008576
51 47.3794448 8.2926608
52 47.4724472 8.3996278
53 47.4017093 8.27749
54 47.1996391 8.776166
55 47.4427687 8.3657578
56 47.4890789 8.3111991
57 47.542777 8.4838491
58 47.3982724 8.4564805
59 47.4203168 8.6283941
60 47.4548581 8.3201872
61 47.3448818 8.2851978
62 47.3766128 8.5552983
63 47.4201816 8.3162085
64 47.3412786 8.7326239
65 47.3194148 8.5799956
66 47.5132444 8.5357105
67 47.3258953 8.7170791
68 47.294354 8.613885
69 47.4579969 8.2832129
70 47.2008512 8.6405411
71 47.3765054 8.5116278
72 47.4847769 8.2996431
73 47.2568862 8.6081845
74 47.5078957 8.7121092
75 47.5372278 8.2939178
76 47.4547958 8.5258327
77 47.4035021 8.4859675
78 47.4759373 8.2850875
79 47.3907327 8.4833374
80 47.4683335 8.3142899
81 47.3510207 8.2874617
82 47.4214567 8.308125
83 47.5398313 8.4666861
84 47.4789955 8.4548503
85 47.5077471 8.6529423
86 47.4880593 8.7528133
87 47.3997043 8.4131413
88 47.5525556 8.7776187
89 47.5188592 8.3290949
90 47.5070787 8.7229715
91 47.3101579 8.5495249
92 47.3852532 8.672419
93 47.2553082 8.7700979
94 47.2502599 8.6013115
95 47.3374955 8.6694906
96 47.4434536 8.3285977
97 47.3212935 8.3814336
98 47.3123448 8.7211508
99 47.5184561 8.6417876
100 47.4431035 8.5777502
101 47.2298327 8.6739353
102 47.3665832 8.5578178
103 47.2866912 8.5633669
104 47.1993577 8.7230343
105 47.3598014 8.337112
106 47.4197308 8.6256586
107 47.2796093 8.7622079
108 47.4065187 8.4146237
109 47.312744 8.7839339
110 47.3736675 8.5359051
111 47.5086645 8.6125207
112 47.5255142 8.7165321
113 47.3264321 8.7967221
114 47.3981994 8.5362618
115 47.4972254 8.7466723
116 47.4220138 8.373043
117 47.5361652 8.5824768
118 47.5305421 8.6268025
119 47.2582259 8.8038909
120 47.4225711 8.5585061
121 47.348226 8.4267273
122 47.3498675 8.6986627
123 47.4092644 8.3154827
124 47.2787863 8.411701
125 47.484168 8.7747129
126 47.2579666 8.3754472
127 47.3197541 8.7895345
128 47.3824332 8.5010249
129 47.3518115 8.2855977
130 47.2473021 8.7574837
131 47.3538241 8.7077382
132 47.4142054 8.7148636
133 47.3997622 8.502211
134 47.2829152 8.7615126
135 47.3653013 8.3299378
136 47.412587 8.6002353
137 47.2130556 8.5654507
138 47.2431582 8.5334095
139 47.356738 8.3425675
140 47.4387969 8.471758
141 47.4737851 8.6791068
142 47.4176063 8.4397368
143 47.3938338 8.4975531
144 47.4226878 8.5997784
145 47.2965306 8.779174
146 47.3707381 8.5430789
147 47.3052938 8.5936033
148 47.217434 8.6105137
149 47.4390615 8.3671548
150 47.5268111 8.5389788
151 47.5191806 8.6611003
152 47.2814148 8.6149734
153 47.3127989 8.5872503
154 47.469334 8.4604854
155 47.3538888 8.530846
156 47.3211382 8.5228829
157 47.2685456 8.4223314
158 47.3958012 8.5300006
159 47.3730218 8.3847318
160 47.5110022 8.6979472
161 47.4434267 8.6284967
162 47.5010418 8.5350692
163 47.2871171 8.711624
164 47.5527615 8.3842782
165 47.4916349 8.7712928
166 47.2938475 8.4511442
167 47.5181214 8.5432389
168 47.241285 8.7296498
169 47.2181848 8.504581
170 47.2698284 8.3125307
171 47.4136207 8.6455512
172 47.5291633 8.4612467
173 47.3456089 8.4699799
174 47.351131 8.4368106
175 47.3604662 8.3463194
176 47.5197598 8.5165594
177 47.4202251 8.5988574
178 47.4223433 8.5531465
179 47.4617647 8.2767915
180 47.4085198 8.53101
181 47.3579223 8.4462704
182 47.3363809 8.5755343
183 47.4295903 8.3023347
184 47.4093191 8.3132657
185 47.2352675 8.7878268
186 47.3731502 8.567673
187 47.3834049 8.5486515
188 47.3928015 8.6336721
189 47.4487477 8.4772234
190 47.4588162 8.3217106
191 47.3257928 8.7870247
192 47.3946234 8.4379771
193 47.3440805 8.2826588
194 47.3674583 8.5525923
195 47.4745794 8.2895525
196 47.5274005 8.7126702
197 47.3621093 8.6217016
198 47.3217734 8.7916041
199 47.412867 8.6004605
200 47.2921395 8.714691
EDGE_WEIGHT_SECTION:
0 905 1945 1472 2048 512 909 254 1983 1936 817 1442 750 785 2115 1928 1437 1099 1396 1727 1884 2121 2137 1503 505 1682 990 1344 926 1219 998 877 1294 1076 1566 562 1810 991 1256 1105 1056 1432 1512 1609 1640 944 1461 1020 1676 1345 1219 1418 1426 1855 1094 1528 1855 941 1407 1171 1223 1008 1352 1889 1314 1681 1995 1678 1338 1175 862 1390 1224 1979 2014 1416 1146 1463 1074 1309 1204 1383 1934 1398 2100 2072 837 2294 1787 1942 931 1628 2212 1137 1739 1315 667 1940 2071 1322 1352 989 920 1545 1016 1383 2011 951 2147 838 1869 2052 2092 1087 2026 1038 2061 2267 2313 1281 517 1871 1247 313 2223 488 2068 938 1177 2260 1788 1819 1232 1967 1000 1394 824 517 1010 1152 1933 1020 1025 1466 2015 913 1494 1007 1054 1716 2011 1689 1430 1322 778 931 241 1056 940 1899 1607 1624 1837 2005 2226 358 1720 2267 466 859 1475 1848 612 544 916 1749 1424 1263 1421 1168 715 1182 1457 1300 2412 1090 1023 1536 1224 1267 2081 873 1240 947 1422 1980 1399 2087 1390 1792
905 0 2058 1452 1966 1299 827 755 1963 1854 930 1429 868 898 2096 1908 1425 1017 1510 1644 1998 2102 2250 1421 1293 1795 1104 575 1039 1104 223 990 1211 1008 1484 541 1790 1105 1159 997 898 1545 743 1589 1558 1057 1574 938 1657 1098 459 1336 666 1968 1012 1280 1772 859 1387 1056 477 1122 583 1869 1427 1599 2046 1791 1012 1522 975 1142 1337 1960 1766 1334 1064 1167 1026 1094 444 614 1852 1316 2018 2052 755 2274 1539 1922 1044 1609 2325 1250 1853 1189 239 2054 1989 1240 1465 1103 1033 1659 256 1363 2124 831 2127 951 1787 2032 2072 1181 2007 904 1979 2185 2426 1232 543 1852 478 661 2203 798 2048 1034 417 2373 1769 1799 1149 2080 240 1360 1608 1287 250 1070 1914 938 943 1484 2129 1026 1608 1331 972 1634 1991 1802 1543 1240 891 1044 733 1170 461 1879 1535 1542 1951 1757 2206 751 1638 2380 1285 944 1455 1766 785 500 147 1667 1442 1181 975 1190 652 1295 689 531 2526 1203 1137 1517 1142 1152 2062 791 494 1060 1126 1960 1512 2068 1356 1906
1945 2058 0 1095 1863 2371 1777 1996 1678 1984 1271 1024 2493 1239 1810 1623 1073 1565 842 1779 238 1781 335 1674 2364 464 1066 2476 1584 2107 2166 1367 1340 1525 1755 1720 1225 1073 2144 1865 1944 729 2621 959 1689 1236 694 1487 1367 2233 2351 2086 2559 2602 1981 2416 2047 1657 1088 2059 2370 1112 2484 540 853 1729 543 710 2226 2156 1305 2278 1971 1674 2834 1587 1581 2351 1512 2196 2336 2504 2162 1865 1879 1752 1874 1989 2607 1637 1623 918 381 1884 567 2202 2012 327 1816 1369 2099 1010 1667 2293 2148 1064 256 1798 459 1154 1917 1747 595 1313 1721 1926 2109 2040 557 1443 1649 671 2379 2055 1814 2230 526 1381 2310 393 688 1114 1531 253 2132 1225 2267 2225 2143 1618 1607 1688 1505 1273 308 1116 882 1965 1942 1764 1706 644 850 1788 1242 1594 1983 1295 2001 1594 1323 1672 172 2651 1831 1949 1768 382 2325 2601 1088 2129 1805 1696 2048 1797 1264 1434 2309 1395 1730 857 2483 2433 554 1084 1170 1121 1690 2155 668 1799 2387 1008 2309 1675 736 545 1221 266
1472 1452 1095 0 941 1898 854 1523 755 1052 781 220 2016 742 887 700 233 633 1200 848 1060 893 1157 742 1891 780 663 1606 1111 1186 1560 847 408 922 824 1152 582 696 1223 933 1023 1133 1739 300 757 560 549 555 448 1312 1745 1155 1886 2128 1061 1495 1115 962 166 1138 1764 617 1563 580 1112 798 757 1162 1305 1683 733 1357 1498 751 1902 656 822 1430 890 1276 1730 1589 1230 933 956 844 975 1066 1675 714 1204 320 1298 1411 677 1282 1405 821 893 437 1626 685 1194 1819 1542 141 1085 866 839 655 986 824 783 505 799 1005 1177 1117 1307 496 1093 563 1631 1582 995 1757 759 778 1704 1347 480 591 772 1053 1526 246 1794 1752 1537 686 705 757 809 314 958 703 1277 1492 1021 833 783 1274 1202 856 859 1120 1509 535 1078 671 394 740 1013 1719 998 1476 837 1426 1851 2112 151 1197 1332 1121 1442 865 306 503 1388 566 1160 941 1562 1679 1460 566 580 227 758 1234 773 999 1781 689 1389 752 558 779 242 985
2048 1966 1863 941 0 2474 1368 2100 229 435 1386 1078 2550 1348 541 505 1073 1148 1820 909 1828 790 1925 1033 2468 1672 1334 2120 1716 1701 2075 1452 808 1527 1078 1666 873 1334 1738 1447 1537 1855 2254 984 826 1165 1441 1069 739 1827 2260 1669 2400 2734 1575 2009 1090 1493 863 1653 2278 1276 2078 1349 1737 816 1526 2054 1820 2288 1338 1871 2103 450 2118 1109 1428 1944 1496 1790 2244 2103 1205 1247 145 753 1489 773 1891 533 1810 1083 2067 2016 1569 1796 1920 1590 109 795 2231 1343 1799 2425 2057 839 1854 1380 1607 1261 505 530 1552 1110 695 1520 462 333 2075 912 1654 1331 2145 2158 904 2334 1527 1383 2218 2115 1248 881 1378 1822 2041 990 2399 2357 2051 1201 636 1271 1394 955 1726 1309 1917 2097 1535 747 158 2112 1853 1284 1464 1726 2086 1141 1592 364 716 842 1781 1935 908 2043 709 2194 2428 2626 935 1172 1908 1635 1957 882 946 969 1902 1161 1674 1605 2077 2194 2228 1347 1185 1134 1273 1749 1541 1513 2295 1296 1903 458 1450 1547 986 1753
512 1299 2371 1898 2474 0 1335 634 2409 2362 1243 1868 1013 1211 2541 2354 1863 1525 1822 2153 2310 2547 2563 1929 45 2108 1416 1770 1264 1645 1406 1303 1720 1502 1992 988 2236 1417 1682 1531 1482 1858 1938 2035 2066 1370 1887 1446 2102 1771 1645 1844 1852 1797 1520 1954 2280 1367 1833 1597 1621 1434 1778 2315 1740 2107 2421 2104 1764 1027 1288 1816 1184 2405 2440 1842 1572 1889 1500 1735 1630 1809 2360 1824 2526 2498 1263 2720 2213 2368 1356 2054 2638 1097 2165 1740 1061 2366 2497 1748 1276 1415 1296 1488 1442 1809 2437 1377 2573 1264 2295 2478 2518 1513 2452 1464 2487 2693 2739 1707 943 2297 1673 739 2649 728 2493 1364 1603 2686 2214 2245 1658 2393 1426 1820 558 580 1436 1578 2359 1446 1451 1892 2441 1339 1920 859 1480 2142 2437 2115 1856 1748 1204 1265 612 1482 1366 2325 2033 2050 2263 2431 2652 784 2146 2693 360 1245 1901 2274 1038 970 1342 2175 1850 1689 1847 1594 1141 1608 1883 1726 2838 1516 1449 1962 1650 1693 2507 1299 1638 1373 1848 2406 1825 2513 1816 2218
909 827 1777 854 1368 1335 0 961 1365 1256 649 831 1411 611 1498 1310 827 419 1247 1046 1727 1504 1847 823 1329 1426 825 911 911 539 936 686 613 499 886 527 1192 826 576 421 360 1282 1052 991 960 576 1194 340 1058 665 1061 738 1163 1888 414 848 1174 304 789 491 1139 814 874 1271 1164 1001 1448 1528 658 1442 580 710 1257 1362 1334 736 463 783 419 629 1105 894 1254 718 1420 1454 296 1676 1107 1324 964 1010 1989 1170 1322 634 781 1512 1391 642 1386 832 954 1579 918 765 1776 322 1529 668 1189 1434 1474 603 1409 354 1381 1587 1998 634 527 1254 936 1020 1605 1195 1450 510 1079 2037 1171 1201 551 1744 902 762 1554 1315 912 471 1316 432 345 886 1649 755 1345 1251 374 1036 1393 1540 1281 642 712 915 947 595 423 1281 937 944 1680 1325 1608 904 1040 2106 1289 1487 857 1168 769 496 818 1068 844 583 741 592 535 1033 911 984 2151 893 729 919 544 587 1464 350 1156 787 742 1362 1204 1470 758 1635
254 755 1996 1523 2100 634 961 0 2035 1988 868 1493 600 836 2167 1980 1489 1150 1448 1778 1936 2173 2188 1554 627 1734 1042 1307 978 1271 862 928 1345 1127 1618 613 1862 1043 1308 1157 1107 1483 1474 1660 1692 995 1512 1072 1728 1397 1101 1469 1308 1906 1145 1580 1906 992 1458 1223 1076 1060 1315 1940 1365 1733 2047 1729 1390 1309 913 1442 1275 2031 2066 1467 1197 1515 1126 1360 1097 1346 1985 1450 2151 2123 889 2345 1839 1994 982 1680 2264 1188 1791 1366 516 1992 2122 1374 1404 1041 972 1597 969 1434 2062 1003 2199 889 1921 2103 2143 1139 2078 1090 2112 2319 2364 1332 568 1923 1210 162 2274 357 2119 989 1071 2312 1840 1870 1283 2018 953 1445 957 651 963 1203 1985 1072 1077 1517 2067 965 1546 1140 1106 1768 2062 1740 1482 1373 830 982 22 1108 992 1950 1659 1675 1889 2056 2277 466 1772 2318 587 708 1526 1900 664 596 879 1800 1476 1314 1472 1219 766 1233 1420 1263 2464 1141 1075 1588 1275 1319 2133 925 1093 999 1473 2031 1450 2139 1441 1844
1983 1963 1678 755 229 2409 1365 2035 0 507 1292 892 2528 1254 406 320 888 1145 1726 981 1643 605 1740 1106 2403 1487 1240 2117 1622 1698 2072 1358 920 1433 1151 1664 687 1240 1735 1444 1534 1761 2251 798 898 1071 1256 1067 553 1824 2257 1666 2397 2640 1572 2007 1162 1474 677 1650 2275 1182 2075 1163 1643 889 1340 1869 1817 2194 1244 1869 2009 264 2190 1167 1334 1942 1402 1787 2242 2100 1277 1319 328 568 1486 587 1963 347 1716 898 1881 1922 1384 1793 1917 1404 182 949 2138 1249 1706 2331 2054 653 1668 1378 1422 1167 577 345 1366 1016 510 1517 535 406 1890 1022 1605 1146 2142 2093 719 2268 1342 1289 2215 1930 1063 696 1284 1636 2038 815 2305 2263 2048 1198 554 1268 1320 862 1541 1216 1824 2003 1533 820 72 1981 1759 1356 1370 1632 2021 1047 1590 179 841 915 1596 2008 722 1988 782 2009 2363 2623 749 1244 1843 1632 1954 954 853 1014 1900 1078 1671 1511 2074 2191 2043 1177 1091 948 1270 1746 1356 1510 2292 1202 1900 273 1265 1362 811 1568
1936 1854 1984 1052 435 2362 1256 1988 507 0 1274 1030 2437 1235 819 783 1025 1035 1707 539 1949 1068 2046 698 2355 1624 1222 2008 1604 1588 1962 1340 696 1415 743 1554 1151 1222 1625 1335 1425 1742 2141 1190 469 1053 1393 957 921 1714 2147 1379 2288 2622 1463 1682 721 1380 980 1540 2166 1164 1965 1470 1624 447 1647 1988 1707 2176 1226 1758 1991 728 1748 889 1316 1832 1384 1678 2132 1991 836 878 533 1031 1377 1051 1521 811 1698 1209 2188 1904 1521 1684 1807 1710 346 700 2119 1231 1687 2313 1944 963 1974 1268 1728 1148 312 808 1673 998 973 1407 125 336 2196 800 1542 1452 2033 2046 1182 2221 1648 1271 2106 2236 1369 1159 1266 1943 1928 957 2287 2245 1939 1088 770 1159 1282 949 1847 1197 1805 1985 1423 364 436 2000 1741 915 1352 1613 1974 1028 1480 642 732 473 1902 1566 1186 1931 340 2315 2316 2514 1043 802 1796 1523 1844 513 939 857 1790 1049 1562 1493 1964 2081 2349 1237 1073 1117 1068 1636 1662 1401 2183 1183 1791 736 1402 1668 953 1874
817 930 1271 781 1386 1243 649 868 1292 1274 0 751 1365 57 1424 1237 747 759 723 1069 1211 1430 1463 964 1236 1009 317 1335 456 975 1038 130 630 314 1045 555 1119 318 1011 860 811 758 1476 918 978 234 787 683 985 1101 1223 1173 1431 1474 849 1283 1337 471 716 927 1242 335 1340 1198 640 1019 1322 1004 1094 1028 99 1145 843 1288 1769 871 416 1218 331 1064 1208 1359 1452 1044 1438 1381 716 1603 1542 1251 550 937 1538 756 1066 1070 884 1267 1409 658 971 316 539 1165 1020 692 1337 728 1456 157 1207 1361 1401 353 1335 794 1399 1605 1639 607 521 1181 1251 927 1532 1102 1377 195 1182 1587 1097 1128 498 1293 1004 715 1139 1097 1015 780 1242 690 340 775 1342 236 821 837 809 1054 1320 1015 756 968 241 465 855 332 873 1208 935 962 1164 1760 1535 821 1058 1593 1197 1473 784 1418 677 549 920 1086 733 603 1176 428 493 508 1350 1305 1739 416 342 845 879 1023 1390 613 1259 274 1177 1289 725 1396 711 1119
1442 1429 1024 220 1078 1868 831 1493 892 1030 751 0 1987 713 1025 837 66 611 1043 825 958 1031 1216 720 1861 611 519 1583 1081 1164 1538 817 386 892 801 1129 719 555 1200 910 1000 964 1717 426 734 530 380 532 585 1290 1722 1132 1863 2099 1038 1472 1092 933 316 1116 1741 473 1541 733 950 775 840 993 1282 1653 703 1334 1468 889 1879 633 793 1407 861 1253 1707 1566 1208 910 1093 981 952 1203 1652 851 1150 400 1292 1381 508 1259 1383 830 1031 414 1596 541 1164 1790 1520 292 1090 843 991 626 963 961 936 475 936 983 1154 1254 1392 462 1064 660 1608 1552 1132 1727 912 748 1681 1340 621 724 743 1046 1503 235 1764 1722 1514 663 843 734 779 396 1095 625 1108 1462 998 810 920 1105 1033 833 768 1091 1480 506 1055 808 551 717 917 1697 1135 1447 814 1321 1822 2089 338 1174 1302 1098 1420 842 351 480 1365 536 1137 772 1539 1656 1492 422 548 156 736 1212 926 976 1758 583 1366 889 389 932 231 872
750 868 2493 2016 2550 1013 1411 600 2528 2437 1365 1987 0 1332 2660 2473 1982 1600 1944 2228 2432 2666 2685 2004 1006 2230 1538 1368 1474 1721 828 1425 1795 1591 2067 1110 2355 1539 1757 1606 1557 1979 1421 2154 2142 1491 2009 1522 2221 1847 1031 1919 1238 2402 1595 2029 2356 1442 1952 1673 740 1556 1376 2434 1861 2182 2543 2225 1700 1784 1409 1891 1772 2524 2515 1917 1647 1955 1610 1810 849 1407 2435 1899 2601 2616 1338 2839 2288 2487 1478 2173 2760 1685 2287 1816 633 2488 2572 1823 1900 1537 1468 2093 899 1927 2558 1452 2692 1385 2370 2597 2637 1635 2571 1540 2562 2768 2860 1800 1026 2416 1271 618 2767 285 2612 1485 845 2808 2333 2363 1733 2515 883 1913 1433 1126 893 1653 2478 1522 1526 2004 2563 1461 2042 1616 1555 2217 2556 2237 1978 1823 1326 1478 578 1604 1200 2444 2119 2125 2385 2506 2771 929 2222 2815 1063 331 2019 2350 1160 1083 964 2250 1963 1764 1768 1716 1235 1730 1481 1324 2960 1638 1571 2081 1725 1769 2626 1374 757 1495 1913 2525 1946 2632 1909 2340
785 898 1239 742 1348 1211 611 836 1254 1235 57 713 1332 0 1386 1199 708 730 690 1031 1178 1392 1431 925 1204 976 284 1310 424 938 1006 149 591 311 1007 560 1081 285 974 823 774 726 1451 879 940 189 755 652 947 1064 1191 1136 1399 1442 812 1246 1298 442 677 890 1210 302 1314 1160 608 981 1289 972 1056 996 90 1108 811 1250 1732 839 388 1181 303 1027 1176 1334 1413 1016 1399 1342 687 1565 1505 1213 518 899 1506 724 1033 1033 851 1234 1370 620 939 283 507 1132 988 653 1305 700 1418 120 1168 1322 1363 322 1297 757 1360 1567 1607 578 489 1142 1219 895 1493 1070 1338 166 1150 1554 1059 1089 466 1261 972 676 1107 1065 983 752 1204 662 312 737 1309 201 788 805 772 1015 1282 983 724 939 208 433 823 287 836 1170 897 923 1131 1723 1497 789 1020 1561 1164 1441 745 1380 645 535 888 1048 695 578 1139 397 512 476 1313 1272 1706 384 305 807 850 986 1352 584 1227 241 1140 1251 693 1358 673 1086
2115 2096 1810 887 541 2541 1498 2167 406 819 1424 1025 2660 1386 0 346 1020 1277 1858 1293 1775 460 1872 1386 2535 1619 1372 2249 1755 1830 2204 1491 1052 1566 1461 1796 820 1372 1867 1577 1667 1893 2383 930 1210 1203 1388 1199 686 1956 2389 1798 2530 2772 1705 2139 1474 1606 809 1782 2407 1315 2207 1296 1775 1201 1473 2001 1949 2326 1377 2001 2141 324 2502 1299 1466 2074 1534 1919 2374 2232 1589 1577 639 504 1619 381 2275 256 1848 1030 2014 2055 1516 1925 2049 1536 494 1081 2270 1382 1838 2463 2186 785 1800 1510 1554 1299 889 206 1499 1148 442 1649 824 690 2022 1155 1737 1278 2274 2225 619 2401 1474 1421 2347 2062 1195 828 1416 1768 2170 947 2438 2395 2180 1330 686 1400 1452 994 1673 1348 1956 2135 1665 1132 413 2113 1892 1500 1503 1764 2153 1179 1722 329 973 1227 1728 2319 591 2120 1094 2141 2495 2755 881 1556 1976 1764 2086 1266 986 1146 2032 1210 1804 1643 2206 2323 2175 1309 1224 1081 1402 1878 1488 1642 2425 1334 2032 135 1397 1494 944 1700
1928 1908 1623 700 505 2354 1310 1980 320 783 1237 837 2473 1199 346 0 833 1090 1671 1257 1588 313 1685 1199 2347 1432 1185 2062 1567 1643 2017 1303 865 1378 1280 1608 632 1185 1680 1389 1479 1706 2196 743 1174 1016 1201 1012 488 1769 2202 1611 2342 2585 1517 1952 1439 1419 622 1595 2220 1127 2020 1108 1588 1165 1285 1814 1762 2139 1189 1814 1954 84 2358 1112 1279 1886 1347 1732 2186 2045 1554 1389 499 272 1431 600 2131 95 1661 843 1826 1867 1329 1738 1862 1349 458 893 2083 1194 1651 2276 1999 598 1613 1322 1366 1112 853 280 1311 961 218 1462 811 682 1835 967 1550 1091 2087 2038 423 2213 1287 1234 2160 1875 1008 641 1229 1581 1983 760 2250 2208 1993 1143 478 1213 1265 807 1486 1160 1769 1948 1477 1096 348 1926 1704 1313 1315 1577 1966 992 1534 150 764 1191 1541 2176 427 1933 1058 1954 2308 2568 694 1520 1788 1577 1899 1231 798 959 1844 1023 1616 1456 2019 2136 1988 1122 1036 893 1215 1691 1301 1455 2237 1147 1845 263 1210 1307 756 1513
1437 1425 1073 233 1073 1863 827 1489 888 1025 747 66 1982 708 1020 833 0 606 1078 820 1007 1026 1265 715 1857 660 515 1578 1077 1159 1533 813 381 888 796 1125 715 551 1196 906 996 1013 1712 472 729 526 429 528 581 1285 1718 1127 1859 2094 1034 1468 1088 928 312 1111 1737 469 1536 778 995 770 889 1042 1278 1649 699 1330 1464 884 1875 628 788 1403 856 1248 1703 1561 1203 906 1089 976 948 1199 1648 847 1145 446 1340 1377 557 1254 1378 879 1026 410 1592 537 1160 1785 1515 288 1139 839 1036 621 958 957 980 471 931 978 1150 1250 1441 457 1059 709 1603 1548 1128 1723 956 743 1676 1389 667 724 738 1095 1499 230 1760 1718 1509 659 838 729 775 392 1144 621 1157 1457 994 805 916 1154 1082 829 764 1086 1475 501 1051 804 546 713 966 1692 1131 1442 809 1370 1817 2084 355 1170 1298 1093 1415 838 346 475 1361 532 1133 821 1535 1652 1541 418 544 202 731 1207 970 971 1754 579 1361 885 438 976 227 921
1099 1017 1565 633 1148 1525 419 1150 1145 1035 759 611 1600 730 1277 1090 606 0 1245 638 1530 1283 1627 409 1518 1205 757 1170 1141 751 1125 790 393 632 468 717 972 753 739 498 588 1280 1304 771 636 572 974 78 838 877 1310 521 1450 2141 602 1057 756 543 568 703 1328 692 1128 1051 1162 777 1228 1526 870 1695 669 922 1510 1141 1269 379 344 995 586 829 1295 1153 835 300 1199 1233 540 1456 1042 1104 1217 790 1769 1423 1102 846 970 1291 1170 422 1639 768 1207 1832 1107 544 1555 431 1309 691 968 1213 1254 451 1188 570 1160 1366 1777 413 716 1033 1195 1209 1384 1384 1229 599 1268 1817 950 980 407 1523 1091 541 1806 1504 1101 53 1095 321 526 665 1428 740 1343 1504 586 808 1173 1537 1278 223 895 1150 1137 477 643 1061 717 680 1483 1086 1388 1093 803 1896 1478 1676 636 750 959 685 1007 722 623 362 953 364 725 1030 1127 1244 1930 765 600 698 126 784 1243 563 1346 721 953 1142 983 1249 538 1455
1396 1510 842 1200 1820 1822 1247 1448 1726 1707 723 1043 1944 690 1858 1671 1078 1245 0 1503 782 1864 1034 1397 1816 565 621 1928 1036 1573 1618 819 1063 977 1479 1172 1553 622 1610 1459 1410 113 2079 1195 1412 752 663 1166 1419 1699 1803 1761 2010 2053 1448 1882 1770 1108 1149 1525 1822 645 1936 999 93 1452 876 281 1692 1608 756 1744 1423 1722 2368 1310 1053 1817 964 1663 1788 1962 1885 1544 1871 1814 1344 2037 2141 1685 1075 1060 1109 1336 668 1668 1463 838 1842 1092 1551 547 1119 1744 1600 1125 908 1346 1064 624 1640 1794 1199 829 1769 1392 1832 2038 1210 1053 1101 1004 1831 1507 1965 1682 1131 832 1761 1148 1020 1473 1047 864 1584 1148 1719 1677 1594 1297 1676 1311 965 1208 913 572 98 1416 1408 1487 1753 292 55 1468 694 1045 1434 811 1471 1642 1368 1395 735 2331 1969 1401 1492 982 1776 2052 1217 1852 1257 1147 1500 1520 1167 1067 1775 911 1182 283 1949 1884 1247 663 687 1140 1370 1621 1273 1250 1839 545 1775 1722 737 1150 1145 690
1727 1644 1779 848 909 2153 1046 1778 981 539 1069 825 2228 1031 1293 1257 820 638 1503 0 1745 1497 1841 387 2146 1419 1017 1649 1399 1211 1753 1135 491 1210 299 1345 1186 1017 1140 1125 1215 1538 1759 985 237 848 1188 716 1052 1327 1932 879 2009 2417 1075 1182 307 1171 783 1163 1956 959 1650 1265 1420 207 1442 1784 1325 1971 1021 1302 1786 1202 1249 548 967 1445 1179 1230 1923 1658 422 378 1007 1448 1167 1524 1022 1285 1493 1004 1983 1699 1316 1306 1598 1506 820 517 1914 1026 1482 2108 1735 759 1770 1058 1523 944 742 1282 1468 793 1402 1198 630 841 1992 595 1337 1248 1731 1837 1599 2012 1444 1066 1896 2031 1164 1195 1030 1738 1719 752 2082 2040 1729 655 1096 947 1053 787 1643 992 1600 1780 1114 220 910 1795 1536 415 1147 1409 1764 824 1271 1116 693 221 1697 1066 1602 1721 238 2110 2106 2304 851 389 1586 1313 1635 191 745 652 1408 844 1352 1288 1582 1769 2145 1033 868 912 611 1185 1457 1191 1973 979 1404 1210 1197 1463 748 1670
1884 1998 238 1060 1828 2310 1727 1936 1643 1949 1211 958 2432 1178 1775 1588 1007 1530 782 1745 0 1736 455 1639 2304 357 1006 2416 1524 2053 2106 1307 1305 1465 1721 1660 1190 1013 2090 1830 1889 669 2567 924 1654 1176 633 1452 1332 2179 2291 2052 2498 2541 1927 2361 2012 1596 1053 2005 2309 1052 2423 507 793 1695 465 670 2172 2095 1244 2224 1911 1639 2799 1553 1521 2296 1452 2142 2276 2450 2127 1830 1844 1707 1823 1954 2572 1602 1563 884 522 1824 460 2148 1951 249 1781 1334 2039 949 1607 2232 2088 1029 329 1763 493 1094 1882 1712 628 1253 1686 1872 2074 2005 639 1395 1589 593 2319 1995 1769 2170 560 1320 2249 532 610 1079 1471 285 2072 1174 2207 2164 2082 1583 1572 1653 1444 1238 341 1055 821 1904 1887 1729 1671 632 790 1753 1182 1533 1922 1235 1951 1559 1288 1637 69 2616 1786 1889 1734 521 2264 2540 1053 2094 1745 1635 1988 1762 1230 1399 2254 1335 1670 797 2429 2372 692 1023 1109 1055 1655 2101 701 1738 2327 948 2255 1640 676 578 1170 195
2121 2102 1781 893 790 2547 1504 2173 605 1068 1430 1031 2666 1392 460 313 1026 1283 1864 1497 1736 0 1843 1392 2541 1625 1378 2255 1761 1836 2210 1497 1058 1572 1473 1802 746 1378 1873 1583 1673 1899 2389 936 1406 1209 1394 1205 681 1962 2395 1804 2536 2778 1711 2145 1724 1612 815 1788 2413 1321 2213 1267 1781 1443 1430 2007 1955 2332 1383 2007 2148 370 2552 1305 1472 2080 1540 1925 2380 2238 1839 1583 711 91 1625 523 2325 309 1854 1036 1985 2061 1522 1931 2055 1497 743 1087 2276 1388 1844 2469 2192 791 1772 1516 1504 1305 1138 471 1429 1154 95 1655 1096 967 1974 1161 1743 1248 2280 2232 165 2407 1424 1427 2353 2033 1168 834 1422 1740 2176 953 2444 2401 2186 1336 671 1406 1458 1000 1626 1354 1962 2141 1671 1381 633 2111 1898 1506 1509 1770 2159 1185 1728 435 958 1390 1689 2369 132 2126 1343 2112 2501 2761 887 1805 1982 1770 2092 1501 992 1152 2038 1216 1810 1649 2212 2329 2127 1315 1230 1087 1408 1884 1392 1648 2431 1340 2038 454 1403 1444 950 1662
2137 2250 335 1157 1925 2563 1847 2188 1740 2046 1463 1216 2685 1431 1872 1685 1265 1627 1034 1841 455 1843 0 1736 2556 657 1259 2599 1776 2180 2359 1559 1402 1717 1817 1913 1286 1265 2217 1927 2016 921 2733 1021 1750 1428 886 1549 1428 2306 2544 2148 2751 2794 2054 2489 2109 1849 1150 2132 2562 1305 2557 602 1046 1791 724 922 2299 2348 1497 2351 2163 1736 2895 1649 1773 2424 1704 2269 2528 2582 2224 1926 1940 1814 1969 2051 2668 1699 1815 980 186 2076 760 2275 2204 508 1878 1431 2291 1202 1859 2485 2341 1126 126 1860 417 1346 1979 1808 547 1498 1783 1999 2171 2101 224 1504 1841 792 2572 2247 1876 2422 479 1573 2502 234 768 1176 1723 170 2325 1293 2459 2417 2335 1680 1668 1750 1697 1335 266 1308 1074 2157 2015 1826 1767 933 1042 1850 1434 1786 2175 1487 2072 1655 1385 1734 404 2713 1893 2142 1830 443 2517 2793 1150 2190 1997 1888 2241 1859 1326 1496 2382 1560 1923 1049 2556 2625 376 1276 1362 1233 1752 2228 620 1987 2579 1200 2382 1736 928 497 1289 458
1503 1421 1674 742 1033 1929 823 1554 1106 698 964 720 2004 925 1386 1199 715 409 1397 387 1639 1392 1736 0 1922 1314 912 1574 1294 1155 1529 1030 447 1036 133 1121 1081 912 1102 902 992 1432 1708 880 249 743 1083 487 947 1281 1714 865 1854 2312 1005 1290 558 947 678 1107 1732 854 1532 1160 1314 405 1337 1678 1274 1866 914 1326 1681 1250 1356 212 748 1399 990 1193 1699 1557 639 408 1095 1342 944 1565 1129 1213 1388 899 1878 1594 1211 1250 1374 1400 945 476 1809 921 1377 2003 1511 653 1664 835 1418 838 744 1323 1363 681 1297 974 788 1000 1886 475 1120 1142 1599 1613 1493 1788 1338 959 1672 1926 1059 1089 811 1633 1495 651 1977 1908 1505 459 1135 725 903 733 1537 887 1495 1675 990 461 1034 1690 1431 445 1042 1303 1541 712 1047 1170 747 292 1592 1174 1497 1497 418 2005 1882 2080 745 553 1363 1089 1411 493 691 460 1357 653 1129 1183 1531 1648 2039 927 763 807 392 1147 1352 967 1750 873 1357 1251 1092 1358 647 1564
505 1293 2364 1891 2468 45 1329 627 2403 2355 1236 1861 1006 1204 2535 2347 1857 1518 1816 2146 2304 2541 2556 1922 0 2102 1410 1763 1257 1639 1400 1296 1713 1495 1986 981 2230 1411 1676 1524 1475 1851 1931 2028 2060 1363 1880 1440 2096 1765 1638 1837 1846 1839 1513 1948 2274 1360 1826 1591 1614 1428 1771 2308 1733 2101 2415 2097 1758 1069 1281 1810 1226 2399 2434 1835 1565 1882 1494 1728 1623 1802 2353 1818 2519 2491 1257 2713 2207 2361 1350 2048 2631 1139 2159 1734 1054 2360 2490 1742 1318 1409 1313 1530 1435 1802 2430 1371 2567 1257 2289 2471 2511 1507 2446 1458 2480 2687 2732 1700 936 2291 1666 732 2642 721 2487 1357 1597 2680 2208 2238 1651 2386 1419 1813 599 621 1430 1571 2353 1440 1444 1885 2435 1333 1914 900 1473 2136 2430 2108 1849 1741 1198 1259 605 1476 1360 2318 2027 2043 2257 2424 2645 777 2140 2686 402 1238 1894 2268 1032 964 1335 2168 1844 1682 1840 1587 1134 1601 1877 1719 2832 1509 1443 1956 1643 1687 2501 1293 1631 1367 1841 2399 1818 2507 1809 2212
1682 1795 464 780 1672 2108 1426 1734 1487 1624 1009 611 2230 976 1619 1432 660 1205 565 1419 357 1625 657 1314 2102 0 804 2174 1321 1758 1904 1104 980 1262 1395 1458 1106 810 1795 1505 1595 452 2311 761 1328 973 413 1127 1170 1884 2089 1726 2296 2339 1632 2067 1687 1394 909 1710 2107 850 2135 499 576 1369 376 453 1877 1893 1042 1929 1708 1483 2474 1227 1318 2002 1250 1847 2073 2160 1802 1505 1688 1575 1547 1798 2247 1446 1360 626 732 1621 103 1853 1749 366 1625 1009 1837 747 1405 2030 1886 885 530 1438 687 892 1557 1556 822 1051 1530 1577 1749 1849 832 1056 1386 504 2117 1792 1681 1967 754 1118 2047 780 520 996 1268 486 1870 829 2004 1962 1880 1258 1388 1328 1242 991 535 853 604 1702 1593 1404 1515 565 573 1428 979 1331 1720 1032 1650 1403 1129 1312 353 2291 1698 1687 1408 720 2062 2338 897 1769 1542 1433 1786 1437 945 1074 1960 1126 1468 594 2134 2170 932 821 907 708 1330 1806 844 1536 2124 745 1960 1484 455 772 826 312
990 1104 1066 663 1334 1416 825 1042 1240 1222 317 519 1538 284 1372 1185 515 757 621 1017 1006 1378 1259 912 1410 804 0 1522 630 1151 1212 408 578 566 993 766 1067 49 1188 1037 988 633 1668 866 926 266 524 679 933 1277 1397 1279 1604 1647 1026 1460 1284 697 664 1103 1415 114 1527 1146 538 967 1117 902 1270 1201 345 1322 1016 1236 1946 825 611 1395 553 1241 1382 1551 1399 1057 1385 1328 922 1551 1719 1199 669 856 1334 930 802 1247 1057 1062 1356 606 1145 74 713 1338 1194 640 1132 924 1289 186 1155 1309 1349 343 1283 970 1346 1553 1434 556 695 1064 1425 1100 1479 1276 1324 421 1355 1382 1045 1075 561 1089 1178 616 1313 1270 1188 810 1190 881 543 715 1137 161 719 1010 986 1002 1268 913 650 980 288 639 1028 325 1050 1156 883 909 959 1843 1483 995 1006 1389 1370 1646 731 1366 851 741 1094 1034 673 571 1353 424 772 395 1527 1478 1534 107 196 637 882 1199 1338 839 1433 87 1354 1237 461 1344 612 914
1344 575 2476 1606 2120 1770 911 1307 2117 2008 1335 1583 1368 1310 2249 2062 1578 1170 1928 1649 2416 2255 2599 1574 1763 2174 1522 0 1458 622 688 1395 1365 1273 1575 959 1944 1523 616 967 649 1963 217 1743 1712 1322 1946 1092 1810 554 406 987 402 2386 809 737 1767 1134 1541 574 724 1527 132 2023 1845 1753 2200 2209 573 1940 1325 599 1755 2113 1223 1487 1211 624 1216 551 729 56 1822 1311 2171 2205 916 2428 996 2076 1462 1762 2713 1668 2074 717 791 2264 2142 1394 1884 1521 1452 2077 674 1517 2506 904 2281 1365 1941 2186 2226 1348 2160 656 2132 2339 2749 1385 962 2005 97 1213 2357 1298 2201 1255 696 2761 1922 1953 1297 2468 589 1514 2052 1750 668 1223 2067 1049 1090 1637 2400 1445 2026 1749 816 1788 2145 2221 1962 1234 1310 1462 1285 1341 726 2033 1689 1695 2369 1214 2360 1303 1792 2798 1724 1444 1609 1715 1204 918 462 1734 1596 1334 432 1344 1070 1714 113 120 2893 1604 1474 1670 1266 627 2215 1078 741 1479 583 2114 1918 2221 1510 2324
926 1039 1584 1111 1716 1264 911 978 1622 1604 456 1081 1474 424 1755 1567 1077 1141 1036 1399 1524 1761 1776 1294 1257 1321 630 1458 0 1331 1148 518 960 721 1375 702 1449 631 1368 1217 1168 1071 1625 1248 1308 583 1100 1062 1315 1457 1333 1529 1540 1370 1205 1640 1667 853 1046 1283 1351 648 1466 1528 953 1349 1635 1317 1450 924 501 1502 739 1618 2126 1207 798 1575 713 1420 1317 1497 1782 1426 1768 1711 951 1933 1899 1581 341 1267 1851 652 1379 1426 993 1580 1739 989 868 629 426 1061 1130 1022 1650 1065 1786 477 1537 1691 1731 727 1666 1150 1729 1935 1952 950 630 1511 1361 1036 1862 1211 1707 577 1291 1900 1428 1458 877 1606 1114 1045 878 747 1124 1162 1572 1072 722 1105 1655 552 1134 733 1166 1384 1650 1328 1069 1349 419 89 964 696 1054 1538 1265 1292 1477 2117 1865 931 1388 1906 1017 1582 1114 1748 786 677 1030 1416 1063 964 1533 807 838 821 1571 1414 2052 729 663 1175 1261 1379 1720 987 1368 586 1533 1619 1038 1726 1041 1432
1219 1104 2107 1186 1701 1645 539 1271 1698 1588 975 1164 1721 938 1830 1643 1159 751 1573 1211 2053 1836 2180 1155 1639 1758 1151 622 1331 0 1213 1025 946 854 1137 837 1525 1153 170 555 363 1608 732 1324 1293 903 1527 673 1391 300 997 549 992 2262 371 459 1329 732 1121 55 1314 1140 623 1604 1490 1334 1781 1854 298 1816 906 345 1631 1694 921 1068 792 418 797 203 1319 631 1408 872 1752 1786 609 2009 694 1657 1338 1343 2322 1544 1655 160 1091 1844 1723 975 1759 1158 1327 1953 1199 1097 2108 548 1862 994 1522 1767 1807 929 1741 375 1713 1920 2330 966 837 1586 704 1329 1937 1505 1782 836 1286 2370 1503 1533 877 2077 1148 1095 1927 1625 1193 804 1648 693 671 1218 1981 1081 1671 1625 378 1369 1726 1866 1607 796 1132 1336 1257 921 763 1614 1270 1276 2006 912 1941 1214 1373 2435 1599 1797 1189 1322 1079 806 1043 1295 1176 915 381 924 845 1359 555 742 2483 1219 1055 1251 828 151 1796 693 1332 1113 377 1695 1536 1802 1091 1961
998 223 2166 1560 2075 1406 936 862 2072 1962 1038 1538 828 1006 2204 2017 1533 1125 1618 1753 2106 2210 2359 1529 1400 1904 1212 688 1148 1213 0 1098 1320 1116 1592 649 1899 1213 1272 1106 1006 1653 806 1698 1667 1165 1683 1047 1765 1211 445 1444 653 2076 1120 1393 1881 967 1495 1165 464 1230 696 1978 1535 1708 2155 1899 1121 1630 1083 1255 1445 2068 1879 1442 1172 1280 1135 1207 430 727 1960 1425 2126 2160 864 2383 1652 2031 1152 1717 2434 1359 1961 1298 439 2162 2097 1349 1574 1211 1142 1767 238 1471 2232 940 2236 1059 1896 2141 2181 1290 2115 1013 2087 2294 2534 1340 652 1960 591 816 2311 759 2156 1142 404 2482 1877 1907 1258 2189 238 1469 1718 1423 232 1178 2022 1047 1051 1592 2237 1135 1716 1439 1080 1743 2100 1911 1652 1348 1000 1152 840 1278 570 1988 1644 1650 2059 1870 2315 928 1747 2489 1378 905 1563 1875 894 608 260 1775 1550 1289 1088 1298 760 1404 801 644 2634 1312 1245 1625 1250 1261 2170 900 481 1169 1239 2069 1620 2176 1465 2014
877 990 1367 847 1452 1303 686 928 1358 1340 130 817 1425 149 1491 1303 813 790 819 1135 1307 1497 1559 1030 1296 1104 408 1395 518 1025 1098 0 696 325 1111 572 1185 409 1062 910 862 854 1535 984 1044 294 880 743 1051 1151 1283 1223 1491 1534 899 1334 1403 501 782 977 1302 426 1399 1264 736 1085 1417 1100 1144 1088 152 1196 903 1355 1820 938 447 1269 362 1114 1268 1419 1518 1075 1504 1447 746 1669 1593 1317 610 1004 1634 816 1157 1120 943 1363 1475 725 1031 412 599 1225 1080 758 1433 759 1522 240 1273 1427 1467 413 1402 844 1465 1671 1735 673 581 1247 1311 987 1598 1162 1443 251 1242 1682 1164 1194 532 1389 1064 781 1199 1157 1075 811 1309 721 386 841 1438 328 917 897 860 1120 1386 1111 852 998 324 528 915 392 896 1274 1001 1028 1259 1811 1601 881 1124 1689 1257 1533 850 1484 720 558 980 1153 800 669 1227 488 455 604 1401 1365 1835 508 426 911 911 1073 1457 643 1319 368 1227 1355 817 1463 777 1214
1294 1211 1340 408 808 1720 613 1345 920 696 630 386 1795 591 1052 865 381 393 1063 491 1305 1058 1402 447 1713 980 578 1365 960 946 1320 696 0 771 529 912 747 577 983 692 782 1098 1499 546 400 409 749 315 613 1072 1505 914 1645 1978 820 1255 759 738 343 898 1523 520 1323 826 980 441 1003 1344 1065 1532 582 1117 1347 916 1661 361 672 1190 740 1035 1490 1348 874 692 860 1008 734 1231 1434 879 1053 565 1544 1260 877 1041 1165 1066 831 40 1475 587 1043 1668 1302 319 1330 626 1084 504 629 989 1029 354 963 765 821 1027 1552 156 900 808 1390 1404 1159 1579 1004 627 1463 1592 725 755 622 1299 1286 312 1643 1601 1296 446 755 516 638 348 1203 553 1161 1341 781 476 919 1356 1097 616 708 969 1331 384 838 836 343 384 1258 1479 1163 1288 480 1671 1673 1871 411 841 1153 880 1202 509 306 198 1148 400 919 849 1322 1439 1705 593 429 473 518 994 1018 758 1540 539 1148 917 758 1024 309 1230
1076 1008 1525 922 1527 1502 499 1127 1433 1415 314 892 1591 311 1566 1378 888 632 977 1210 1465 1572 1717 1036 1495 1262 566 1273 721 854 1116 325 771 0 1095 571 1260 567 891 707 691 1012 1407 1059 1119 431 1037 645 1126 980 1301 1053 1509 1739 729 1163 1373 283 857 806 1320 584 1231 1339 894 1160 1516 1258 973 1293 238 1025 1108 1430 1649 982 288 1098 159 944 1286 1256 1452 916 1579 1522 527 1744 1422 1392 815 1078 1792 1021 1315 949 961 1521 1550 800 1236 570 804 1430 1098 833 1591 541 1597 397 1348 1502 1542 460 1477 673 1540 1746 1893 729 685 1322 1298 1186 1673 1361 1518 195 1260 1840 1239 1269 374 1547 1082 856 1404 1285 1093 652 1384 506 237 916 1595 485 1075 1102 689 1195 1461 1269 1010 840 506 731 1114 452 722 1349 1076 1103 1417 1640 1676 1057 1199 1847 1456 1668 925 1366 719 557 998 1228 875 722 1056 535 454 762 1230 1347 1992 665 566 986 752 902 1532 395 1337 525 1057 1430 974 1538 852 1372
1566 1484 1755 824 1078 1992 886 1618 1151 743 1045 801 2067 1007 1461 1280 796 468 1479 299 1721 1473 1817 133 1986 1395 993 1575 1375 1137 1592 1111 529 1095 0 1184 1162 993 1066 965 1055 1514 1685 961 294 824 1164 546 1028 1253 1777 820 1898 2393 1001 1201 470 1010 759 1089 1796 935 1554 1241 1396 450 1418 1760 1251 1947 995 1297 1762 1331 1268 293 806 1371 1049 1157 1762 1580 551 320 1140 1424 1007 1646 1041 1294 1469 980 1959 1675 1292 1232 1438 1482 990 557 1890 1002 1458 2084 1574 735 1746 898 1499 920 789 1404 1444 762 1378 1037 834 1045 1968 556 1184 1224 1626 1676 1575 1851 1420 1034 1736 2007 1140 1171 870 1714 1558 732 2058 1972 1569 518 1180 789 973 814 1619 968 1576 1756 1041 495 1079 1771 1512 357 1123 1385 1604 793 1110 1251 829 337 1673 1086 1578 1561 463 2086 1946 2144 827 465 1426 1153 1474 406 773 541 1334 734 1192 1264 1508 1670 2121 1009 844 888 450 1111 1433 1031 1813 955 1330 1332 1173 1439 728 1646
562 541 1720 1152 1666 988 527 613 1664 1554 555 1129 1110 560 1796 1608 1125 717 1172 1345 1660 1802 1913 1121 981 1458 766 959 702 837 649 572 912 571 1184 0 1491 767 874 723 674 1207 1127 1289 1258 717 1236 638 1357 963 834 1036 1041 1630 712 1146 1473 552 1087 789 853 784 967 1569 1089 1299 1730 1453 956 1184 599 1008 999 1660 1632 1034 737 1081 607 927 819 998 1552 1016 1718 1752 455 1974 1405 1622 706 1309 1988 912 1515 933 494 1716 1689 940 1128 765 696 1321 631 1063 1786 569 1828 613 1487 1732 1772 831 1707 656 1679 1885 2088 932 210 1552 862 672 1903 847 1748 597 792 2036 1469 1499 822 1742 615 1060 1282 948 625 770 1614 638 643 1184 1791 689 1270 993 672 1334 1691 1465 1206 940 554 706 600 794 500 1579 1236 1242 1613 1623 1906 537 1338 2043 942 1189 1155 1466 392 52 531 1367 1142 881 1039 889 204 958 1072 915 2188 866 799 1217 842 885 1762 448 870 723 1040 1660 1174 1768 1056 1568
1810 1790 1225 582 873 2236 1192 1862 687 1151 1119 719 2355 1081 820 632 715 972 1553 1186 1190 746 1286 1081 2230 1106 1067 1944 1449 1525 1899 1185 747 1260 1162 1491 0 1067 1562 1271 1361 1493 2078 452 1095 898 956 894 280 1651 2084 1493 2224 2467 1399 1834 1454 1301 504 1477 2102 1009 1902 710 1470 1136 887 1494 1644 2021 1071 1696 1836 684 2240 994 1161 1769 1229 1614 2069 1927 1569 1271 839 717 1313 998 2013 646 1543 559 1428 1749 1083 1620 1744 951 825 776 1965 1076 1533 2158 1881 480 1215 1205 968 994 1073 756 913 843 731 1344 1178 1049 1437 849 1432 685 1969 1920 779 2095 889 1116 2042 1476 604 210 1111 1183 1865 642 2132 2090 1875 1025 548 1095 1147 689 1088 1043 1634 1830 1360 1171 715 1569 1585 1195 1197 1459 1848 874 1417 603 646 1079 1143 2058 796 1815 1175 1556 2190 2450 576 1535 1670 1459 1781 1203 680 841 1727 905 1498 1331 1901 2018 1590 1004 918 769 1097 1573 903 1337 2119 1029 1727 684 966 909 638 1115
