NAME: zurich_200_21
COMMENT: TSP instance with 200 nodes. City: Zurich, Switzerland, Seed: 63
TYPE: TSP
DIMENSION: 200
EDGE_WEIGHT_TYPE: EXPLICIT
EDGE_WEIGHT_FORMAT: FULL_MATRIX
NODE_COORD_SECTION:
1 47.5190522 8.5474998
2 47.3070633 8.3097058
3 47.5489144 8.7176677
4 47.409652 8.3996952
5 47.2389379 8.6372095
6 47.4322277 8.5729135
7 47.3569593 8.557845
8 47.4962889 8.4936725
9 47.4218367 8.5077562
10 47.3727914 8.3099428
11 47.3947321 8.3779605
12 47.3993316 8.5858527
13 47.2807448 8.4573125
14 47.3873672 8.4956722
15 47.3699083 8.7726298
16 47.430466 8.6429062
17 47.2933178 8.7789966
18 47.3991968 8.7701561
19 47.4486464 8.4405715
20 47.4131544 8.619877
21 47.3988095 8.5295869
22 47.5274005 8.7126702
23 47.3869316 8.3523023
24 47.2655896 8.3412979
25 47.2479209 8.3649077
26 47.2708041 8.5802357
27 47.4398686 8.6337845
28 47.2750988 8.7480284
29 47.4778145 8.5612527
30 47.4047493 8.5041845
31 47.395994 8.5452781
32 47.3510711 8.4388467
33 47.3071324 8.5556767
34 47.2028093 8.7787253
35 47.3890414 8.477062
36 47.3619112 8.7937284
37 47.4904119 8.7471146
38 47.2752865 8.3491273
39 47.4203478 8.4196824
40 47.253505 8.7680336
41 47.3091749 8.3608541
42 47.2343253 8.5979978
43 47.3462441 8.2874976
44 47.1976207 8.4944349
45 47.3533052 8.3667195
46 47.2032934 8.7544644
47 47.4408896 8.6265964
48 47.3823239 8.4990841
49 47.4506986 8.5936848
50 47.2834574 8.7662121
51 47.5075047 8.689635
52 47.5002479 8.3321445
53 47.3153642 8.3215471
54 47.5413193 8.6789943
55 47.3260954 8.4905162
56 47.4104592 8.722081
57 47.4390328 8.3565918
58 47.4180796 8.3659921
59 47.4472286 8.702179
60 47.230259 8.49544
61 47.2259275 8.5972453
62 47.39515 8.3891159
63 47.3720911 8.5492549
64 47.5390231 8.7389452
65 47.3590627 8.5533153
66 47.3581092 8.6288842
67 47.3649787 8.3433749
68 47.29994 8.5999399
69 47.3844936 8.4765656
70 47.278831 8.4449003
71 47.4079295 8.7264195
72 47.4449462 8.5719291
73 47.3313081 8.785405
74 47.217765 8.5773993
75 47.4819271 8.5637908
76 47.5485126 8.7377849
77 47.3100212 8.7951339
78 47.5416444 8.7870193
79 47.270009 8.441404
80 47.4641508 8.3109191
81 47.3073113 8.542039
82 47.3505673 8.7064165
83 47.4732896 8.4863329
84 47.3652547 8.5533383
85 47.4070594 8.4104816
86 47.3868147 8.7520406
87 47.4432813 8.3603684
88 47.4919393 8.7041729
89 47.2107436 8.299263
90 47.3847144 8.4781344
91 47.4200671 8.6036811
92 47.3302572 8.5364676
93 47.4315305 8.5430318
94 47.405176 8.3045533
95 47.2000909 8.7333383
96 47.3863605 8.6619334
97 47.4426532 8.6368528
98 47.2018566 8.5145755
99 47.4862452 8.4980472
100 47.3204526 8.8034817
101 47.488415 8.6159904
102 47.431532 8.3955564
103 47.389224 8.6308846
104 47.2550479 8.5902051
105 47.5312162 8.5766134
106 47.2810223 8.7723173
107 47.4420405 8.8021079
108 47.3672321 8.5687983
109 47.1981868 8.4837321
110 47.3465294 8.7099587
111 47.5343821 8.738922
112 47.2154873 8.6989515
113 47.2738422 8.4052306
114 47.3096108 8.3596527
115 47.309729 8.3943807
116 47.5005409 8.7245354
117 47.4017948 8.4936065
118 47.5225651 8.6580819
119 47.2760231 8.3451983
120 47.2958114 8.410416
121 47.337344 8.6738517
122 47.2751685 8.6260221
123 47.3043638 8.6901822
124 47.5028339 8.6922442
125 47.2073632 8.2992115
126 47.4216324 8.5383205
127 47.4055172 8.762583
128 47.4157594 8.4813647
129 47.5203516 8.5440313
130 47.408067 8.3928769
131 47.4256623 8.6143424
132 47.3715838 8.5175519
133 47.5306551 8.6622305
134 47.3120194 8.3252985
135 47.3855832 8.5410298
136 47.3050131 8.5372469
137 47.3909472 8.3428858
138 47.2478602 8.4900798
139 47.445707 8.3605324
140 47.3009802 8.5226113
141 47.2974816 8.560298
142 47.3768538 8.5206568
143 47.5033221 8.5419681
144 47.2494117 8.7079496
145 47.4892263 8.4359168
146 47.4182582 8.4260545
147 47.3534096 8.5251676
148 47.4319805 8.6402143
149 47.3135122 8.4744756
150 47.2360355 8.7528306
151 47.340085 8.6756185
152 47.3189408 8.5844206
153 47.4617923 8.2781708
154 47.3711999 8.4931311
155 47.3123448 8.7211508
156 47.3418427 8.4548161
157 47.2051134 8.7535306
158 47.3853725 8.5366464
159 47.3645738 8.5471017
160 47.4429985 8.529117
161 47.3327528 8.2966824
162 47.4474613 8.401085
163 47.3025237 8.3158303
164 47.4547816 8.4640214
165 47.3348907 8.3083131
166 47.3843337 8.5304161
167 47.2358723 8.7488137
168 47.2859196 8.4295737
169 47.3448473 8.7250955
170 47.3798423 8.4903082
171 47.3519488 8.2773906
172 47.24999 8.3242884
173 47.5118925 8.6408574
174 47.3473072 8.5746539
175 47.5177833 8.3631504
176 47.4039403 8.5436846
177 47.2675855 8.3397138
178 47.4619406 8.4342806
179 47.3615118 8.630215
180 47.3758776 8.5288838
181 47.4740891 8.4547237
182 47.3882627 8.7493248
183 47.4074833 8.4675427
184 47.3695488 8.5201764
185 47.4460274 8.4041563
186 47.4303262 8.683815
187 47.523932 8.3608053
188 47.4211792 8.4317576
189 47.3436175 8.2776042
190 47.5122393 8.5937295
191 47.408167 8.5565826
192 47.5196267 8.5879645
193 47.279146 8.3627419
194 47.3767575 8.4317211
195 47.3698828 8.5016969
196 47.3647667 8.5474234
197 47.4319775 8.5456418
198 47.202181 8.7905694
199 47.4255759 8.4070733
200 47.1987942 8.7850313
EDGE_WEIGHT_SECTION:
0 2193 1092 1217 1802 582 1162 425 911 1889 1469 886 1818 1125 1421 882 1720 1548 946 839 904 993 1681 2274 2186 1713 785 1884 411 1022 794 1368 1512 2473 1253 1509 1258 2116 1200 2024 1837 1853 1964 2297 1572 2328 774 1122 570 1739 887 1252 2098 861 1677 1233 1411 1302 1109 2097 1887 1344 987 1170 1130 1215 1727 1718 1241 1794 1233 517 1457 2020 429 1225 1590 1227 1787 1499 1443 1247 651 1060 1113 1369 1322 1097 2973 1229 839 1324 698 1982 2246 1115 815 2259 495 1585 523 1262 963 1868 334 1812 1784 1156 2230 1301 1171 2050 1830 1822 1745 1079 1116 699 2100 1950 1348 1893 1640 974 2928 779 1480 1086 45 1243 834 1095 803 2065 911 1557 1726 2040 1303 1518 1518 1023 198 2106 699 1096 1216 852 1642 2188 1375 1490 1612 1161 1550 1382 2312 846 1058 820 2107 1199 2211 790 2056 936 2219 1851 1308 1166 1987 2474 697 1287 1105 845 2269 848 1180 1015 620 1349 1138 1110 1173 1112 1168 1145 2057 333 768 406 2020 1314 1187 1060 786 2504 1200 2495
2193 0 2656 1337 1807 1731 1645 2044 1551 683 1220 1900 993 1554 2480 1998 2660 2607 1802 1898 1752 2459 1059 418 536 1719 2079 2673 1956 1680 1691 1014 1518 2479 1536 2568 2521 391 1560 2820 391 1825 345 1417 883 2334 2071 1509 1867 2623 2451 1845 174 2579 1261 2291 1619 1449 2176 1249 1783 1212 1545 2676 1592 2070 756 2179 1494 947 2292 1716 2515 1614 2033 2731 2648 2693 939 1590 1448 2305 1799 1586 1337 2428 1532 2281 1182 1481 1989 1330 1639 907 2252 2173 2112 1411 1923 2643 2136 1470 2022 1874 2442 2693 2842 1710 1350 2360 2677 2055 674 381 644 2433 1618 2531 349 759 2339 2354 2331 2456 1145 1719 2538 1680 2160 1322 1961 1442 2570 154 1589 1562 1079 1192 1538 1523 1523 1459 2047 2824 1978 1495 1308 2006 1114 2985 2366 1951 1422 1430 2553 1043 2317 1574 1519 1781 202 1663 111 1691 294 1585 3016 872 2367 1474 420 604 2424 1813 2021 1776 413 1846 2064 1460 1778 2408 1480 1408 1675 2171 2084 1583 434 2217 1789 2298 444 1256 1435 1522 1575 2510 1548 2500
1092 2656 0 1680 2174 1158 1534 1454 1374 2352 1933 1129 2229 1497 1247 981 1767 1198 1625 909 1276 197 2144 2718 2586 2086 1064 1931 1194 1394 1167 1831 1885 2845 1625 1361 588 2554 1664 2071 2301 2225 2428 2697 2036 2701 1068 1494 1189 1787 460 2281 2561 254 2076 883 1874 1765 768 2498 2259 1807 1359 313 1502 1432 2191 2090 1614 2195 883 1154 1504 2392 1180 368 1637 526 2188 1970 1815 1294 1593 1432 1576 1080 1788 556 3374 1601 1050 1696 1167 2445 2619 1157 1008 2659 1524 1632 880 1725 1157 2240 861 1859 1156 1464 2631 1349 315 2422 2231 2285 2209 442 1488 423 2553 2413 1565 2133 1706 544 3329 1248 1130 1551 1074 1706 945 1468 363 2529 1283 1929 2189 2440 1793 1890 1890 1395 1200 2154 1727 1559 1588 989 2052 2235 1591 1862 2076 1533 1598 1798 2684 1218 1430 1323 2570 1748 2674 1513 2519 1308 2267 2261 1355 1538 2450 2918 562 1659 2134 1217 2713 1669 1396 1387 1600 1081 1601 1482 1722 762 2197 1608 2520 759 1140 787 2459 1777 1559 1432 1249 2877 1664 2867
1217 1337 1680 0 1339 755 1054 1067 575 971 338 969 999 605 1503 1022 1802 1630 771 921 811 1483 624 1454 1366 1251 1103 1966 980 685 815 548 1050 2011 547 1592 1545 1296 329 2106 1018 1390 1046 1477 579 1866 1095 652 891 1822 1475 968 1241 1602 857 1315 526 285 1200 1278 1424 213 922 1700 1001 1298 809 1588 595 974 1316 740 1539 1558 1057 1755 1672 1717 968 639 980 1329 823 987 104 1451 440 1304 2154 589 1012 862 662 970 1784 1197 1135 1439 947 1667 1160 378 1046 1405 1466 1894 1866 1104 1411 1384 1701 1587 1010 1002 926 1456 587 1555 1280 1131 1431 1764 1723 1480 2108 743 1562 628 1184 110 984 780 1593 1191 852 1094 673 1220 445 1055 1055 744 1071 2189 1002 263 840 1030 822 2270 1457 1360 744 719 1633 574 1849 790 929 804 1189 571 1355 714 1137 761 2302 1031 1391 628 1068 1654 1448 1214 1144 831 1449 850 1262 790 801 1432 428 797 583 1194 1207 361 1139 1241 850 1322 1200 470 756 931 599 2042 329 2032
1802 1807 2174 1339 0 1362 1030 1874 1350 1503 1475 1284 1247 996 1997 1516 2045 2124 1702 1442 1156 1977 1484 1739 1605 474 1585 2058 1565 1253 1076 956 551 870 1092 2086 2039 1572 1525 2205 1452 340 1578 1021 1205 725 1648 946 1476 2007 1969 2010 1712 2096 1099 1809 1584 1475 1694 965 374 1349 930 2194 977 1455 1342 1564 1066 1213 1810 1359 2033 508 1642 2249 2158 2211 1206 1681 477 1823 1764 970 1303 1945 1498 1798 2392 1053 1470 574 1361 1702 643 1691 1698 893 1834 2161 1745 1436 1540 399 2051 2078 2360 1095 1110 1878 2195 374 1249 1436 1291 1950 1211 2049 1574 1465 1724 1739 1716 1974 2347 1355 2056 1313 1769 1326 1478 827 2087 1680 974 595 1504 1011 1504 653 556 844 1656 2208 1944 1460 693 1524 1070 2369 1751 1336 1786 971 1938 899 708 959 904 1518 1721 1629 1825 1656 1670 970 2401 1279 1884 990 1601 1939 2033 1198 2186 1163 1734 1811 1449 845 1743 1926 1264 793 1641 1688 2249 1549 1671 1826 1174 1907 1477 1222 911 907 1411 901 1513 891
582 1731 1158 755 1362 0 721 658 449 1427 1008 362 1356 679 981 499 1280 1108 700 374 432 960 1219 1812 1724 1273 443 1443 345 550 354 906 1072 2033 807 1069 1022 1654 738 1583 1376 1412 1502 1835 1111 1888 453 677 249 1299 952 1375 1636 1080 1215 792 949 840 677 1635 1447 882 547 1177 690 775 1265 1277 796 1332 793 126 1016 1580 421 1232 1149 1195 1325 1045 1003 806 583 620 651 929 863 782 2511 783 302 884 230 1520 1806 674 493 1797 620 1144 524 800 523 1428 831 1371 1343 715 1768 861 1179 1609 1368 1360 1283 934 660 972 1638 1488 908 1452 1200 957 2466 311 1039 626 548 781 355 655 1071 1604 465 1117 1264 1578 868 1077 1078 583 436 1666 876 634 776 507 1180 1748 935 1049 1151 716 1110 932 1871 406 618 387 1645 823 1749 588 1594 496 1779 1389 868 720 1525 2012 813 847 1298 372 1807 744 739 575 675 909 676 670 797 672 1361 683 1595 606 310 686 1558 852 746 620 324 2064 739 2054
1162 1645 1534 1054 1030 721 0 1234 710 1340 1259 644 1084 521 1334 876 1114 1482 1133 802 521 1337 1321 1576 1442 941 944 1127 925 618 415 793 714 1701 625 1423 1398 1410 1173 1274 1289 1080 1416 1553 1043 1556 1007 479 836 1077 1328 1617 1550 1456 936 1168 1191 1082 1053 1353 1115 1134 200 1553 79 538 1179 599 599 1050 1169 718 1370 1248 1001 1608 1228 1571 1044 1288 670 1138 1142 137 950 1280 1105 1158 2229 586 830 548 721 1540 1474 841 1057 1515 1194 1363 1104 1043 799 1096 1411 1147 1720 212 1487 1157 1555 1277 1086 1273 1129 1310 672 1408 1411 1302 807 774 785 1333 2184 715 1416 815 1128 1041 838 368 1447 1517 321 784 1342 1296 1111 745 746 352 1016 1278 1321 1044 377 884 908 1439 834 371 1393 519 1007 737 1539 319 133 878 1558 1216 1663 1034 1507 410 1470 1117 1187 523 1438 1776 1393 246 1743 515 1572 1189 532 305 1121 1261 798 355 1190 1048 1806 1093 1509 1186 533 1266 1314 1059 464 135 785 1732 1120 1722
425 2044 1454 1067 1874 658 1234 0 739 1740 1320 959 1669 1064 1493 979 1792 1620 596 911 943 1355 1531 2124 2036 1786 885 1956 586 882 867 1219 1585 2546 1126 1582 1535 1966 1050 2096 1688 1925 1815 2147 1423 2401 874 1123 671 1812 1249 902 1949 1223 1528 1305 1081 1152 1190 1948 1959 1195 1059 1532 1203 1288 1578 1790 1131 1645 1306 611 1529 2093 605 1587 1662 1589 1638 1149 1515 1319 280 1132 964 1441 983 1294 2824 1118 939 1397 644 1718 2319 1187 915 2109 124 1657 849 1017 1036 1941 696 1884 1856 1228 2081 1374 1533 2122 1680 1673 1596 1441 876 1062 1950 1801 1421 1965 1713 1336 2779 725 1552 758 380 1094 933 1168 1166 1916 983 1629 1576 1890 953 1590 1590 1095 372 2179 349 898 1288 953 1492 2260 1447 1562 1280 1191 1623 1245 2384 918 1130 641 1958 849 2062 440 1906 1009 2292 1701 1381 1099 1837 2324 1059 1360 755 899 2119 498 1252 1088 270 1422 899 1183 823 1185 818 917 1908 695 840 768 1870 1164 1227 1133 671 2577 1051 2567
911 1551 1374 575 1350 449 710 739 0 1247 828 560 1176 567 1197 716 1496 1324 500 615 319 1177 1039 1632 1544 1261 797 1660 674 206 329 726 1060 2021 629 1286 1238 1474 559 1800 1196 1401 1323 1655 931 1876 789 586 585 1515 1169 1195 1456 1296 1035 1009 769 660 894 1455 1435 702 535 1394 679 991 1086 1266 633 1152 1009 434 1233 1568 750 1448 1366 1411 1146 865 991 1023 490 608 471 1145 683 998 2331 620 706 872 311 1340 1794 891 829 1617 615 1361 853 620 740 1416 1154 1588 1560 694 1589 1077 1395 1597 1188 1180 1104 1150 319 1249 1458 1308 1124 1441 1353 1173 2286 248 1256 386 877 601 678 594 1287 1424 417 1105 1084 1398 688 1066 1066 543 750 1846 689 454 764 724 1000 1964 1151 1038 971 625 1327 752 1860 411 606 260 1465 583 1569 401 1414 456 1995 1209 1084 602 1345 1832 1142 836 1111 333 1627 556 956 546 488 1126 462 609 557 888 1174 503 1415 935 392 1015 1378 672 657 609 292 2052 559 2043
1889 683 2352 971 1503 1427 1340 1740 1247 0 854 1595 1135 1249 2175 1694 2356 2302 1491 1593 1447 2155 692 930 988 1414 1775 2369 1652 1375 1386 709 1213 2174 1231 2264 2217 772 1218 2516 518 1554 391 1641 516 2029 1767 1205 1563 2318 2147 1275 587 2274 1024 1987 1273 895 1872 1441 1588 846 1241 2372 1287 1766 394 1875 1189 1138 1988 1412 2211 1721 1729 2427 2344 2389 1132 1021 1144 2001 1494 1281 993 2123 1180 1976 1715 1176 1684 1025 1334 338 1947 1869 1807 1603 1619 2339 1832 1166 1718 1569 2138 2389 2538 1406 1575 2055 2373 1751 901 508 690 2128 1314 2227 756 879 2035 2050 2026 2151 1678 1415 2234 1375 1856 955 1656 1137 2265 537 1285 1258 623 1384 1168 1219 1219 1155 1743 2519 1674 1152 1003 1702 986 2680 2061 1647 853 1126 2249 738 2013 1270 1215 1476 530 1348 701 1386 483 1281 2711 1059 2062 1170 314 1130 2120 1509 1451 1472 925 1491 1760 1156 1473 2104 1176 1104 1362 1866 1514 1250 403 1913 1484 1993 676 952 1131 1217 1270 2205 1218 2196
1469 1220 1933 338 1475 1008 1259 1320 828 854 0 1221 1134 836 1756 1274 2055 1883 1028 1174 1043 1736 472 1396 1454 1386 1355 2219 1233 941 1020 671 1185 2146 778 1844 1797 1238 585 2358 959 1525 929 1613 465 2001 1347 882 1144 2074 1727 1175 1125 1855 991 1567 733 476 1452 1413 1560 177 1127 1952 1206 1550 692 1793 823 1110 1568 993 1791 1693 1309 2007 1925 1970 1103 846 1116 1581 1075 1192 360 1704 647 1557 2181 820 1265 997 915 915 1919 1450 1388 1575 1200 1919 1412 584 1298 1541 1719 2146 2118 1309 1546 1636 1954 1722 1146 944 885 1709 843 1807 1222 1073 1683 1969 1937 1732 2144 995 1815 884 1436 312 1237 999 1846 1075 1057 1230 521 1356 652 1190 1191 949 1324 2430 1255 520 975 1282 958 2523 1710 1565 951 950 1885 710 1984 995 1134 1057 1072 778 1238 967 1021 966 2554 1167 1643 859 952 1596 1700 1419 1351 1078 1391 1066 1514 995 1054 1684 684 1013 790 1447 1414 617 1022 1494 1103 1574 1142 607 984 1136 851 2177 585 2167
886 1900 1129 969 1284 362 644 959 560 1595 1221 0 1339 607 952 471 1251 1079 914 313 387 932 1432 1831 1697 1196 511 1313 649 504 275 1048 995 1956 735 1040 993 1665 952 1460 1544 1335 1671 1808 1298 1811 577 604 561 1259 923 1588 1804 1051 1186 764 1163 1053 648 1608 1369 1096 469 1149 613 535 1434 1200 724 1305 764 443 988 1503 726 1203 1121 1166 1298 1259 925 778 881 542 865 900 1076 753 2484 711 371 807 449 1734 1729 568 628 1770 918 1116 829 1014 313 1351 1135 1331 1315 567 1741 832 1150 1532 1341 1528 1383 905 599 1004 1666 1557 668 1305 965 928 2439 479 1011 742 853 995 417 578 1042 1772 393 1039 1477 1551 1082 1000 1000 505 740 1438 1090 848 698 479 1163 1624 695 972 1364 643 1003 991 1794 328 540 606 1813 1036 1917 802 1762 419 1656 1372 839 648 1693 2031 1117 770 1512 322 1826 957 499 498 889 880 741 592 1010 643 1575 896 1763 910 240 991 1569 1065 669 542 538 1987 952 1977
1818 993 2229 999 1247 1356 1084 1669 1176 1135 1134 1339 0 1050 2052 1571 2100 2179 1427 1487 1210 2032 1144 811 677 1158 1640 2113 1581 1305 1130 572 957 1918 1143 2141 2093 645 1185 2260 729 1026 1211 731 865 1773 1681 1001 1492 2062 2024 1670 966 2151 479 1864 1244 1135 1749 476 965 1009 985 2249 1031 1510 965 1619 1091 138 1864 1341 2088 796 1658 2304 2213 2266 168 1340 866 1878 1424 1025 962 2000 1157 1853 1464 1078 1525 769 1264 1326 1691 1746 1725 693 1548 2216 1761 1095 1595 1313 2067 2133 2415 1149 665 1932 2250 1494 321 719 445 2005 1243 2104 646 478 1779 1794 1770 2028 1419 1344 2111 1305 1785 986 1533 881 2142 934 1029 1002 1164 354 1163 700 963 899 1672 2263 1603 1120 747 1579 413 2424 1805 1391 1445 1019 1992 559 1756 1014 959 1406 1148 1288 963 1316 1094 1025 2455 198 1939 1044 1233 1011 2049 1253 1846 1217 806 1471 1504 900 1403 1981 1105 848 1300 1743 1909 1208 1303 1842 1228 1923 549 881 966 961 1200 1949 1173 1940
1125 1554 1497 605 996 679 521 1064 567 1249 836 607 1050 0 1320 839 1537 1447 754 765 394 1300 1048 1543 1408 907 907 1550 888 361 370 611 706 1667 159 1408 1361 1376 723 1696 1198 1046 1325 1519 940 1522 970 106 799 1499 1291 1198 1459 1419 707 1131 772 663 1016 1320 1081 711 397 1516 468 939 1088 1055 162 1016 1132 681 1356 1214 964 1571 1489 1534 1010 868 636 1146 830 462 502 1268 685 1121 2196 149 793 518 644 1343 1440 1014 1020 1481 954 1483 1067 623 862 1062 1374 1570 1682 579 1453 1200 1518 1243 1052 1182 1024 1273 263 1371 1377 1237 1209 1231 1207 1296 2150 601 1379 365 1091 621 801 234 1410 1426 400 750 1093 1262 691 711 712 211 979 1700 999 587 410 847 874 1861 1235 827 973 181 1429 667 1505 327 396 801 1467 816 1571 711 1416 297 1892 1083 1207 90 1347 1743 1356 689 1374 432 1538 866 933 257 798 1248 316 252 811 1011 1437 636 1417 1149 486 1229 1280 659 217 398 667 1698 700 1688
1421 2480 1247 1503 1997 981 1334 1493 1197 2175 1756 952 2052 1320 0 797 690 330 1448 723 1100 1050 1967 2541 2410 1909 879 934 1184 1217 990 1654 1708 2669 1448 174 1001 2378 1487 1063 2124 2048 2251 2521 1859 2524 942 1317 1085 789 1041 2123 2384 1169 1899 398 1697 1588 721 2321 2082 1630 1182 1266 1325 855 2014 1388 1437 2018 363 978 363 2216 1261 1321 555 1284 2011 1794 1638 468 1416 1255 1400 172 1611 871 3197 1424 864 1520 990 2268 2442 553 993 2483 1453 550 1230 1549 774 2063 1565 815 763 1281 2454 440 1268 2245 2054 2108 2032 1023 1312 1121 2376 2236 804 1215 788 1046 3152 1071 378 1374 1388 1530 759 1291 1160 2352 1106 1752 2012 2264 1616 1713 1713 1218 1275 1202 1624 1382 1411 805 1875 1229 856 1315 1899 1356 651 1622 2507 1041 1253 1146 2393 1571 2497 1336 2342 1132 1260 2084 408 1361 2273 2741 1244 1262 2046 1040 2536 1492 819 1210 1423 197 1424 1305 1545 661 2109 1431 2343 1437 963 1468 2282 1600 1382 1255 1072 2700 1487 2690
882 1998 981 1022 1516 499 876 979 716 1694 1274 471 1571 839 797 0 1096 836 967 200 618 784 1486 2060 1928 1427 104 1260 625 736 508 1173 1226 2187 967 885 846 1896 1005 1399 1642 1567 1769 2039 1378 2042 167 836 314 1115 776 1642 1903 904 1417 486 1216 1107 369 1840 1601 1149 701 1001 844 772 1532 1432 955 1537 521 475 832 1734 701 1056 966 1019 1530 1312 1157 622 935 774 918 717 1129 606 2716 943 317 1038 508 1787 1960 491 217 2001 972 960 517 1067 485 1582 963 1187 1091 806 1973 677 1002 1764 1572 1627 1550 758 830 856 1895 1755 905 1462 1035 781 2671 590 767 892 848 1048 222 809 895 1871 625 1271 1531 1782 1135 1232 1232 737 736 1482 1143 901 930 29 1394 1564 932 1203 1417 875 926 1140 2026 560 772 665 1912 1090 2016 855 1861 650 1595 1603 684 880 1792 2260 817 1001 1565 559 2055 1010 736 729 942 718 943 824 1064 254 1628 950 1862 737 482 818 1800 1119 901 774 591 2218 1005 2209
1720 2660 1767 1802 2045 1280 1114 1792 1496 2356 2055 1251 2100 1537 690 1096 0 992 1747 1022 1399 1570 2266 2592 2457 1957 1178 266 1483 1516 1289 1809 1729 2716 1641 779 1632 2425 1786 399 2304 2096 2431 2568 2058 2571 1241 1495 1384 122 1562 2422 2565 1690 1952 954 1996 1887 1283 2369 2130 1930 1173 1787 1126 798 2194 998 1614 2066 938 1277 411 2263 1560 1842 218 1804 2059 2093 1686 608 1715 1110 1699 843 1910 1391 3245 1602 1163 1563 1289 2555 2489 852 1292 2530 1752 353 1592 1848 1073 2111 1969 148 1430 1135 2502 551 1788 2293 2101 2289 2144 1543 1611 1642 2427 2318 632 804 377 1567 3200 1370 1047 1673 1687 1829 1058 1384 1680 2533 1294 1800 2311 2311 1915 1761 1761 1368 1574 622 1923 1681 1393 1104 1923 564 684 925 2198 1534 368 1752 2555 1291 1145 1446 2574 1870 2678 1636 2523 1383 596 2132 506 1538 2454 2792 1765 971 2345 1339 2587 1791 806 1321 1723 858 1723 1370 1844 1136 2408 1730 2524 1744 1262 1825 2330 1899 1479 1145 1372 2748 1786 2738
1548 2607 1198 1630 2124 1108 1482 1620 1324 2302 1883 1079 2179 1447 330 836 992 0 1575 860 1227 1001 2094 2668 2537 2036 918 1235 1311 1345 1117 1781 1835 2796 1575 356 800 2505 1614 1366 2251 2175 2378 2648 1986 2651 981 1444 1128 1091 993 2250 2512 1120 2026 349 1824 1715 672 2448 2209 1758 1309 1210 1453 1018 2141 1615 1564 2145 315 1105 665 2343 1388 1273 858 1235 2138 1921 1765 667 1543 1382 1527 230 1738 822 3324 1551 1000 1647 1117 2396 2569 716 956 2610 1580 852 1181 1676 937 2191 1517 1117 563 1414 2581 668 1210 2372 2181 2235 2159 974 1439 1073 2503 2363 1032 1443 1016 997 3279 1198 85 1501 1515 1657 896 1418 1111 2479 1233 1879 2139 2391 1743 1840 1840 1345 1402 1477 1751 1509 1538 844 2003 1531 1083 1543 2026 1483 911 1749 2634 1168 1380 1274 2520 1698 2624 1464 2469 1259 1563 2212 669 1488 2400 2868 1195 1425 2173 1168 2663 1619 983 1338 1551 263 1551 1432 1672 613 2236 1558 2470 1392 1090 1420 2409 1727 1509 1382 1200 2827 1614 2817
946 1802 1625 771 1702 700 1133 596 500 1491 1028 914 1427 754 1448 967 1747 1575 0 866 741 1428 1290 1883 1795 1613 1048 1911 925 611 752 977 1412 2373 816 1537 1489 1725 754 2051 1446 1753 1573 1906 1181 2228 1040 812 836 1766 1420 1034 1707 1547 1286 1260 591 791 1145 1706 1787 902 958 1645 1101 1242 1336 1688 820 1403 1261 685 1484 1920 1002 1700 1617 1662 1396 744 1343 1274 453 1031 668 1396 504 1249 2582 808 957 1224 607 1314 2146 1142 1080 1868 572 1612 1105 502 991 1768 1217 1839 1811 1117 1839 1328 1646 1949 1439 1431 1354 1401 565 1500 1709 1559 1376 1864 1668 1424 2537 671 1507 447 901 783 929 941 1538 1674 840 1457 1278 1649 510 1418 1418 931 893 2133 530 587 1116 975 1251 2215 1402 1460 875 880 1578 1003 2211 834 1029 569 1716 291 1820 234 1665 851 2246 1460 1335 789 1596 2083 1393 1258 952 756 1878 216 1207 960 330 1377 588 958 265 1139 1015 606 1666 1186 795 1266 1629 923 917 1031 543 2404 655 2394
839 1898 909 921 1442 374 802 911 615 1593 1174 313 1487 765 723 200 1022 860 866 0 545 712 1385 1959 1853 1354 256 1186 602 663 435 1072 1153 2114 893 812 774 1801 905 1326 1542 1493 1669 1964 1277 1969 321 762 469 1042 704 1541 1802 832 1337 544 1115 1006 429 1765 1527 1049 627 929 771 583 1432 1358 882 1462 545 396 759 1661 679 984 892 947 1455 1212 1083 549 834 700 818 671 1029 534 2641 869 197 965 408 1686 1887 417 372 1926 871 887 672 967 295 1509 1081 1114 1095 662 1898 604 930 1690 1497 1526 1450 686 757 784 1794 1654 716 1353 961 709 2596 489 791 792 806 948 127 736 823 1770 551 1197 1430 1707 1034 1158 1158 663 693 1409 1042 800 856 208 1310 1490 743 1122 1317 802 853 1040 1952 486 698 565 1811 989 1915 755 1760 577 1522 1519 611 806 1691 2159 907 905 1464 481 1954 910 547 656 842 652 842 751 963 410 1527 849 1761 856 397 937 1705 1018 827 701 491 2145 905 2135
904 1752 1276 811 1156 432 521 943 319 1447 1043 387 1210 394 1100 618 1399 1227 741 545 0 1079 1253 1702 1568 1067 687 1507 667 287 150 894 866 1827 522 1188 1141 1536 800 1654 1396 1206 1523 1679 1142 1682 750 392 579 1418 1071 1403 1656 1199 1003 911 977 868 796 1479 1241 918 347 1296 490 858 1286 1077 511 1176 912 461 1135 1374 744 1351 1268 1314 1170 1073 796 925 750 420 707 1048 891 901 2355 499 572 678 381 1548 1600 793 800 1641 875 1263 847 828 642 1222 1153 1490 1462 506 1613 980 1297 1403 1212 1380 1255 1053 386 1151 1537 1428 1020 1252 1165 1076 2310 331 1158 530 871 823 581 400 1190 1624 228 910 1298 1422 896 871 872 348 759 1658 930 695 569 626 1034 1819 1047 849 1178 431 1229 838 1665 217 418 538 1665 825 1769 642 1614 262 1850 1243 987 435 1545 1902 1135 647 1352 190 1698 797 850 352 729 1028 529 415 799 791 1415 744 1615 928 265 1009 1440 886 462 420 460 1858 800 1848
993 2459 197 1483 1977 960 1337 1355 1177 2155 1736 932 2032 1300 1050 784 1570 1001 1428 712 1079 0 1947 2521 2389 1889 867 1734 1096 1197 970 1634 1688 2648 1428 1164 391 2357 1467 1874 2104 2028 2231 2500 1839 2504 871 1297 1007 1590 263 2103 2364 226 1879 686 1677 1568 571 2301 2062 1610 1162 230 1305 1235 1994 1893 1417 1998 686 957 1307 2195 1081 284 1440 329 1991 1773 1618 1097 1396 1235 1379 883 1591 359 3177 1404 853 1499 970 2248 2422 960 811 2462 1425 1435 761 1528 960 2043 785 1662 959 1267 2434 1152 231 2225 2034 2088 2012 245 1291 341 2356 2216 1368 1936 1509 347 3132 1051 933 1354 975 1509 748 1270 325 2332 1086 1732 1992 2243 1596 1693 1693 1198 1101 1957 1604 1362 1391 792 1855 2038 1394 1665 1879 1336 1401 1601 2487 1021 1233 1126 2373 1551 2477 1316 2322 1111 2069 2064 1158 1341 2253 2721 464 1462 2026 1020 2516 1472 1199 1190 1403 884 1404 1285 1525 565 2089 1411 2323 661 943 688 2262 1580 1362 1235 1052 2680 1467 2670
1681 1059 2144 624 1484 1219 1321 1531 1039 692 472 1432 1144 1048 1967 1486 2266 2094 1290 1385 1253 1947 0 1259 1318 1396 1567 2350 1444 1167 1229 690 1195 2155 1017 2056 2008 1101 871 2497 823 1535 768 1622 329 2010 1559 1105 1355 2285 1939 1139 963 2066 1005 1779 1012 558 1664 1423 1569 463 1222 2164 1268 1745 531 1856 1062 1119 1779 1204 2003 1702 1521 2219 2136 2181 1113 885 1125 1793 1286 1262 646 1915 926 1768 2045 1059 1476 1006 1126 503 1928 1661 1599 1584 1411 2131 1623 871 1510 1550 1930 2358 2330 1387 1556 1847 2165 1732 1046 808 748 1920 1102 2019 1085 937 1895 2031 2008 1943 2007 1206 2026 1150 1647 598 1448 1119 2057 913 1255 1239 109 1365 931 1200 1200 1136 1535 2500 1466 806 985 1494 967 2661 1921 1628 717 1107 2097 719 1994 1204 1196 1268 910 1064 1077 1178 859 1174 2693 1117 1854 1083 790 1459 1912 1490 1315 1286 1255 1291 1725 1137 1265 1896 951 1085 1076 1658 1378 903 860 1705 1314 1785 1005 816 1112 1198 1062 2187 871 2177
2274 418 2718 1454 1739 1812 1576 2124 1632 930 1396 1831 811 1543 2541 2060 2592 2668 1883 1959 1702 2521 1259 0 243 1651 2127 2605 2037 1760 1623 1089 1450 2410 1616 2630 2583 188 1640 2752 471 1663 722 1189 981 2266 2152 1493 1948 2554 2513 2125 507 2640 1200 2353 1699 1590 2238 1068 1601 1388 1477 2738 1523 2002 1003 2111 1574 765 2354 1797 2577 1432 2114 2793 2705 2755 758 1796 1380 2367 1879 1517 1418 2489 1613 2342 879 1561 2007 1261 1719 1231 2184 2235 2192 1229 2004 2705 2216 1551 2084 1805 2523 2625 2904 1642 1123 2422 2739 1987 493 461 700 2494 1699 2593 178 676 2271 2286 2263 2517 842 1799 2600 1760 2240 1441 2022 1374 2631 487 1521 1494 1280 1010 1619 1455 1455 1391 2128 2755 2059 1575 1240 2068 1091 2916 2298 1883 1746 1509 2485 1023 2249 1506 1451 1861 579 1744 388 1771 671 1517 2948 691 2428 1537 797 250 2505 1745 2301 1709 96 1926 1996 1392 1858 2470 1560 1340 1756 2232 2364 1664 811 2298 1721 2378 262 1337 1458 1453 1655 2442 1628 2432
2186 536 2586 1366 1605 1724 1442 2036 1544 988 1454 1697 677 1408 2410 1928 2457 2537 1795 1853 1568 2389 1318 243 0 1516 1997 2471 1949 1664 1488 959 1315 2276 1502 2498 2451 295 1552 2617 530 1438 840 946 1039 2131 2047 1358 1860 2420 2381 2037 625 2509 1066 2221 1611 1502 2106 844 1377 1376 1342 2606 1389 1867 1062 1976 1472 631 2222 1709 2445 1208 2025 2661 2571 2624 624 1708 1245 2235 1791 1383 1330 2358 1525 2211 788 1459 1882 1127 1631 1290 2049 2103 2091 1005 1916 2573 2128 1463 1952 1671 2435 2490 2772 1507 880 2290 2607 1852 378 520 721 2363 1611 2461 291 633 2136 2151 2128 2386 742 1711 2468 1672 2152 1353 1891 1239 2500 605 1386 1359 1338 786 1531 1320 1321 1256 2040 2621 1971 1487 1105 1936 1036 2782 2163 1748 1748 1384 2350 926 2114 1371 1317 1773 697 1656 507 1683 789 1382 2813 638 2297 1402 916 358 2417 1610 2213 1575 278 1838 1861 1257 1770 2338 1472 1205 1668 2101 2276 1576 929 2210 1586 2290 314 1249 1323 1319 1567 2307 1540 2297
1713 1719 2086 1251 474 1273 941 1786 1261 1414 1386 1196 1158 907 1909 1427 1957 2036 1613 1354 1067 1889 1396 1651 1516 0 1496 1970 1477 1164 987 867 370 1145 1004 1997 1950 1484 1437 2116 1363 425 1490 1169 1117 1000 1559 857 1388 1919 1880 1922 1624 2008 1011 1720 1496 1387 1605 1112 491 1261 842 2105 888 1366 1253 1475 977 1124 1721 1270 1944 655 1553 2160 2070 2123 1118 1592 379 1734 1676 882 1214 1857 1409 1710 2304 964 1381 486 1273 1614 918 1603 1609 1040 1746 2072 1656 1347 1451 275 1963 1990 2271 1006 1257 1789 2107 722 1160 1348 1203 1862 1123 1960 1485 1376 1635 1651 1627 1885 2258 1267 1968 1225 1680 1238 1390 738 1999 1591 885 451 1416 1032 1415 555 279 755 1568 2120 1855 1372 604 1435 982 2281 1662 1247 1697 883 1849 811 984 870 816 1430 1633 1540 1737 1568 1581 881 2312 1191 1796 901 1512 1851 1944 1109 2098 1074 1646 1723 1360 756 1655 1837 1176 704 1552 1600 2161 1460 1583 1738 1085 1818 1388 1133 822 818 1322 1177 1425 1167
785 2079 1064 1103 1585 443 944 885 797 1775 1355 511 1640 907 879 104 1178 918 1048 256 687 867 1567 2127 1997 1496 0 1342 528 805 577 1254 1295 2256 1035 968 922 1965 1086 1482 1723 1636 1850 2108 1458 2111 70 905 217 1198 801 1704 1984 986 1486 569 1297 1188 451 1909 1670 1230 770 1084 913 836 1613 1500 1024 1606 603 379 915 1803 605 1139 1048 1101 1599 1393 1226 705 940 843 999 800 1210 682 2785 1012 218 1107 584 1868 2029 573 121 2070 946 1043 420 1148 548 1651 866 1270 1173 888 2042 760 1085 1832 1641 1708 1631 834 899 880 1962 1825 970 1544 1117 845 2740 665 850 973 752 1129 164 878 977 1951 694 1340 1611 1851 1216 1301 1301 806 639 1565 1159 982 999 75 1463 1646 996 1272 1498 944 1009 1208 2094 629 841 741 1993 1170 2097 936 1942 719 1678 1672 766 948 1872 2327 720 1070 1565 628 2122 1091 801 798 1023 800 1020 893 1144 336 1628 1031 1943 641 518 721 1869 1199 969 843 672 2287 1086 2277
1884 2673 1931 1966 2058 1443 1127 1956 1660 2369 2219 1313 2113 1550 934 1260 266 1235 1911 1186 1507 1734 2350 2605 2471 1970 1342 0 1647 1604 1400 1822 1742 2730 1654 1022 1795 2438 1949 215 2318 2109 2445 2581 2071 2585 1405 1508 1548 144 1726 2586 2578 1853 1965 1117 2160 2051 1446 2382 2143 2093 1186 1951 1139 811 2208 988 1628 2079 1102 1440 651 2276 1723 2006 458 1968 2072 2256 1699 772 1879 1123 1862 1025 2074 1555 3258 1615 1326 1576 1452 2568 2503 1015 1456 2544 1916 594 1755 2011 1214 2124 2133 194 1617 1149 2515 714 1952 2306 2115 2302 2157 1707 1658 1806 2440 2331 646 679 390 1730 3213 1534 1230 1801 1850 1992 1222 1397 1844 2546 1307 1813 2370 2324 2079 1774 1774 1381 1738 407 2087 1845 1406 1268 1936 380 697 938 2361 1547 443 1765 2568 1305 1158 1609 2587 2034 2691 1799 2536 1396 411 2145 669 1552 2467 2805 1928 984 2509 1485 2600 1954 819 1334 1886 1025 1800 1384 2008 1300 2572 1894 2537 1908 1426 1988 2343 2063 1492 1158 1535 2761 1950 2751
411 1956 1194 980 1565 345 925 586 674 1652 1233 649 1581 888 1184 625 1483 1311 925 602 667 1096 1444 2037 1949 1477 528 1647 0 785 558 1131 1276 2236 1016 1273 1225 1879 963 1787 1601 1616 1727 2060 1336 2092 517 885 313 1502 864 1413 1861 963 1440 996 1174 1065 881 1860 1650 1107 750 1273 893 978 1491 1481 1005 1557 996 280 1220 1783 102 1328 1353 1330 1550 1270 1206 1010 670 823 876 1132 1088 985 2736 992 602 1087 461 1745 2010 878 557 2022 599 1348 362 1025 727 1631 646 1575 1547 919 1993 1064 1274 1813 1593 1585 1508 1137 880 802 1863 1713 1111 1656 1403 907 2691 542 1243 851 378 1006 581 859 906 1829 674 1320 1489 1803 1093 1281 1281 786 247 1869 860 859 979 595 1405 1951 1138 1253 1376 924 1314 1145 2075 609 821 618 1870 1048 1974 813 1819 699 1982 1614 1071 929 1750 2237 643 1050 1266 608 2032 969 943 778 775 1113 901 873 1022 857 1329 908 1820 436 531 516 1783 1077 950 823 549 2268 964 2258
1022 1680 1394 685 1253 550 618 882 206 1375 941 504 1305 361 1217 736 1516 1345 611 663 287 1197 1167 1760 1664 1164 805 1604 785 0 267 854 963 1924 423 1306 1259 1602 668 1751 1324 1303 1451 1775 1059 1779 868 419 696 1536 1189 1323 1585 1317 977 1029 897 788 914 1575 1338 816 444 1414 587 961 1214 1174 428 1272 1030 562 1253 1471 862 1469 1386 1431 1266 994 893 1043 637 517 581 1165 811 1018 2452 415 690 775 428 1468 1697 911 918 1737 762 1381 965 749 760 1319 1271 1608 1580 609 1709 1098 1415 1500 1308 1308 1232 1170 114 1269 1586 1436 1138 1349 1262 1194 2406 269 1276 250 989 711 699 497 1307 1552 325 1007 1212 1518 816 968 969 445 876 1755 817 528 666 744 1128 1916 1165 946 1099 487 1347 859 1762 314 515 465 1593 695 1697 529 1542 342 1947 1337 1105 396 1473 1960 1253 744 1239 325 1755 684 955 449 616 1146 256 512 669 909 1302 576 1543 1046 383 1127 1506 800 524 517 420 1955 668 1945
794 1691 1167 815 1076 354 415 867 329 1386 1020 275 1130 370 990 508 1289 1117 752 435 150 970 1229 1623 1488 987 577 1400 558 267 0 837 786 1747 498 1078 1031 1456 810 1547 1335 1126 1462 1599 1089 1602 640 367 469 1308 961 1378 1596 1089 971 801 952 843 686 1400 1161 895 244 1186 383 741 1225 971 487 1096 802 351 1025 1294 634 1241 1158 1204 1090 1049 716 815 761 313 711 938 866 791 2276 474 458 598 348 1524 1520 683 690 1561 826 1153 737 804 532 1142 1044 1380 1352 389 1533 870 1188 1323 1132 1320 1175 943 362 1041 1457 1348 913 1146 1058 966 2230 338 1048 505 761 802 471 359 1080 1563 130 830 1274 1342 872 791 792 286 649 1551 940 706 488 516 954 1712 940 743 1154 407 1119 783 1585 143 311 505 1605 835 1709 653 1553 200 1743 1163 877 411 1484 1823 1025 540 1362 124 1618 808 727 279 740 918 504 380 809 681 1425 755 1555 818 157 899 1360 861 438 313 412 1778 810 1768
1368 1014 1831 548 956 906 793 1219 726 709 671 1048 572 611 1654 1173 1809 1781 977 1072 894 1634 690 1089 959 867 1254 1822 1131 854 837 0 666 1627 613 1743 1696 923 734 1968 658 1006 785 1070 412 1482 1246 565 1042 1771 1626 1219 919 1753 419 1466 793 684 1351 871 1041 559 694 1851 740 1218 548 1327 549 567 1467 891 1690 1174 1208 1906 1823 1868 561 890 596 1480 974 734 512 1602 707 1455 1747 536 1163 478 813 909 1400 1348 1286 1032 1098 1818 1311 645 1197 1022 1617 1842 2017 858 1004 1534 1852 1203 603 642 443 1607 784 1706 915 657 1487 1502 1479 1630 1701 894 1713 854 1335 535 1135 567 1744 886 737 710 710 813 713 671 672 603 1222 1972 1153 669 456 1181 396 2133 1514 1099 995 486 1701 190 1465 722 668 955 927 838 1032 865 876 733 2164 605 1541 529 807 1289 1599 961 1395 915 1085 1020 1212 608 952 1583 655 550 850 1345 1458 758 877 1392 937 1472 827 374 490 670 749 1658 722 1648
1512 1518 1885 1050 551 1072 714 1585 1060 1213 1185 995 957 706 1708 1226 1729 1835 1412 1153 866 1688 1195 1450 1315 370 1295 1742 1276 963 786 666 0 1222 802 1796 1749 1283 1236 1889 1162 601 1289 1283 916 1077 1358 656 1187 1692 1679 1721 1423 1807 810 1519 1295 1186 1404 1044 636 1060 630 1904 661 1139 1052 1248 776 923 1520 1069 1743 769 1352 1959 1843 1922 917 1391 140 1533 1475 655 1013 1656 1208 1509 2103 763 1180 275 1072 1413 995 1401 1408 1154 1545 1871 1455 1146 1250 613 1762 1762 2070 779 1360 1588 1906 798 959 1146 1002 1661 922 1759 1284 1175 1408 1423 1400 1684 2057 1066 1766 1024 1479 1037 1189 537 1798 1390 684 281 1215 922 1214 311 116 554 1367 1893 1654 1171 403 1234 781 2054 1435 1020 1496 682 1622 610 1060 669 588 1229 1431 1339 1536 1367 1380 680 2085 990 1595 700 1311 1649 1743 882 1897 873 1445 1522 1133 555 1454 1636 975 503 1351 1399 1960 1259 1382 1537 884 1617 1187 932 621 591 1121 1253 1223 1243
2473 2479 2845 2011 870 2033 1701 2546 2021 2174 2146 1956 1918 1667 2669 2187 2716 2796 2373 2114 1827 2648 2155 2410 2276 1145 2256 2730 2236 1924 1747 1627 1222 0 1763 2757 2710 2244 2197 2876 2123 1030 2250 1711 1877 198 2319 1617 2148 2679 2640 2682 2384 2768 1770 2480 2256 2147 2365 1655 1064 2021 1601 2865 1648 2126 2013 2235 1737 1884 2481 2030 2704 1198 2313 2920 2830 2883 1878 2352 1149 2494 2436 1642 1974 2617 2169 2470 3063 1724 2141 1246 2033 2374 329 2362 2369 1583 2505 2832 2416 2107 2211 1070 2722 2749 3031 1766 1800 2549 2866 523 1920 2107 1963 2622 1883 2720 2245 2136 2395 2410 2387 2645 3018 2027 2727 1985 2440 1998 2150 1498 2759 2351 1645 1266 2175 1701 2175 1325 1227 1515 2328 2880 2615 2131 1364 2195 1742 3041 2422 2007 2457 1643 2609 1571 191 1630 1576 2189 2392 2300 2497 2327 2341 1641 3072 1951 2556 1661 2272 2610 2704 1869 2857 1834 2406 2483 2120 1516 2414 2597 1936 1464 2312 2360 2920 2220 2343 2497 1845 2578 2148 1893 1582 1578 2082 91 2184 81
1253 1536 1625 547 1092 807 625 1126 629 1231 778 735 1143 159 1448 967 1641 1575 816 893 522 1428 1017 1616 1502 1004 1035 1654 1016 423 498 613 802 1763 0 1536 1489 1452 666 1801 1180 1143 1307 1613 909 1618 1098 202 927 1603 1419 1233 1441 1547 709 1259 807 685 1144 1413 1177 652 505 1644 572 1046 1070 1160 79 1110 1260 809 1484 1310 1092 1699 1617 1662 1104 903 733 1274 892 566 443 1396 720 1249 2290 77 921 614 762 1371 1536 1142 1148 1575 1016 1611 1195 658 990 1158 1502 1674 1810 686 1547 1328 1646 1340 1146 1164 1026 1401 325 1499 1442 1240 1315 1335 1311 1424 2244 692 1507 427 1219 574 929 331 1538 1408 529 847 1062 1356 726 808 808 321 1107 1804 1061 537 506 975 945 1965 1341 932 1008 264 1533 717 1602 458 500 888 1449 851 1554 773 1398 428 1996 1175 1335 172 1329 1816 1484 794 1408 560 1611 928 1040 381 860 1376 378 348 849 1139 1471 586 1399 1277 614 1357 1356 600 300 502 724 1795 666 1785
1509 2568 1361 1592 2086 1069 1423 1582 1286 2264 1844 1040 2141 1408 174 885 779 356 1537 812 1188 1164 2056 2630 2498 1997 968 1022 1273 1306 1078 1743 1796 2757 1536 0 1116 2466 1575 1152 2212 2137 2339 2609 1947 2612 1031 1406 1174 878 1156 2212 2473 1283 1987 513 1786 1677 835 2410 2171 1719 1271 1381 1414 943 2102 1476 1525 2106 478 1066 451 2304 1349 1436 644 1398 2100 1882 1727 557 1504 1344 1488 290 1699 985 3286 1513 952 1608 1078 2357 2530 641 1081 2571 1542 639 1344 1637 863 2152 1680 904 794 1370 2543 529 1382 2333 2142 2197 2120 1137 1400 1236 2465 2325 893 1304 877 1161 3240 1160 411 1462 1476 1618 848 1379 1274 2440 1195 1841 2100 2352 1705 1802 1802 1307 1364 1290 1713 1471 1500 893 1964 1318 944 1404 1987 1445 739 1710 2595 1130 1342 1235 2482 1659 2586 1425 2431 1220 1349 2173 497 1449 2361 2830 1358 1350 2135 1129 2625 1580 908 1299 1512 323 1513 1394 1633 776 2198 1520 2432 1534 1052 1583 2370 1688 1470 1344 1161 2788 1575 2778
1258 2521 588 1545 2039 1022 1398 1535 1238 2217 1797 993 2093 1361 1001 846 1632 800 1489 774 1141 391 2008 2583 2451 1950 922 1795 1225 1259 1031 1696 1749 2710 1489 1116 0 2419 1528 1935 2165 2089 2292 2562 1900 2565 911 1358 1047 1651 437 2164 2426 617 1940 747 1738 1629 622 2362 2124 1672 1223 527 1367 1296 2055 1954 1478 2059 748 1019 1344 2257 1239 585 1502 551 2053 1835 1679 1158 1457 1296 1441 840 1652 299 3239 1465 914 1561 1031 2310 2483 1021 851 2524 1494 1496 892 1590 1021 2105 1050 1723 580 1328 2496 1213 527 2286 2095 2150 2073 221 1353 606 2417 2278 1429 1997 1571 433 3193 1112 732 1415 1240 1571 810 1332 645 2393 1147 1793 2053 2305 1658 1754 1755 1259 1316 2018 1666 1424 1452 854 1917 2100 1456 1726 1940 1398 1462 1663 2548 1082 1294 1188 2435 1612 2539 1378 2383 1173 2131 2126 1220 1402 2314 2783 729 1524 2088 1082 2578 1533 1261 1252 1465 855 1466 1347 1586 627 2151 1472 2385 925 1004 953 2323 1641 1423 1297 1114 2741 1528 2731
