NAME: zurich_200_17
COMMENT: TSP instance with 200 nodes. City: Zurich, Switzerland, Seed: 59
TYPE: TSP
DIMENSION: 200
EDGE_WEIGHT_TYPE: EXPLICIT
EDGE_WEIGHT_FORMAT: FULL_MATRIX
NODE_COORD_SECTION:
1 47.5126336 8.4729764
2 47.4452599 8.631889
3 47.3137026 8.5493883
4 47.3745114 8.5324488
5 47.3570072 8.3588942
6 47.5375758 8.7843895
7 47.3538704 8.5757391
8 47.491206 8.7310576
9 47.3219042 8.5420087
10 47.4441562 8.3300165
11 47.2546465 8.5927992
12 47.4848584 8.5910563
13 47.199056 8.6775756
14 47.4440537 8.3344653
15 47.298515 8.7641878
16 47.4599893 8.638972
17 47.376282 8.4948347
18 47.4906875 8.7128374
19 47.246274 8.7114986
20 47.4813493 8.4571726
21 47.2768937 8.4524351
22 47.4111376 8.6476171
23 47.3663695 8.5639391
24 47.3525628 8.2776345
25 47.5047811 8.5505328
26 47.3834922 8.7149808
27 47.4093167 8.3969299
28 47.5441763 8.78775
29 47.5398505 8.4833112
30 47.4861618 8.4892725
31 47.3517387 8.4385231
32 47.430203 8.566833
33 47.384878 8.7193583
34 47.5022433 8.7375024
35 47.5197598 8.5165594
36 47.3874405 8.3908491
37 47.354435 8.349129
38 47.3579614 8.5194277
39 47.3869531 8.7503412
40 47.3994464 8.5835135
41 47.4698232 8.3332531
42 47.5039785 8.4981046
43 47.3752778 8.5174442
44 47.2712716 8.581158
45 47.2946556 8.3195507
46 47.2845361 8.6741723
47 47.5317947 8.5775307
48 47.3880246 8.4854292
49 47.4886053 8.3355815
50 47.395 8.6003126
51 47.3396977 8.6659634
52 47.1968047 8.733942
53 47.3050214 8.7659435
54 47.4358358 8.299789
55 47.4028195 8.4501066
56 47.3878382 8.5395321
57 47.5202759 8.5393766
58 47.3715381 8.3806165
59 47.4433346 8.6296652
60 47.347885 8.7154681
61 47.246765 8.7337794
62 47.3577756 8.5544734
63 47.3635136 8.5537186
64 47.3185533 8.4249349
65 47.4087834 8.3154032
66 47.5416444 8.7870193
67 47.3709804 8.514794
68 47.4851536 8.7585653
69 47.2207152 8.2879387
70 47.3102913 8.5412867
71 47.4603662 8.7778015
72 47.2550479 8.5902051
73 47.3648482 8.5676924
74 47.2699692 8.6519951
75 47.4205084 8.5136022
76 47.2328846 8.5897203
77 47.3219551 8.5149161
78 47.2928817 8.6044234
79 47.5374224 8.651812
80 47.3488425 8.2839532
81 47.4029825 8.5410504
82 47.3483772 8.6067753
83 47.3678027 8.4958228
84 47.5177154 8.6450306
85 47.4798303 8.4612409
86 47.4263754 8.5438991
87 47.2477868 8.6060209
88 47.5008656 8.4121115
89 47.5257019 8.4350134
90 47.4122243 8.7221786
91 47.4207318 8.6177529
92 47.319264 8.5517594
93 47.4088963 8.5588373
94 47.425197 8.4066101
95 47.2654876 8.3107389
96 47.5108105 8.7029243
97 47.5145676 8.6862846
98 47.4943651 8.2777186
99 47.5360799 8.7429382
100 47.3531029 8.4632995
101 47.3752394 8.5117209
102 47.4571668 8.4386652
103 47.2549808 8.6129912
104 47.4237923 8.6095577
105 47.2459398 8.4641345
106 47.3889722 8.4678221
107 47.3590024 8.7294872
108 47.3568136 8.557161
109 47.2396906 8.7874329
110 47.3124697 8.3470949
111 47.4835912 8.7555091
112 47.5230142 8.3301922
113 47.509223 8.7162153
114 47.4047246 8.5950126
115 47.2576238 8.3720028
116 47.382095 8.600211
117 47.4052967 8.4004484
118 47.4670754 8.3162186
119 47.4860459 8.298382
120 47.1963281 8.5260408
121 47.526109 8.6184771
122 47.3951264 8.5244844
123 47.3629356 8.7984028
124 47.2801234 8.4627408
125 47.2253165 8.6746412
126 47.4924984 8.3357862
127 47.3170388 8.4684344
128 47.3693804 8.7122169
129 47.4131292 8.6020901
130 47.3211606 8.5154114
131 47.4178031 8.7732514
132 47.2787217 8.6437082
133 47.494704 8.7506349
134 47.3178841 8.7935636
135 47.5103646 8.5941687
136 47.3973643 8.4506086
137 47.3879661 8.3348594
138 47.413261 8.6200903
139 47.4739899 8.2963444
140 47.196427 8.7171007
141 47.4188525 8.5883582
142 47.4656158 8.3172484
143 47.3708393 8.3687832
144 47.3000715 8.6002668
145 47.4393185 8.6332539
146 47.3216943 8.7953539
147 47.5008191 8.455326
148 47.2430056 8.5364616
149 47.5286426 8.7124234
150 47.420771 8.7432409
151 47.5095445 8.6951129
152 47.2439811 8.6121171
153 47.50632 8.6950341
154 47.3793313 8.6855355
155 47.4291989 8.7893209
156 47.4716529 8.3247609
157 47.4973566 8.5959212
158 47.4092717 8.5464077
159 47.4890169 8.2961163
160 47.3333575 8.4734423
161 47.3720127 8.4248805
162 47.5321509 8.3924651
163 47.3767154 8.5267098
164 47.4577684 8.425233
165 47.4504228 8.4334068
166 47.4288874 8.3500386
167 47.3786551 8.5442958
168 47.2842726 8.5755387
169 47.3710461 8.6382063
170 47.3168986 8.4624182
171 47.3686953 8.5328592
172 47.402613 8.3083874
173 47.4496692 8.5821806
174 47.4622048 8.7749032
175 47.428688 8.5638629
176 47.3135448 8.529169
177 47.3158967 8.5246285
178 47.4311889 8.6725861
179 47.4116488 8.5096885
180 47.5464724 8.7040356
181 47.2242191 8.4598172
182 47.3380236 8.4365294
183 47.4517611 8.4354133
184 47.3745296 8.3021233
185 47.4663179 8.6496716
186 47.3771715 8.5645041
187 47.3484833 8.3823674
188 47.2380707 8.6392685
189 47.3232184 8.5183221
190 47.2248155 8.4655465
191 47.4819091 8.49541
192 47.4467245 8.6293308
193 47.229697 8.67237
194 47.5213919 8.3590613
195 47.3777628 8.5437243
196 47.5404442 8.3213231
197 47.3760292 8.6442997
198 47.5081369 8.6916545
199 47.1975722 8.5225961
200 47.4589064 8.6333374
EDGE_WEIGHT_SECTION:
0 937 1705 1175 1431 1604 1380 1541 1604 1240 1977 772 2117 1228 1817 1039 1211 1436 2333 301 1701 1100 1274 1892 495 1360 1107 1623 219 361 1261 766 1362 1563 289 1277 1554 1351 1529 1094 1142 170 1248 1876 2101 2002 726 1114 908 1009 1523 2394 1805 1415 1031 1051 391 1292 925 1445 2284 1311 1249 1480 1660 1623 1264 1697 2834 1650 1812 2041 1292 2147 918 2092 1613 1975 1236 1842 1008 1531 1288 1007 273 754 1880 430 314 1370 1045 1636 966 1095 2280 1337 1227 1262 1601 1340 1239 577 1986 1002 1811 1248 1325 1327 2326 1800 1727 914 1417 903 1999 1123 1102 1157 1145 2237 884 1089 1704 1778 2165 901 1472 1270 974 1608 1705 2099 1639 1689 716 1099 1790 1012 1229 2349 918 1149 1390 1894 961 1693 144 2106 1407 1518 1303 1873 1369 1203 1802 1179 822 938 1165 1450 1096 1068 1185 633 690 1318 1102 1772 1238 1435 1214 1724 704 1923 760 1574 1645 1227 869 1389 1930 1347 648 1811 1141 1203 1436 1940 1566 1895 307 945 2135 751 1096 1130 1299 1302 2209 965
937 0 1377 848 1398 1036 1052 768 1276 1385 1649 432 1789 1373 1167 168 986 662 1683 1035 1656 372 945 1859 660 710 1075 1056 972 1009 1228 452 712 828 737 1244 1521 1024 848 613 1396 777 921 1548 2068 1386 792 1041 1586 546 1038 2067 1155 1589 998 723 712 1259 28 795 1634 984 921 1447 1754 1055 936 930 2801 1322 1038 1713 963 1531 861 1765 1286 1599 949 1809 693 1046 1044 723 1010 551 1552 1254 1248 625 258 1309 555 1063 2247 783 764 1631 1073 1307 925 986 1659 244 1765 1153 675 1000 1676 1767 960 1738 825 450 1954 656 1070 1392 1487 2171 906 762 1054 1733 1838 1669 1427 620 366 1281 950 1518 876 1039 558 1067 1768 323 1437 2021 346 1381 1357 1566 75 1043 986 1953 840 763 774 1546 829 553 1055 1432 491 624 1559 1396 1063 1892 858 1063 1073 1350 775 1444 754 1391 886 1807 270 1149 463 1247 1318 341 832 970 1885 1314 1031 1778 267 875 1403 1612 1238 1849 908 30 1807 1575 768 1954 753 760 2163 159
1705 1377 0 546 1038 1922 809 1675 189 1421 572 1330 712 1409 1754 1502 695 1570 1921 1538 949 1234 729 1335 1436 1494 1074 1941 1740 1617 678 1100 1496 1735 1504 1109 997 434 1663 1049 1431 1545 552 420 1514 1612 1778 759 1621 1095 1374 990 1785 1560 998 710 1480 1123 1365 1579 1920 680 673 844 1366 1941 558 1838 2135 94 1946 636 743 1587 1059 688 350 1341 1854 1285 874 1032 664 1819 1517 1077 475 1805 2004 1503 1205 129 931 1237 1606 1669 1650 1666 1959 827 588 1454 582 1231 1054 862 1459 714 2065 1243 1868 1936 1732 1036 1247 975 1012 1427 1523 1094 1893 750 1837 937 761 1704 730 1404 1143 345 1838 1542 1783 1822 1544 985 1292 1172 1472 944 1125 1417 1072 1259 1308 1826 1734 886 1725 1651 1660 468 1727 1337 1936 1468 1432 886 1595 698 750 2263 580 1525 1500 1386 638 316 1254 693 551 1384 1152 2057 1081 256 286 1396 1019 1856 1178 764 1458 1254 1604 797 879 535 337 1143 1516 1396 730 1947 634 2152 1304 1684 1114 1428
1175 848 546 0 932 1393 354 1145 445 1056 818 801 958 1044 1299 972 256 1040 1466 1020 843 704 267 1229 906 964 796 1412 1210 1087 572 571 966 1206 975 921 891 193 1133 520 1066 1016 118 717 1408 1157 1249 320 1256 568 912 1236 1330 1260 570 181 951 936 835 1049 1465 225 217 738 1260 1412 124 1308 2029 492 1416 882 280 1132 523 934 455 886 1325 1179 342 576 246 1289 999 547 721 1287 1483 974 675 486 401 872 1501 1139 1120 1301 1430 614 154 936 828 701 953 423 930 259 1610 1138 1338 1571 1203 507 1141 512 797 1062 1158 1340 1363 264 1308 930 1007 1339 624 875 613 450 1309 1087 1254 1293 1015 549 1186 643 1107 1190 596 1052 966 804 778 1297 1215 1122 1196 1122 1131 715 1197 807 1406 1103 902 357 1230 592 644 1899 77 1012 1023 1021 108 613 791 587 71 1279 623 1527 551 416 487 866 483 1326 1072 658 981 1148 1075 331 773 781 407 1037 986 867 976 1582 104 1787 842 1155 1344 899
1431 1398 1038 932 0 2011 1234 1764 937 951 1310 1328 1450 919 2039 1499 973 1658 2345 1179 950 1323 1153 536 1433 1582 542 2030 1593 1282 507 1061 1585 1824 1502 404 199 820 1752 1316 1072 1403 938 1209 847 2036 1776 849 1217 1232 1745 1728 2027 655 622 1084 1478 222 1385 1668 2344 1104 1097 710 567 2030 944 1926 1704 984 2035 1374 1167 2011 1026 1426 1036 1765 1943 486 1120 1456 894 1832 1158 960 1213 1446 1645 1592 1281 1053 1188 778 1150 1757 1738 1262 2048 651 974 1095 1320 1339 1059 862 1548 1138 2490 644 1956 1532 1821 1125 1016 1346 479 1068 1118 1486 1890 966 1926 1027 1499 1300 721 1493 1206 1031 1927 1967 1872 1911 1542 650 493 1234 1020 1682 1247 1057 143 1683 1415 1915 1375 1354 1814 1740 1749 1207 1815 1425 2025 1109 1429 1119 1190 698 548 1859 966 1166 1182 876 1024 1105 1460 684 937 586 1150 2146 1013 908 979 1484 952 1945 1179 578 1140 456 1602 1222 269 1273 1001 1143 1232 1406 1468 1542 1020 1748 1521 1773 1457 1426
1604 1036 1922 1393 2011 0 1597 572 1821 1998 2194 1101 2334 1987 1709 1005 1531 584 2226 1684 2219 993 1488 2473 1266 1119 1688 86 1592 1700 1841 1185 1086 454 1399 1858 2135 1569 1097 1182 2009 1483 1466 2093 2682 1929 998 1587 2199 1076 1585 2612 1697 2203 1612 1268 1225 1872 1054 1338 2177 1529 1467 2060 2367 86 1482 510 3402 1868 803 2258 1506 2074 1453 2310 1831 2145 632 2422 1238 1592 1589 596 1662 1170 2098 1951 1877 865 960 1854 1188 1676 2861 451 427 2244 335 1921 1470 1600 2204 1014 2329 1698 1218 1545 2219 2381 547 2435 435 979 2517 1185 1683 2005 2101 2716 786 1307 1401 2306 2383 2282 2000 1163 1037 1826 1086 2060 459 1582 894 1680 2381 928 2050 2566 1141 1994 1971 2111 1082 1585 1692 2498 328 1013 442 2091 509 1096 1048 2046 1000 1178 2172 1968 1677 2589 1403 1676 1687 1964 1320 1989 1300 1963 1431 2420 1236 802 1196 1792 1863 846 1414 459 2448 1927 1645 2392 910 1420 2016 2157 1783 2413 1599 1066 2352 2272 1313 2651 1291 466 2720 1046
1380 1052 809 354 1234 1597 0 1350 695 1377 1120 1005 1260 1365 945 1177 586 1245 1145 1231 1145 909 192 1531 1111 977 1118 1616 1415 1292 873 775 979 1410 1179 1243 1193 450 1146 724 1388 1220 448 1019 1709 803 1453 650 1578 651 601 1537 976 1582 891 383 1155 1257 1040 945 1111 170 196 1040 1561 1616 454 1513 2331 791 1600 1184 164 926 734 1235 756 680 1529 1480 543 222 575 1494 1210 752 1023 1498 1687 1167 877 680 606 1194 1802 1344 1325 1623 1634 943 484 1147 1129 906 1254 753 950 180 1256 1439 1543 1893 1407 700 1443 493 1118 1384 1479 1642 1568 510 1329 1231 1308 1661 925 895 785 751 1425 824 1458 1091 1219 879 1488 825 1429 1492 800 1373 1267 598 983 1128 1421 1423 1400 1260 1335 1016 1402 811 1530 1425 1107 559 1551 893 945 2136 412 1224 1234 1343 295 915 514 888 340 1580 827 1711 754 717 788 1071 695 1531 1374 959 1192 1450 1279 321 1075 1083 709 1338 1191 1071 1278 1819 291 2109 564 1359 1645 1103
1541 768 1675 1145 1764 572 1350 0 1574 1751 1947 971 2087 1739 1462 736 1284 162 1978 1437 1972 746 1241 2225 1267 872 1441 591 1572 1453 1594 938 839 177 1341 1610 1887 1322 850 935 1762 1382 1219 1846 2434 1682 1008 1339 1952 828 1337 2365 1450 1955 1364 1021 1235 1625 786 1091 1929 1281 1219 1813 2120 591 1234 203 3155 1620 501 2011 1259 1827 1206 2063 1584 1898 642 2175 991 1345 1342 606 1415 923 1850 1704 1853 618 713 1606 940 1429 2613 316 437 1997 537 1674 1222 1352 1957 767 2082 1451 971 1297 1971 2133 233 2188 280 732 2270 938 1436 1758 1853 2469 796 1060 1153 2059 2136 2035 1753 916 790 1579 784 1813 177 1334 903 1433 2134 680 1803 2319 893 1747 1723 1864 830 1338 1590 2251 403 766 379 1843 406 848 747 1798 961 930 1925 1721 1429 2341 1156 1429 1440 1716 1073 1742 1053 1716 1184 2173 989 501 949 1545 1616 599 1166 534 2201 1680 1397 2144 641 1173 1769 1910 1536 2165 1352 797 2105 2025 1066 2403 1043 384 2473 777
1604 1276 189 445 937 1821 695 1574 0 1320 680 1230 820 1308 1640 1401 594 1469 1807 1438 848 1133 615 1235 1335 1393 974 1841 1639 1516 577 1000 1395 1635 1404 1008 897 334 1562 948 1330 1444 451 532 1413 1498 1678 658 1521 986 1260 1098 1671 1459 897 609 1379 1023 1264 1478 1806 566 558 743 1265 1840 457 1737 2034 179 1845 744 628 1473 958 796 295 1227 1753 1184 773 917 563 1718 1416 976 583 1705 1903 1402 1104 159 830 1136 1506 1568 1549 1565 1858 726 487 1354 690 1130 958 761 1358 600 1951 1143 1767 1836 1632 935 1147 861 911 1327 1422 1182 1792 649 1736 918 869 1603 629 1303 1042 290 1737 1428 1682 1722 1443 884 1191 1072 1372 1052 1024 1316 971 1145 1207 1725 1633 867 1625 1550 1559 577 1626 1236 1835 1367 1331 785 1494 597 649 2163 479 1425 1399 1285 537 428 1139 592 450 1284 1051 1956 980 192 232 1295 918 1755 1077 663 1357 1154 1504 683 778 643 283 1042 1415 1296 838 1846 533 2051 1190 1584 1201 1327
1240 1385 1421 1056 951 1998 1377 1751 1320 0 1693 1316 1833 64 2027 1487 974 1646 2498 989 1332 1310 1290 1282 1421 1570 471 2018 1403 1146 892 1048 1572 1812 1384 683 1142 1171 1739 1304 356 1212 1014 1592 1725 2180 1764 849 504 1219 1733 2110 2015 561 722 1070 1465 812 1373 1655 2483 1257 1240 1111 806 2017 1035 1914 2465 1366 2022 1757 1303 2164 1013 1808 1416 1917 1930 1332 1105 1600 1051 1820 967 948 1596 991 1440 1580 1268 1436 1176 663 1911 1745 1726 597 2035 972 1008 692 1702 1327 1442 982 1535 1291 2536 1431 1944 819 1809 1113 1631 1333 489 300 454 1868 1878 948 1914 1409 1881 587 1103 1480 1193 1412 1915 2119 1860 1899 1529 775 899 1222 404 2065 1234 285 826 1836 1403 1903 1180 1737 1802 1728 1736 1589 1803 1413 2012 384 1417 1106 526 1081 727 1146 1024 649 828 229 1121 1488 1448 1066 1081 868 1138 2133 1001 1290 1362 1472 940 1932 1561 978 786 1097 1590 1261 1052 1656 1381 1526 1138 1393 1851 829 1110 1035 1509 1761 1840 1413
1977 1649 572 818 1310 2194 1120 1947 680 1693 0 1603 477 1681 2064 1774 967 1842 2232 1811 1221 1506 1040 1608 1708 1766 1347 2214 2012 1889 950 1373 1768 2008 1777 1381 1270 707 1935 1321 1703 1817 824 201 1786 1922 2051 1031 1894 1370 1685 754 2095 1832 1270 982 1752 1396 1637 1851 2230 990 983 1116 1638 2213 831 2110 2407 514 2218 64 1053 1898 1331 309 709 1651 2126 1557 1146 1342 936 2091 1789 1349 140 2078 2276 1775 1477 607 1203 1509 1879 1941 1922 1938 2231 1099 860 1727 205 1503 1112 1134 1731 1025 2376 1516 2140 2209 2005 1308 1520 1286 1284 1700 1795 821 2165 1022 2109 1281 525 1976 1002 1676 1415 704 2110 1853 2055 2095 1816 1257 1564 1445 1745 709 1397 1689 1344 1570 1580 2098 2006 818 1998 1923 1932 155 1999 1609 2208 1740 1704 1158 1867 970 1022 2536 852 1798 1772 1658 910 351 1564 965 823 1657 1424 2329 1353 616 646 1668 1291 2128 1158 1036 1730 1527 1877 1108 1151 300 697 1123 1788 1669 495 2219 906 2424 1614 1957 841 1700
772 432 1330 801 1328 1101 1005 971 1230 1316 1603 0 1742 1304 1442 404 939 837 1959 876 1599 726 900 1790 412 986 1005 1120 807 809 1158 392 988 1001 572 1175 1452 977 1154 720 1326 613 874 1501 1999 1628 448 995 1516 635 1148 2020 1430 1520 929 677 533 1189 457 1071 1910 937 875 1377 1684 1120 890 1112 2732 1276 1349 1667 918 1773 792 1718 1239 1601 733 1739 646 1156 997 504 847 482 1506 1089 1083 936 626 1262 596 993 2178 803 724 1561 1098 1238 878 917 1612 567 1708 1106 951 953 1952 1698 1142 1573 883 528 1897 749 1000 1322 1418 2123 562 715 1329 1676 1791 1560 1370 896 600 1234 1265 1725 1049 1315 214 997 1698 637 1367 1975 543 1311 1288 1519 493 1318 821 1906 904 1078 728 1499 743 829 1369 1363 101 586 1490 1347 994 1727 811 993 1004 1281 728 1397 864 1333 839 1738 265 1410 403 1200 1271 668 763 887 1828 1245 962 1709 444 828 1334 1565 1192 1792 708 422 1761 1410 722 1789 924 673 2106 331
2117 1789 712 958 1450 2334 1260 2087 820 1833 477 1742 0 1821 2204 1914 1107 1982 2372 1951 1305 1646 1179 1747 1848 1906 1487 2354 2152 2029 1090 1513 1908 2147 1917 1521 1410 846 2075 1461 1843 1957 964 606 1926 2062 2191 1171 2034 1510 1824 435 2235 1972 1410 1122 1892 1536 1777 1991 2370 1130 1123 1256 1778 2353 970 2250 2540 654 2358 541 1193 2037 1471 515 849 1791 2266 1697 1286 1482 1076 2231 1929 1489 380 2217 2416 1915 1617 747 1343 1649 2019 2081 2062 2078 2371 1239 1000 1866 466 1643 1151 1274 1871 1165 2516 1656 2280 2349 2144 1448 1658 1425 1424 1839 1935 860 2305 1162 2249 1364 281 2116 1142 1816 1555 844 2250 1993 2195 2235 1956 1397 1704 1585 1884 389 1537 1829 1484 1709 1720 2238 2146 857 2138 2063 2072 373 2139 1749 2348 1880 1844 1298 2007 1110 1162 2676 992 1937 1912 1798 1050 756 1704 1105 963 1797 1564 2469 1493 756 786 1808 1431 2268 1197 1176 1870 1667 2017 1248 1291 305 837 1161 1928 1809 312 2359 1046 2564 1754 2097 879 1840
1228 1373 1409 1044 919 1987 1365 1739 1308 64 1681 1304 1821 0 2015 1475 962 1634 2486 977 1321 1298 1278 1255 1409 1558 439 2006 1391 1134 880 1036 1560 1800 1372 651 1115 1159 1727 1292 344 1200 1002 1580 1713 2168 1752 837 492 1207 1721 2098 2003 549 690 1058 1454 780 1361 1643 2471 1245 1229 1099 783 2006 1023 1902 2453 1354 2010 1745 1291 2152 1001 1797 1405 1905 1918 1305 1093 1588 1039 1808 955 936 1584 979 1428 1568 1257 1424 1164 639 1899 1733 1714 586 2024 960 996 680 1690 1315 1430 954 1523 1279 2524 1419 1932 807 1797 1101 1619 1321 457 288 442 1856 1866 936 1902 1397 1869 575 1091 1468 1181 1400 1903 2107 1848 1887 1518 742 871 1210 392 2053 1222 273 794 1824 1391 1891 1168 1725 1790 1716 1724 1577 1791 1401 2000 372 1405 1095 514 1069 715 1134 1012 637 816 197 1109 1476 1436 1054 1069 841 1126 2121 989 1278 1350 1460 928 1920 1549 966 774 1070 1578 1249 1022 1644 1369 1514 1126 1381 1839 817 1098 1023 1497 1749 1828 1401
1817 1167 1754 1299 2039 1709 945 1462 1640 2027 2064 1442 2204 2015 0 1334 1531 1357 687 1712 2089 906 1137 2475 1548 686 1716 1729 1852 1728 1817 1213 673 1523 1616 1886 2137 1395 773 1210 2037 1657 1392 1963 2654 598 1890 1595 2227 1104 633 2482 161 2231 1640 1296 1592 1900 1154 449 509 1115 1140 1984 2395 1728 1399 1533 3275 1735 1313 2128 1108 743 1481 2180 1701 915 1641 2425 1266 797 1520 1606 1690 1198 1967 1979 2128 897 979 1625 1216 1704 2746 1456 1437 2272 1746 1888 1428 1628 2074 1033 2199 1698 519 1124 521 2383 1561 2463 1520 1007 2387 1213 1711 2033 2129 2586 1796 1335 819 2176 2253 2310 1870 563 1060 1696 1066 730 1570 335 1656 1708 2409 946 2078 2436 1164 2022 1999 1018 1101 372 1866 2368 1513 974 1447 1961 1514 646 1171 2074 1544 1206 2200 1838 1705 2617 1356 1704 1715 1992 1240 1859 846 1833 1285 2448 1264 1424 1224 1662 1733 1115 1442 1643 2318 1904 1673 2394 1433 1266 2019 2027 1653 2283 1627 1195 2222 2300 1236 2679 880 1472 2590 1325
1039 168 1502 972 1499 1005 1177 736 1401 1487 1774 404 1914 1475 1334 0 1111 631 1851 1137 1770 540 1071 1961 762 878 1176 1024 1074 1110 1330 563 877 796 838 1346 1623 1148 898 781 1498 879 1046 1673 2170 1554 764 1166 1688 714 1206 2191 1322 1691 1100 848 814 1361 196 963 1802 1108 1046 1549 1856 1024 1061 899 2903 1447 1085 1838 1089 1699 963 1890 1410 1766 921 1911 818 1214 1169 695 1111 653 1677 1356 1350 672 425 1433 723 1164 2349 751 732 1733 1042 1409 1049 1088 1783 412 1880 1277 843 1124 1844 1869 929 1840 793 617 2068 823 1171 1494 1589 2294 878 887 1201 1847 1962 1770 1541 788 534 1405 1000 1685 844 1207 530 1168 1869 491 1539 2146 513 1483 1459 1691 242 1210 1088 2077 808 813 735 1670 756 721 1105 1534 463 757 1661 1519 1165 1993 982 1165 1175 1452 900 1569 921 1504 1011 1909 399 1192 574 1371 1443 403 934 939 1999 1416 1133 1880 130 1000 1505 1737 1363 1964 1009 185 1932 1677 893 2055 921 686 2277 73
1211 986 695 256 973 1531 586 1284 594 974 967 939 1107 962 1531 1111 0 1179 1698 960 992 843 501 1270 1045 1103 679 1550 1349 1073 520 699 1105 1344 1113 840 932 322 1272 658 985 1154 184 866 1479 1389 1387 177 1175 706 1146 1385 1547 1179 447 397 1089 854 974 1188 1697 457 449 774 1301 1550 156 1447 2178 640 1555 1031 515 1364 584 1083 604 1118 1463 1220 433 808 106 1428 938 644 870 1227 1425 1112 814 664 529 790 1643 1278 1259 1220 1568 457 120 876 977 840 1102 235 1068 491 1842 1178 1477 1490 1341 645 1290 747 674 981 1076 1489 1502 275 1446 1033 1156 1258 773 1013 752 599 1447 1319 1392 1431 1153 405 1227 781 1026 1339 734 970 953 1036 917 1435 1155 1264 1334 1260 1269 864 1336 946 1545 1022 1041 468 1148 696 516 1817 248 952 918 940 356 762 974 736 282 1319 761 1666 657 565 636 1005 538 1465 1221 641 876 1189 1213 569 814 930 556 1185 1023 1005 1125 1500 352 1706 1035 1293 1493 1037
1436 662 1570 1040 1658 584 1245 162 1469 1646 1842 837 1982 1634 1357 631 1179 0 1873 1331 1867 640 1135 2120 1165 766 1335 603 1470 1348 1489 832 733 229 1236 1505 1782 1216 745 829 1657 1276 1114 1741 2329 1576 904 1234 1847 723 1232 2259 1345 1850 1259 916 1131 1520 681 986 1824 1176 1114 1708 2015 603 1129 325 3050 1515 623 1906 1153 1721 1101 1958 1478 1793 538 2070 886 1240 1237 502 1310 818 1745 1598 1747 513 607 1501 835 1323 2508 277 307 1892 520 1568 1117 1247 1851 662 1976 1345 866 1192 1866 2028 355 2083 240 627 2165 833 1330 1653 1748 2364 692 955 1048 1953 2030 1929 1647 811 684 1473 848 1708 277 1229 799 1327 2028 575 1698 2214 788 1642 1618 1759 725 1233 1485 2145 364 661 295 1738 273 743 869 1693 827 825 1820 1616 1324 2236 1050 1324 1334 1611 967 1637 947 1611 1079 2068 884 623 844 1439 1511 494 1061 494 2096 1575 1292 2039 536 1068 1664 1805 1431 2060 1247 692 2000 1919 961 2298 938 251 2368 672
2333 1683 1921 1466 2345 2226 1145 1978 1807 2498 2232 1959 2372 2486 687 1851 1698 1873 0 2228 2257 1422 1337 2643 2064 1202 2231 2245 2368 2245 1985 1729 1189 2039 2133 2363 2305 1562 1289 1527 2508 2173 1560 2130 2821 480 2407 1762 2698 1412 893 2649 718 2702 2011 1528 2108 2378 1671 944 234 1259 1340 2151 2673 2245 1566 2049 3443 1903 1829 2296 1308 416 1879 2347 1868 734 2158 2592 1688 997 1687 2122 2207 1714 2135 2495 2644 1413 1495 1792 1713 2220 2914 1972 1953 2743 2263 2055 1596 2144 2241 1549 2366 1865 1035 1258 392 2551 2077 2979 2036 1483 2555 1432 2227 2504 2600 2753 2312 1654 1366 2343 2420 2781 2037 1079 1547 1863 1582 518 2087 839 2172 1991 2599 1463 2549 2604 1667 2494 2379 802 1617 877 2382 2535 2029 1490 1963 2128 2030 1163 1687 2545 2060 1704 2672 2005 2057 3133 1524 2221 2231 2463 1440 2026 1107 2000 1452 2692 1780 1940 1741 1829 1900 1631 1839 2159 2485 2071 2189 2562 1949 1466 2187 2194 1821 2450 2144 1711 2390 2816 1436 3195 1156 1988 2757 1842
301 1035 1538 1020 1179 1684 1231 1437 1438 989 1811 876 1951 977 1712 1137 960 1331 2228 0 1450 996 1120 1641 599 1255 856 1703 464 207 1010 734 1258 1497 445 1026 1303 1189 1425 989 891 273 1031 1710 1850 1898 869 863 769 905 1418 2228 1700 1189 780 860 534 1041 1023 1341 2179 1163 1101 1229 1434 1703 1039 1599 2583 1484 1708 1875 1134 2043 667 1926 1450 1827 1379 1591 800 1426 1037 1150 29 633 1714 291 490 1265 954 1493 861 844 2029 1430 1370 1123 1721 1089 995 326 1820 1012 1560 997 1221 1179 2221 1549 1629 776 1494 798 1748 1019 851 905 1007 1986 1027 852 1599 1527 1999 762 1221 1166 879 1446 1600 1995 1545 1584 859 848 1539 907 1031 2183 920 898 1139 1746 1058 1588 220 1855 1487 1413 1422 1707 1488 1098 1698 928 931 785 1026 1199 845 929 1020 382 439 1067 938 1606 1133 1184 1071 1497 797 1819 686 1408 1479 1157 618 1532 1679 1096 397 1560 1240 1045 1185 1774 1403 1644 215 1043 1969 612 953 991 1194 1442 1957 1063
1701 1656 949 843 950 2219 1145 1972 848 1332 1221 1599 1305 1321 2089 1770 992 1867 2257 1450 0 1531 1064 1247 1704 1791 986 2239 1864 1553 566 1331 1793 2033 1773 1021 887 732 1960 1346 1343 1673 849 1120 822 1947 2047 1056 1533 1395 1710 1639 2120 1470 909 1007 1749 1035 1643 1876 2255 1015 1008 458 1275 2238 855 2135 1438 895 2243 1285 1078 1923 1296 991 917 1676 2151 1197 1171 1367 961 2103 1429 1231 1125 1717 1915 1800 1502 964 1228 1149 909 1966 1947 1578 2256 708 885 1366 1231 1528 277 1143 1756 1050 2401 759 2165 1848 2030 1333 550 1311 923 1339 1435 704 2161 1047 2134 118 1410 1616 360 1701 1428 912 2135 1878 2080 2120 1813 938 1202 1468 1384 1593 1422 1328 983 1595 1605 2123 1646 516 2023 1948 1957 1118 2024 1634 2233 1380 1700 1183 1506 490 662 2175 877 1437 1453 1298 935 1016 1589 324 848 1294 1421 2354 1284 819 879 1693 1223 2153 397 555 1411 1166 1873 1133 791 1184 903 361 1503 1675 1379 1858 931 2064 1639 1982 675 1697
1100 372 1234 704 1323 993 909 746 1133 1310 1506 726 1646 1298 906 540 843 640 1422 996 1531 0 799 1784 831 450 999 1012 1135 1012 1153 496 452 806 900 1169 1446 881 619 493 1321 941 778 1405 1993 1126 1164 898 1511 387 811 1924 894 1514 923 580 876 1184 360 535 1374 840 778 1372 1679 1012 793 908 2714 1179 1017 1570 818 1271 765 1622 1142 1373 925 1734 550 820 901 889 974 482 1409 1262 1411 574 262 1165 499 988 2172 739 720 1556 1030 1232 781 911 1516 317 1640 1010 415 856 1416 1692 938 1747 803 291 1829 497 994 1317 1412 2028 1079 619 793 1618 1695 1594 1312 360 344 1138 882 1257 854 779 930 991 1693 230 1362 1878 448 1306 1282 1423 311 782 1149 1810 796 695 731 1402 797 293 986 1357 827 489 1484 1280 988 1900 714 988 998 1275 632 1301 530 1275 743 1732 548 1128 508 1104 1175 375 725 927 1760 1239 956 1703 639 732 1328 1469 1095 1724 911 400 1664 1584 625 1962 480 755 2032 531
1274 945 729 267 1153 1488 192 1241 615 1290 1040 900 1179 1278 1137 1071 501 1135 1337 1120 1064 799 0 1451 1005 1040 1030 1507 1309 1186 793 670 1042 1301 1074 1156 1113 370 1209 606 1301 1114 363 938 1629 995 1348 565 1491 514 698 1457 1168 1494 804 286 1049 1170 933 1130 1303 172 137 959 1481 1507 369 1403 2250 710 1512 1104 66 1097 623 1155 676 851 1420 1400 432 414 491 1384 1098 643 943 1387 1582 1069 747 600 495 1099 1722 1234 1215 1536 1525 859 399 1036 1049 786 1174 668 1014 181 1448 1359 1433 1806 1298 578 1363 356 1031 1297 1392 1561 1462 406 1392 1151 1228 1573 845 959 648 671 1404 1016 1349 1283 1113 794 1407 688 1342 1412 690 1286 1187 769 874 1320 1315 1343 1291 1217 1226 936 1292 874 1502 1337 1001 439 1464 813 865 2025 327 1112 1123 1255 200 834 577 808 260 1500 721 1623 633 637 708 961 583 1422 1293 879 1081 1370 1174 184 994 1002 629 1258 1085 966 1197 1708 196 2021 628 1250 1565 997
1892 1859 1335 1229 536 2473 1531 2225 1235 1282 1608 1790 1747 1255 2475 1961 1270 2120 2643 1641 1247 1784 1451 0 1895 2044 1078 2492 2055 1744 804 1522 2046 2286 1964 941 422 1118 2213 1732 1275 1864 1235 1506 515 2333 2238 1299 1301 1693 2096 2025 2489 739 1100 1393 1940 758 1847 2129 2641 1402 1394 973 516 2492 1242 2388 1440 1281 2496 1672 1464 2309 1487 1723 1333 2062 2404 50 1557 1753 1191 2294 1620 1422 1511 1788 2106 2054 1743 1350 1614 1314 886 2219 2200 1346 2510 949 1271 1546 1617 1801 1357 1341 2009 1436 2787 628 2418 1616 2283 1587 1014 1697 1015 1159 1203 1783 2352 1414 2388 1296 1796 1384 1018 1954 1667 1328 2389 2264 2334 2373 2004 1129 624 1696 1104 1980 1708 1184 678 1981 1877 2377 1836 1651 2276 2202 2210 1504 2277 1887 2486 1303 1891 1567 1274 996 852 1943 1263 1563 1644 1271 1321 1402 1922 981 1234 457 1612 2607 1475 1205 1276 1946 1414 2406 1418 875 1602 251 2064 1519 601 1570 1298 1440 1694 1867 1766 1627 1317 1832 1983 2235 1754 1887
495 660 1436 906 1433 1266 1111 1267 1335 1421 1708 412 1848 1409 1548 762 1045 1165 2064 599 1704 831 1005 1895 0 1091 1110 1285 509 531 1264 497 1093 1225 295 1280 1557 1082 1260 825 1420 335 980 1607 2104 1734 389 1100 1289 740 1254 2125 1536 1625 1034 782 173 1295 648 1176 2015 1042 980 1483 1790 1285 995 1384 2837 1381 1543 1772 1023 1879 848 1824 1344 1707 898 1845 752 1262 1103 670 570 587 1611 812 794 1101 776 1367 701 1098 2283 999 889 1644 1263 1343 983 874 1717 725 1814 1211 1056 1058 2057 1803 1414 1296 1079 634 2002 854 1105 1428 1512 2228 546 821 1435 1781 1896 1283 1475 1001 705 1339 1436 1830 1318 1420 378 1102 1803 743 1473 2080 649 1417 1393 1625 684 1424 544 2012 1069 1249 965 1604 1032 934 1533 1456 430 691 1547 1453 1099 1450 916 930 987 1386 834 1503 969 1438 945 1843 427 1654 509 1305 1377 950 868 1052 1933 1350 945 1814 830 934 1439 1671 1297 1898 430 668 1866 1133 827 1512 1030 964 2211 688
1360 710 1494 964 1582 1119 977 872 1393 1570 1766 986 1906 1558 686 878 1103 766 1202 1255 1791 450 1040 2044 1091 0 1259 1138 1395 1272 1413 756 45 932 1160 1429 1706 1140 226 753 1581 1200 1037 1665 2253 906 1417 1158 1771 647 746 2183 674 1774 1183 840 1136 1444 698 305 1154 1082 1038 1632 1939 1138 1053 908 2974 1439 688 1830 1007 1051 1025 1881 1402 1200 1051 1994 809 755 1161 1015 1234 742 1669 1522 1671 265 522 1425 759 1247 2432 865 846 1816 1156 1492 1041 1171 1775 577 1900 1269 195 1091 1196 1952 936 2006 929 551 2089 757 1254 1577 1672 2288 1205 879 544 1877 1954 1853 1571 126 604 1397 505 1037 980 558 1200 1251 1952 490 1622 2138 708 1566 1542 1304 644 562 1409 2069 922 342 857 1662 923 181 610 1617 1087 749 1744 1540 1248 2160 974 1248 1258 1535 891 1561 473 1535 1003 1992 807 799 768 1363 1434 563 985 1053 2020 1499 1216 1963 891 992 1588 1729 1355 1984 1171 738 1924 1843 885 2222 415 881 2292 869
1107 1075 1074 796 542 1688 1118 1441 974 471 1347 1005 1487 439 1716 1176 679 1335 2231 856 986 999 1030 1078 1110 1259 0 1707 1270 959 546 738 1262 1501 1179 292 740 857 1429 993 606 1079 750 1245 1371 1902 1453 520 796 909 1422 1764 1704 773 279 810 1155 403 1062 1345 2183 997 981 765 800 1707 759 1603 2119 1020 1712 1411 1044 1904 703 1462 1072 1658 1620 1028 812 1340 734 1509 835 637 1250 1123 1321 1269 958 1090 865 312 1565 1434 1415 841 1725 625 714 751 1356 1016 1096 543 1225 1031 2225 1085 1633 1111 1498 802 1284 1023 63 602 697 1522 1567 688 1603 1063 1535 879 757 1170 883 1067 1604 1859 1549 1588 1219 331 813 911 647 1719 924 591 436 1576 1092 1592 1052 1390 1491 1417 1426 1243 1492 1102 1702 643 1106 796 769 735 381 1438 764 716 829 396 861 1141 1137 720 822 853 827 1823 690 944 1015 1161 629 1622 1215 632 787 997 1279 1001 645 1309 1037 1179 909 1083 1505 1121 850 1327 1198 1450 1493 1103
1623 1056 1941 1412 2030 86 1616 591 1841 2018 2214 1120 2354 2006 1729 1024 1550 603 2245 1703 2239 1012 1507 2492 1285 1138 1707 0 1611 1720 1861 1204 1105 473 1418 1877 2154 1588 1117 1201 2028 1503 1485 2113 2701 1948 1017 1606 2219 1095 1604 2631 1717 2222 1631 1288 1245 1891 1074 1357 2196 1548 1486 2080 2386 32 1501 529 3422 1887 822 2278 1525 2093 1472 2329 1850 2164 651 2442 1257 1612 1608 616 1682 1189 2117 1970 1896 884 979 1873 1207 1695 2880 470 447 2263 299 1940 1489 1619 2223 1034 2348 1717 1237 1564 2238 2400 567 2454 454 998 2537 1204 1702 2024 2120 2736 806 1326 1420 2325 2402 2301 2019 1182 1056 1845 1105 2080 479 1601 913 1699 2400 947 2069 2586 1160 2014 1990 2131 1101 1605 1711 2517 347 1032 461 2110 528 1115 1067 2065 1019 1197 2192 1987 1696 2608 1422 1696 1706 1983 1339 2009 1319 1982 1450 2440 1255 822 1216 1811 1882 865 1433 478 2468 1947 1664 2411 929 1440 2036 2177 1803 2432 1619 1085 2372 2291 1333 2670 1310 486 2739 1065
219 972 1740 1210 1593 1592 1415 1572 1639 1403 2012 807 2152 1391 1852 1074 1349 1470 2368 464 1864 1135 1309 2055 509 1395 1270 1611 0 524 1424 801 1398 1551 277 1440 1717 1387 1565 1129 1305 283 1284 1911 2264 2038 715 1276 1124 1045 1558 2430 1840 1602 1194 1086 380 1454 960 1481 2319 1347 1284 1643 1847 1611 1299 1708 2997 1685 1848 2076 1327 2183 1080 2128 1649 2011 1224 2005 1056 1566 1407 996 435 881 1915 647 405 1405 1080 1671 1006 1258 2443 1325 1215 1479 1589 1503 1287 740 2022 1037 1974 1410 1361 1362 2361 1963 1738 1131 1405 938 2162 1159 1265 1319 1362 2400 872 1125 1739 1941 2201 1118 1635 1306 1010 1644 1740 2134 1644 1724 704 1262 1953 1047 1441 2384 953 1311 1553 1929 996 1728 361 2268 1395 1553 1291 1908 1358 1238 1838 1342 811 995 1382 1613 1259 1285 1221 795 853 1480 1138 1807 1273 1598 1249 1911 739 1959 813 1610 1681 1262 1032 1378 2093 1510 810 1974 1173 1238 1599 1975 1601 2057 449 980 2170 968 1131 1347 1334 1290 2371 1000
361 1009 1617 1087 1282 1700 1292 1453 1516 1146 1889 809 2029 1134 1728 1110 1073 1348 2245 207 1553 1012 1186 1744 531 1272 959 1720 524 0 1113 682 1274 1514 485 1129 1406 1263 1441 1006 1048 319 1143 1788 1953 1914 901 976 976 921 1434 2306 1717 1346 883 962 566 1144 996 1357 2196 1223 1161 1332 1579 1719 1152 1616 2686 1562 1724 1953 1204 2059 716 2004 1525 1887 1395 1694 903 1442 1150 1167 179 639 1792 499 593 1281 970 1548 868 948 2132 1447 1386 1331 1737 1192 1108 483 1898 986 1663 1110 1237 1239 2238 1652 1646 983 1511 815 1851 1035 954 1062 1210 2089 1059 959 1616 1630 2077 969 1324 1182 895 1520 1616 2011 1562 1601 875 951 1653 924 1188 2261 881 1055 1242 1806 1033 1605 324 1958 1504 1430 1438 1785 1505 1115 1714 1085 827 824 1233 1302 948 1136 1097 539 596 1220 1013 1684 1150 1287 1126 1637 761 1835 656 1486 1557 1174 721 1549 1782 1199 554 1663 1211 1115 1288 1852 1478 1747 111 1017 2047 820 1008 1198 1211 1456 2061 1037
1261 1228 678 572 507 1841 873 1594 577 892 950 1158 1090 880 1817 1330 520 1489 1985 1010 566 1153 793 804 1264 1413 546 1861 1424 1113 0 891 1415 1654 1332 522 466 460 1582 1075 903 1233 574 849 1013 1676 1607 549 1093 1062 1438 1367 1828 1028 469 736 1308 537 1216 1498 1984 744 736 269 834 1860 546 1757 1741 623 1865 1014 806 1651 856 1065 676 1405 1773 754 886 1095 441 1663 988 791 853 1277 1475 1422 1111 693 956 709 1187 1588 1569 1138 1878 187 583 926 959 1169 675 607 1378 778 2129 712 1787 1408 1651 955 864 1039 483 899 994 1102 1721 751 1756 623 1138 1175 317 1323 1036 671 1757 1606 1702 1742 1372 485 761 1064 944 1322 1077 888 540 1323 1246 1745 1205 951 1645 1570 1579 846 1646 1256 1855 939 1260 908 1066 295 165 1735 605 997 1013 857 663 745 1283 280 576 853 980 1976 844 547 618 1315 783 1775 795 136 970 723 1433 861 348 913 640 759 1062 1236 1108 1418 659 1623 1340 1603 1073 1256
766 452 1100 571 1061 1185 775 938 1000 1048 1373 392 1513 1036 1213 563 699 832 1729 734 1331 496 670 1522 497 756 738 1204 801 682 891 0 759 998 566 907 1184 747 926 418 1059 606 644 1271 1731 1399 840 754 1249 406 919 1790 1201 1252 661 436 542 922 440 842 1680 707 645 1110 1417 1204 660 1100 2464 1046 1209 1437 683 1544 497 1488 1009 1371 1117 1472 372 927 766 896 712 209 1276 1000 1077 766 431 1032 299 726 1910 931 912 1294 1222 970 637 649 1382 372 1441 866 722 723 1722 1430 1130 1485 995 294 1630 519 733 1055 1150 1867 954 475 1100 1408 1561 1332 1102 667 320 1004 1101 1495 1046 1085 606 730 1431 388 1100 1745 233 1044 1020 1289 456 1089 815 1676 988 914 923 1269 989 599 1199 1095 493 283 1222 1080 726 1638 581 726 736 1013 498 1167 634 1065 609 1470 199 1320 50 970 1041 658 462 1119 1560 977 694 1441 666 594 1066 1335 962 1525 581 460 1531 1322 492 1700 695 947 1839 490
1362 712 1496 966 1585 1086 979 839 1395 1572 1768 988 1908 1560 673 877 1105 733 1189 1258 1793 452 1042 2046 1093 45 1262 1105 1398 1274 1415 759 0 899 1162 1431 1708 1143 193 756 1583 1203 1040 1667 2255 893 1384 1160 1773 649 748 2186 661 1776 1185 842 1138 1446 700 292 1141 1084 1040 1634 1941 1105 1055 875 2976 1441 655 1832 1009 1038 1027 1884 1405 1187 1018 1996 812 758 1163 982 1236 744 1671 1525 1674 232 524 1428 762 1250 2434 832 813 1818 1123 1495 1043 1174 1778 579 1903 1272 182 1094 1182 1954 903 2009 896 553 2091 759 1257 1579 1674 2290 1172 881 511 1880 1957 1856 1574 112 606 1400 472 1024 947 545 1202 1254 1955 492 1624 2140 710 1568 1544 1291 646 549 1411 2072 889 309 824 1664 890 184 577 1620 1089 751 1746 1542 1250 2162 977 1250 1261 1537 894 1563 475 1537 1005 1994 810 766 770 1366 1437 530 987 1020 2022 1501 1218 1965 858 994 1590 1731 1357 1986 1173 741 1926 1846 887 2224 417 848 2294 868
1563 828 1735 1206 1824 454 1410 177 1635 1812 2008 1001 2147 1800 1523 796 1344 229 2039 1497 2033 806 1301 2286 1225 932 1501 473 1551 1514 1654 998 899 0 1358 1671 1948 1382 911 995 1822 1426 1279 1906 2495 1742 957 1400 2012 889 1398 2425 1511 2016 1425 1082 1185 1685 846 1151 1990 1342 1280 1873 2180 473 1295 238 3215 1681 537 2072 1319 1887 1266 2123 1644 1958 591 2235 1051 1406 1402 556 1476 983 1911 1764 1837 678 773 1667 1001 1489 2674 266 387 2057 419 1734 1283 1413 2017 828 2142 1511 1031 1358 2032 2194 268 2248 195 792 2331 998 1496 1818 1914 2529 746 1120 1214 2119 2196 2095 1813 976 850 1639 820 1874 135 1395 853 1493 2194 741 1863 2380 954 1808 1784 1924 890 1399 1634 2311 304 817 331 1904 396 909 782 1859 960 991 1986 1781 1490 2402 1216 1489 1500 1777 1133 1802 1113 1776 1244 2234 1049 536 1009 1605 1676 659 1227 435 2261 1741 1458 2205 702 1233 1830 1970 1596 2226 1413 858 2166 2085 1127 2464 1104 355 2533 838
289 737 1504 975 1502 1399 1179 1341 1404 1384 1777 572 1917 1372 1616 838 1113 1236 2133 445 1773 900 1074 1964 295 1160 1179 1418 277 485 1332 566 1162 1358 0 1349 1626 1151 1329 894 1286 182 1048 1676 2173 1802 522 1169 1136 809 1322 2194 1604 1584 1103 851 187 1363 724 1245 2084 1111 1049 1552 1802 1418 1064 1494 2906 1450 1612 1841 1092 1947 966 1892 1413 1775 1031 1913 820 1330 1171 802 417 656 1680 659 562 1169 844 1436 770 1167 2352 1132 1022 1491 1396 1412 1052 721 1786 802 1882 1280 1125 1127 2126 1872 1524 1143 1212 702 2071 923 1174 1300 1374 2297 679 889 1503 1850 1965 1129 1544 1070 774 1408 1504 1899 1435 1489 511 1171 1872 811 1426 2149 717 1293 1462 1693 761 1492 391 2080 1202 1317 1098 1673 1164 1003 1602 1323 618 760 1393 1521 1168 1296 985 777 834 1455 902 1571 1038 1507 1013 1860 504 1723 577 1374 1445 1027 937 1185 2002 1419 792 1883 941 1003 1508 1740 1366 1966 404 745 1935 980 896 1358 1099 1097 2280 765
1277 1244 1109 921 404 1858 1243 1610 1008 683 1381 1175 1521 651 1886 1346 840 1505 2363 1026 1021 1169 1156 941 1280 1429 292 1877 1440 1129 522 907 1431 1671 1349 0 603 891 1598 1163 818 1249 880 1280 1251 2046 1623 695 1008 1079 1592 1799 1874 913 468 935 1325 265 1232 1514 2345 1122 1106 777 858 1877 900 1773 2038 1054 1881 1445 1169 2029 872 1497 1107 1783 1790 890 967 1465 837 1679 1005 807 1284 1293 1491 1439 1128 1124 1035 530 1484 1604 1585 1053 1895 641 874 942 1391 1186 1130 709 1395 1156 2395 1004 1803 1323 1668 972 1319 1192 232 814 909 1557 1737 813 1773 1097 1570 1090 791 1340 1052 1102 1774 1984 1719 1758 1389 497 871 1081 859 1753 1093 803 324 1701 1262 1762 1222 1425 1661 1587 1596 1278 1662 1272 1871 854 1276 966 981 769 400 1650 890 928 1029 608 987 1176 1307 755 947 910 997 1992 860 979 1050 1331 799 1791 1250 644 987 860 1449 1126 507 1344 1072 1214 1079 1253 1539 1333 976 1538 1368 1620 1528 1273
1554 1521 997 891 199 2135 1193 1887 897 1142 1270 1452 1410 1115 2137 1623 932 1782 2305 1303 887 1446 1113 422 1557 1706 740 2154 1717 1406 466 1184 1708 1948 1626 603 0 780 1875 1395 1186 1526 897 1168 717 1996 1900 961 1220 1355 1758 1687 2151 658 762 1055 1602 420 1509 1791 2303 1064 1056 605 444 2154 904 2050 1575 943 2158 1334 1126 1971 1149 1385 995 1724 2067 372 1219 1415 853 1956 1282 1084 1173 1570 1768 1716 1405 1013 1276 976 1021 1881 1862 1265 2172 611 933 1219 1279 1463 1019 1003 1671 1098 2449 515 2080 1535 1945 1249 887 1359 677 1078 1122 1445 2014 1076 2050 929 1458 1303 680 1616 1329 990 2051 1926 1996 2035 1666 791 370 1358 1023 1642 1370 1103 340 1643 1539 2039 1498 1313 1938 1864 1872 1166 1939 1549 2148 1222 1553 1229 1194 658 514 1862 925 1290 1306 1073 983 1064 1584 643 896 463 1274 2269 1137 867 938 1608 1076 2068 1128 537 1264 341 1726 1181 263 1232 960 1102 1356 1530 1428 1546 979 1751 1645 1897 1416 1550
