NAME: zurich_200_28
COMMENT: TSP instance with 200 nodes. City: Zurich, Switzerland, Seed: 70
TYPE: TSP
DIMENSION: 200
EDGE_WEIGHT_TYPE: EXPLICIT
EDGE_WEIGHT_FORMAT: FULL_MATRIX
NODE_COORD_SECTION:
1 47.3722717 8.5117835
2 47.5487953 8.7164985
3 47.3098634 8.7244047
4 47.2747726 8.6345922
5 47.454223 8.2857637
6 47.264627 8.6798885
7 47.4050935 8.5652359
8 47.2005769 8.5142202
9 47.4480415 8.581878
10 47.3017846 8.3088377
11 47.3500047 8.5278745
12 47.3986007 8.776337
13 47.4929814 8.7323178
14 47.4141214 8.6217662
15 47.3960035 8.5268138
16 47.4267572 8.4705312
17 47.514766 8.3689082
18 47.4218308 8.2779346
19 47.5433446 8.3789044
20 47.5080071 8.5471098
21 47.5197598 8.5165594
22 47.3860675 8.5353075
23 47.3433613 8.7307099
24 47.2314628 8.6342462
25 47.3524107 8.3549605
26 47.3820007 8.595593
27 47.4007076 8.5486492
28 47.4280249 8.5751667
29 47.3727118 8.5382919
30 47.5360811 8.7298172
31 47.2875381 8.3631109
32 47.3241875 8.5250337
33 47.3553463 8.6004816
34 47.3494262 8.2845221
35 47.202203 8.685262
36 47.4227311 8.6838768
37 47.295719 8.5544958
38 47.2780049 8.3450735
39 47.3633738 8.5334452
40 47.2641626 8.4161562
41 47.2951782 8.6872167
42 47.3886115 8.3478594
43 47.5238486 8.5543284
44 47.5029205 8.793644
45 47.2262121 8.6741846
46 47.4004065 8.5898336
47 47.3629611 8.3533301
48 47.2607251 8.4242026
49 47.4364405 8.2923551
50 47.2093325 8.6138026
51 47.5047915 8.7821014
52 47.2455398 8.6223802
53 47.4448275 8.4091048
54 47.2680532 8.4851113
55 47.3803201 8.496483
56 47.4428824 8.4121553
57 47.2386755 8.2760773
58 47.4656314 8.4983814
59 47.4193137 8.591197
60 47.2162755 8.5738842
61 47.4050814 8.7201053
62 47.2818616 8.3754105
63 47.3084216 8.5546404
64 47.4159083 8.5381392
65 47.4086761 8.7361602
66 47.245101 8.46099
67 47.5119403 8.5617192
68 47.4614006 8.4242445
69 47.2053952 8.6223573
70 47.450301 8.5267676
71 47.4241648 8.506499
72 47.3405767 8.528194
73 47.4102126 8.3195064
74 47.4732143 8.7989681
75 47.4540106 8.5357226
76 47.3605213 8.5228065
77 47.4286496 8.6759139
78 47.4058248 8.5519533
79 47.2675769 8.6630633
80 47.3142667 8.5287239
81 47.3928838 8.383695
82 47.3764465 8.5236573
83 47.3797449 8.5269246
84 47.484063 8.6956414
85 47.4027775 8.2799006
86 47.2882476 8.7322899
87 47.4903641 8.7403298
88 47.2889523 8.712566
89 47.2291814 8.6710088
90 47.3582776 8.5269953
91 47.4256462 8.3123849
92 47.5252209 8.6676755
93 47.4947243 8.4960624
94 47.4971914 8.4975376
95 47.3871591 8.2906752
96 47.4356529 8.3595115
97 47.2761181 8.6411969
98 47.3877298 8.4823823
99 47.2581851 8.5871135
100 47.4809515 8.4545037
101 47.4211049 8.4987503
102 47.3426225 8.5811536
103 47.3864502 8.4965177
104 47.3831211 8.6767082
105 47.2735458 8.6306029
106 47.3356432 8.578882
107 47.4300562 8.64189
108 47.4596944 8.3865739
109 47.482979 8.4629464
110 47.3168938 8.579764
111 47.2383346 8.2862501
112 47.3854809 8.3486324
113 47.539791 8.7908388
114 47.3005689 8.4504007
115 47.2724972 8.6673314
116 47.355935 8.6235862
117 47.3938609 8.4151186
118 47.2922768 8.529127
119 47.4235017 8.5592388
120 47.3931385 8.689382
121 47.5032474 8.3487009
122 47.347077 8.6971982
123 47.3499775 8.5278801
124 47.3170404 8.5297647
125 47.2865436 8.440778
126 47.3756824 8.5240307
127 47.3122377 8.4026724
128 47.2540913 8.6062161
129 47.3108183 8.7230748
130 47.4083721 8.3266321
131 47.3588407 8.7086794
132 47.4347227 8.7624216
133 47.2417158 8.4688414
134 47.3658147 8.3130251
135 47.5105338 8.4757344
136 47.4971785 8.5452734
137 47.44655 8.7922249
138 47.2939263 8.7039983
139 47.2651034 8.728333
140 47.203909 8.7116143
141 47.4691847 8.3159398
142 47.3874115 8.4972805
143 47.5061595 8.7048326
144 47.3962904 8.62949
145 47.3971238 8.7728102
146 47.4257888 8.6184141
147 47.533999 8.5837517
148 47.3951264 8.5244844
149 47.197421 8.7187979
150 47.5444098 8.70995
151 47.3716796 8.3106115
152 47.3373253 8.7067052
153 47.4506893 8.3726781
154 47.4211792 8.4317576
155 47.3913471 8.536207
156 47.1993802 8.7252442
157 47.2927394 8.4455042
158 47.4140192 8.7141479
159 47.4519623 8.5960813
160 47.2905611 8.5598315
161 47.3781418 8.5175624
162 47.3553094 8.360651
163 47.4021609 8.6084732
164 47.363823 8.5491545
165 47.375741 8.5368555
166 47.2977975 8.5564303
167 47.4565492 8.3257883
168 47.314189 8.60078
169 47.4125657 8.6021288
170 47.4477203 8.3297305
171 47.3334472 8.4782645
172 47.3767575 8.4317211
173 47.289104 8.6072852
174 47.5508995 8.555147
175 47.5075324 8.689442
176 47.3401872 8.5728073
177 47.3645212 8.5563463
178 47.5455327 8.6921009
179 47.2435457 8.7858064
180 47.3633696 8.4311406
181 47.4313303 8.5584795
182 47.4319962 8.3537652
183 47.3768427 8.2978877
184 47.3153488 8.7957681
185 47.2004906 8.5726703
186 47.5476636 8.7084343
187 47.3085676 8.7836134
188 47.3576501 8.5090843
189 47.2955445 8.5586258
190 47.3796937 8.5247244
191 47.2022885 8.6853575
192 47.3336062 8.7122254
193 47.3834177 8.5332542
194 47.459861 8.3901844
195 47.3247766 8.653225
196 47.4315642 8.7624348
197 47.4133136 8.4535651
198 47.3794448 8.2926608
199 47.1964105 8.7629785
200 47.5152872 8.5400737
EDGE_WEIGHT_SECTION:
0 1491 1308 1203 1142 1472 485 1375 734 1512 336 1484 1300 763 315 640 1536 1498 1744 1010 1100 289 1198 786 938 623 390 685 222 1447 1214 409 715 1242 942 1064 550 1266 192 974 1191 1208 1192 1651 1067 662 947 927 1261 963 1572 891 983 1082 172 1016 1885 977 745 1110 1172 1072 561 469 1180 1001 1161 1055 982 869 653 432 1332 1673 804 174 1026 448 1425 460 969 141 187 1269 1471 1207 1332 1197 1022 240 1329 1349 1174 1171 1325 982 1285 282 928 1042 609 593 209 1003 1165 591 831 1001 1066 704 1823 1138 1520 786 1347 844 647 733 607 998 1418 1199 336 435 877 124 925 835 1341 1255 1074 1384 1024 1122 1284 971 1659 1226 1433 1115 1067 217 1308 815 1451 790 1372 267 1236 1409 1147 1262 961 813 308 1219 819 1152 826 584 122 979 699 304 207 550 1031 862 738 996 666 762 1001 1545 1294 520 362 1452 1715 502 673 932 1233 1433 1266 1437 1515 173 579 174 942 1274 260 1022 926 1350 636 1279 1495 1068
1491 0 1612 2124 2052 2151 1126 2671 1196 2675 1647 1236 532 896 1269 1393 2085 2431 2312 1177 1274 1219 1335 2082 2101 1159 1128 1160 1387 231 2439 1705 1503 2405 2238 816 1846 2538 1450 2270 1795 2206 1093 718 2363 1107 2033 2223 2171 2259 700 2187 1700 2378 1505 1734 3178 1461 1101 2406 912 2368 1857 1258 920 2297 1010 1664 2278 1345 1359 1713 2314 998 1268 1499 873 1107 2127 1756 1885 1384 1337 679 2567 1750 585 1766 2318 1546 2239 380 1421 1392 2489 1892 2089 1578 2224 1643 1328 1704 1482 1136 2155 1731 962 1761 1572 1843 3116 2137 501 2082 2005 1460 1551 2029 1208 1050 2184 1336 1647 1731 2173 1384 2157 2131 1610 2166 1212 1106 2320 2285 1463 1164 1099 1802 1976 2411 1977 1473 502 1090 1203 923 791 1280 2532 83 2311 1399 1871 1599 1225 2515 2115 892 1166 1880 1405 2016 1005 1443 1336 1846 1941 2000 1010 1906 1962 1768 2140 986 450 1660 1437 172 2155 1708 1188 1842 2396 1570 2562 54 1679 1599 1875 1344 2238 1411 1274 1740 1735 1090 1523 2442 2791 1129
1308 1612 0 688 2036 627 1109 2435 1179 2572 1321 926 1420 871 1252 1377 2158 2414 2385 1456 1545 1180 314 1847 1998 1035 1112 1144 1165 1568 2275 1469 812 2302 2002 941 1610 2326 1124 2035 359 2190 1638 1734 2127 991 2007 1988 2155 2023 1693 1952 1684 2143 1399 1717 2945 1445 1076 2171 741 2132 1595 1242 836 2061 1607 1648 2042 1329 1343 1387 2297 1366 1252 1228 1034 1090 617 1520 1868 1229 1236 1390 2531 206 1453 179 2083 1235 2223 1470 1621 1617 2386 1876 653 1479 1989 1635 1312 781 1406 669 719 812 938 1745 1659 866 2884 2120 1641 1846 536 653 1534 1793 1191 740 2257 369 1322 1495 1937 1228 1986 1895 33 2149 449 1057 2084 2182 1730 1417 1314 215 428 2176 1960 1407 1429 885 893 897 1818 1264 2297 1530 2208 250 1855 1583 1208 2280 1879 874 1240 1644 1273 2000 961 1026 1150 1610 1925 691 989 1890 1726 1752 829 1991 1415 836 986 1573 708 1692 1172 1826 2293 396 2326 1558 354 1355 1640 1243 2002 217 1219 1724 399 1027 1507 2339 2555 1513
1203 2124 688 0 2173 365 1337 2330 1585 2467 1216 1432 1933 1381 1304 1687 2520 2497 2747 1861 1951 1145 848 1741 1893 1253 1248 1540 1060 2080 2169 1364 903 2197 1897 1454 1505 2221 1018 1929 454 2163 2043 2240 2022 1311 1902 1883 2292 1918 2205 1846 1994 2037 1294 2027 2840 1851 1506 2066 1254 2027 1490 1398 1348 1956 2012 2010 1937 1735 1583 1282 2287 1872 1657 1122 1547 1316 318 1415 2015 1124 1155 1902 2426 587 1966 566 1977 1130 2360 1983 2026 2023 2281 2013 135 1374 1884 1996 1538 799 1301 1182 53 709 1451 2032 2021 499 2779 2093 2154 1741 230 837 1678 1688 1484 1253 2449 868 1216 1390 1832 1123 1881 1790 721 2256 948 1563 1979 2077 2135 1822 1820 495 588 2071 2098 1301 1941 1206 1399 1410 2223 1281 2192 2042 2103 749 1993 1888 1186 2174 1774 1387 1677 1539 1168 1935 1281 921 1087 1505 2062 599 1380 2027 1621 1854 266 2396 1928 741 970 2085 904 1612 1562 1963 2188 936 2221 2070 895 1250 1534 1155 1897 717 1183 2054 478 1533 1715 2234 2450 1919
1142 2052 2036 2173 0 2442 1225 1890 1204 1455 1327 2045 1861 1304 1071 983 744 479 952 1480 1459 1114 1759 1687 926 1413 1158 1175 1192 2008 1418 1310 1675 1018 1843 1625 1451 1516 1197 1490 2153 655 1662 2212 1968 1349 895 1443 219 1864 2133 1792 756 1598 1019 778 2169 1166 1344 2012 1733 1503 1462 1156 1741 1517 1631 794 1883 1230 949 1362 443 2234 1153 1208 1587 1196 2395 1361 896 1073 1081 1830 729 2163 1893 2159 1923 1274 310 1910 1269 1298 743 629 2256 946 1830 1056 918 1563 956 1564 2135 1562 1392 543 1082 1674 2107 654 2082 1292 2317 1715 708 1634 1116 1559 625 1760 1328 1336 1383 1081 1252 1736 2034 449 1635 1945 1540 857 1311 1441 2220 2188 2389 2017 300 961 1869 1376 2012 1351 1842 1028 2138 1970 845 1823 603 940 1105 2120 1325 1713 1296 1485 1058 906 1260 1274 1165 1451 406 1832 1273 371 1181 926 1971 2015 1855 1491 1324 2013 2579 866 1086 531 768 1994 2167 1998 2103 1236 1480 1067 1843 1835 1092 564 1888 1911 939 749 2396 1538
1472 2151 627 365 2442 0 1533 2599 1685 2737 1485 1458 1959 1410 1571 1882 2663 2766 2890 1961 2051 1412 874 2011 2162 1355 1514 1637 1329 2106 2439 1633 1040 2466 2166 1480 1774 2490 1288 2199 437 2432 2143 2266 2291 1383 2172 2152 2561 2188 2232 2116 2189 2307 1563 2223 3110 1950 1578 2335 1280 2296 1759 1665 1375 2226 2112 2153 2206 1834 1845 1551 2557 1898 1757 1392 1573 1570 162 1684 2284 1393 1424 1929 2695 449 1992 471 2247 1400 2630 2009 2126 2122 2550 2283 341 1643 2153 2140 1805 1008 1570 1208 372 979 1477 2250 2164 768 3048 2362 2180 2010 146 939 1947 1957 1670 1279 2718 894 1486 1659 2101 1392 2150 2059 659 2525 975 1589 2248 2346 2235 1922 1847 412 364 2340 2367 1571 1967 1278 1425 1436 2323 1548 2461 2068 2372 775 2262 2088 1453 2444 2043 1413 1775 1808 1437 2204 1353 1190 1356 1774 2331 781 1453 2296 1890 2124 535 2496 1954 1011 1213 2111 670 1882 1677 2232 2457 805 2490 2096 763 1519 1804 1424 2166 743 1450 2229 615 1559 1985 2503 2719 2018
485 1126 1109 1337 1225 1533 0 1665 369 1803 642 1119 934 344 263 566 1347 1604 1574 645 735 213 833 1077 1228 405 121 315 382 1081 1505 699 750 1533 1232 699 840 1556 445 1265 1177 1379 827 1286 1358 215 1206 1218 1344 1254 1207 1182 873 1373 499 907 2176 634 303 1401 807 1363 851 243 815 1292 796 837 1273 518 492 708 1487 1308 441 494 661 92 1509 751 1058 378 331 904 1740 1219 967 1209 1313 541 1412 984 810 806 1616 1065 1419 572 1219 824 447 699 477 638 1298 725 465 934 848 838 2114 1310 1155 1076 1387 707 724 1023 251 633 1446 834 642 726 1168 378 1216 1125 1108 1339 709 1019 1315 1413 919 606 1294 1212 1445 1406 1150 468 943 398 1086 420 1007 275 1527 1044 1438 897 1044 772 220 1510 1109 787 461 874 399 1189 307 438 330 841 1114 996 291 1079 956 941 1135 1180 929 654 432 1087 1653 881 340 1015 1523 1068 1557 1072 1177 593 870 339 1232 909 268 913 976 985 696 1570 1786 702
1375 2671 2435 2330 1890 2599 1665 0 1885 1414 1279 2664 2479 1943 1573 1664 2285 1994 2492 2161 2251 1471 2378 817 1380 1754 1586 1854 1363 2626 1047 1168 1847 1684 991 2244 1079 1098 1312 752 2318 1650 2343 2830 1083 1841 1389 705 1971 594 2752 927 1796 632 1470 1818 1608 1847 1924 373 2352 905 1142 1726 2359 446 2312 1935 660 1911 1630 1254 1775 2853 1834 1218 2206 1645 2552 1065 1555 1360 1399 2449 1913 2334 2512 2324 1053 1251 1900 2529 2106 2132 1768 1731 2412 1550 1015 1922 1600 1720 1477 2183 2292 1718 2010 1750 1946 1831 1546 1580 2700 864 2474 1971 1235 921 1783 2177 2166 2379 1279 1090 749 1347 1161 902 2468 1743 2254 2563 418 1564 2184 2122 2839 2353 2560 1165 1815 1486 2487 1994 2631 1970 2523 1525 1286 2588 1590 2442 1710 1669 1508 1269 807 2332 1977 1066 1345 1422 1878 1431 1355 1100 1779 1989 1905 1745 1048 1341 2128 2696 2474 1647 1489 2631 2842 1100 1767 1681 1675 2612 388 2616 2642 1301 1061 1394 991 2449 1460 1771 2053 2530 1496 1721 1545 2219
734 1196 1179 1585 1204 1685 369 1885 0 1827 890 1189 1004 416 512 545 1285 1583 1512 428 518 461 903 1325 1253 557 371 184 630 1151 1591 947 902 1557 1481 633 1089 1690 693 1485 1329 1358 610 1356 1606 491 1185 1438 1323 1502 1277 1430 852 1593 748 886 2342 535 366 1649 877 1582 1100 387 885 1512 571 816 1521 419 511 956 1466 1378 341 742 595 350 1661 999 1037 626 580 905 1719 1318 1037 1333 1561 789 1391 960 621 592 1640 1044 1609 821 1467 803 480 947 725 708 1547 973 377 913 771 1086 2281 1289 1225 1286 1539 859 703 1272 227 702 1384 904 890 974 1377 627 1309 1374 1178 1318 779 1088 1534 1437 702 368 1364 1359 1544 1654 1129 716 1012 520 1156 324 725 523 1775 1114 1463 967 1023 751 468 1758 1319 857 109 1122 647 1168 404 686 579 1089 1093 1244 398 1058 1176 920 1383 898 866 902 680 1066 1723 860 215 994 1548 1138 1805 1141 1247 842 1118 587 1481 979 517 892 1134 1055 675 1594 2034 485
1512 2675 2572 2467 1455 2737 1803 1414 1827 0 1417 2669 2484 1927 1691 1606 2072 1146 2279 2103 2193 1608 2382 1751 748 1892 1724 1798 1501 2631 473 1374 1984 487 1907 2248 1515 331 1450 828 2455 1132 2285 2835 2032 1961 779 835 1263 1799 2756 1856 1738 1123 1501 1760 843 1789 1967 1578 2357 523 1526 1779 2364 1041 2255 1877 1865 1853 1573 1426 1040 2857 1776 1355 2211 1782 2690 1425 1208 1497 1536 2453 967 2471 2517 2462 1987 1388 1166 2534 2049 2074 779 1673 2550 1541 1894 1864 1542 1858 1559 2188 2429 1856 2015 1692 1888 1968 781 1063 2705 992 2612 2109 1177 1650 1739 2182 1953 2383 1417 1400 898 1484 731 1800 2605 1067 2259 2568 1064 650 2126 2064 2844 2490 2697 2081 1627 1568 2492 1999 2635 1974 2466 1643 2202 2593 702 2446 1652 1611 1646 2184 948 2337 1919 1549 1483 860 1883 1568 1493 1515 1695 2127 1896 1660 1238 1284 2266 2638 2478 1785 1627 2636 2979 1042 1709 1599 716 2617 1764 2621 2726 1439 1544 1531 1907 2458 1597 1713 2191 2534 1438 732 2460 2161
336 1647 1321 1216 1327 1485 642 1279 890 1417 0 1640 1456 919 563 899 1722 1456 1929 1166 1256 450 1354 660 842 641 561 847 321 1603 1119 267 733 1146 816 1220 424 1170 200 879 1204 1112 1348 1807 941 818 852 832 1433 837 1728 765 1224 978 446 1251 1790 1156 901 985 1328 976 431 706 1336 906 1317 1313 856 1040 890 146 1237 1829 962 162 1182 621 1438 319 1017 343 381 1425 1375 1220 1488 1210 897 117 1363 1505 1331 1328 1230 1167 1299 541 803 1300 846 606 467 1159 1178 605 987 1187 1324 717 1728 1042 1677 690 1360 857 697 591 790 1154 1603 1355 0 294 781 337 830 709 1354 1205 1231 1540 928 1026 1440 1127 1815 1239 1446 990 1252 476 1464 934 1607 946 1528 515 1111 1565 1052 1377 1147 1072 488 1094 723 1309 982 458 336 884 855 317 334 424 1216 875 894 1181 570 804 1014 1701 1450 534 375 1608 1728 562 867 1117 1137 1569 1140 1593 1528 245 454 377 816 1345 439 1208 940 1506 894 1183 1369 1224
1484 1236 926 1432 2045 1458 1119 2664 1189 2669 1640 0 946 880 1262 1386 2168 2424 2395 1465 1555 1212 649 2076 2094 1152 1121 1154 1380 1192 2433 1698 1236 2398 2231 688 1839 2531 1443 2264 1103 2200 1647 1046 2356 1100 2026 2217 2164 2253 1037 2181 1693 2372 1498 1727 3172 1455 1085 2400 412 2361 1850 1252 317 2291 1617 1657 2271 1339 1353 1706 2307 678 1261 1493 767 1100 1435 1749 1878 1377 1330 1004 2560 1072 946 1077 2312 1540 2233 1095 1631 1627 2482 1886 1397 1571 2218 1644 1322 1341 1475 670 1463 1433 872 1754 1669 1589 3110 2130 1266 2075 1313 1045 1544 2022 1201 618 2266 708 1641 1724 2166 1377 2150 2124 931 2159 581 368 2313 2278 1740 1426 582 1113 1298 2405 1970 1467 1053 877 33 907 1502 1274 2526 1154 2304 751 1865 1593 1218 2509 2108 496 1173 1873 1398 2009 975 1436 1329 1839 1934 1413 999 1899 1955 1762 1551 1697 1040 1395 1430 1197 1376 1702 1182 1835 2389 789 2555 1182 898 1592 1869 1337 2231 719 1267 1733 1122 339 1517 2435 2784 1523
1300 532 1420 1933 1861 1959 934 2479 1004 2484 1456 946 0 705 1077 1202 1983 2239 2210 1275 1360 1027 1144 1891 1909 968 937 969 1196 409 2248 1513 1312 2214 2046 624 1655 2346 1259 2079 1604 2015 1203 435 2172 916 1842 2032 1980 2068 356 1996 1509 2187 1313 1542 2987 1270 910 2215 721 2177 1666 1067 728 2106 1120 1473 2087 1154 1168 1522 2122 529 1077 1308 682 915 1936 1565 1693 1192 1146 466 2376 1559 79 1574 2127 1355 2048 516 1446 1442 2297 1701 1898 1387 2033 1460 1137 1513 1291 944 1964 1539 771 1570 1484 1652 2925 1945 520 1890 1813 1269 1359 1837 1016 858 2082 1145 1456 1540 1982 1193 1966 1939 1419 1974 1020 637 2129 2094 1547 1242 630 1610 1785 2220 1785 1282 255 898 912 732 923 1089 2341 450 2119 1208 1680 1408 1034 2324 1924 701 981 1688 1213 1825 813 1252 1144 1655 1750 1809 818 1715 1770 1577 1949 1118 370 1468 1246 551 1964 1517 997 1651 2204 1379 2371 478 1488 1407 1684 1153 2046 1220 1083 1549 1544 627 1332 2251 2600 1239
763 896 871 1381 1304 1410 344 1943 416 1927 919 880 705 0 541 645 1426 1682 1653 724 813 491 594 1355 1352 377 400 358 659 852 1691 977 676 1657 1510 418 1118 1789 723 1543 1054 1458 906 1056 1636 316 1285 1496 1423 1532 978 1460 952 1651 777 985 2430 713 285 1679 578 1640 1129 502 585 1570 875 916 1550 597 611 985 1565 1078 520 772 381 379 1386 1028 1136 656 609 674 1818 1009 738 1025 1591 819 1491 755 889 885 1740 1144 1348 850 1497 903 580 927 754 400 1395 1000 185 1013 927 1115 2368 1388 926 1350 1264 631 802 1301 422 394 1525 595 920 1003 1441 656 1409 1403 869 1417 471 789 1592 1537 998 685 1065 1061 1235 1684 1228 746 713 248 847 118 1082 553 1805 814 1562 658 1123 851 497 1788 1383 558 468 1152 677 1268 205 715 608 1118 1192 1193 172 1158 1230 1020 1336 1255 700 932 710 857 1415 960 439 1094 1647 829 1834 842 938 871 1148 616 1510 670 546 992 906 756 775 1694 2063 781
315 1269 1252 1304 1071 1571 263 1573 512 1691 563 1262 1077 541 0 459 1350 1450 1577 788 878 179 976 985 1117 548 169 457 342 1224 1413 607 741 1421 1140 842 748 1464 382 1173 1228 1232 970 1429 1266 439 1059 1126 1190 1162 1350 1090 795 1281 324 829 2084 757 522 1309 950 1271 759 241 958 1200 939 839 1181 646 425 631 1333 1451 582 402 804 220 1527 659 913 267 248 1047 1586 1244 1110 1234 1221 465 1259 1127 952 949 1505 912 1387 392 1127 826 381 666 296 781 1266 693 608 877 851 805 2022 1163 1298 984 1426 866 576 931 379 775 1347 977 564 634 1076 275 1124 1033 1251 1185 852 1162 1223 1301 1061 749 1437 1263 1470 1314 996 288 1086 593 1229 568 1150 80 1435 1187 1327 1040 891 715 135 1418 1017 930 604 782 252 1042 477 405 284 749 960 963 515 926 864 794 1103 1323 1072 622 399 1229 1752 734 445 861 1412 1211 1465 1215 1320 446 778 255 1140 1052 190 877 964 1128 530 1458 1694 845
640 1393 1377 1687 983 1882 566 1664 545 1606 899 1386 1202 645 459 0 925 1356 1152 808 803 564 1100 1321 1031 754 508 516 726 1349 1370 943 1098 1336 1476 966 1084 1468 726 1263 1526 1102 1003 1553 1601 690 964 1217 1102 1498 1474 1426 342 1371 516 376 2121 337 685 1645 1074 1361 1095 438 1082 1290 927 415 1516 459 245 967 1219 1575 494 738 928 516 1858 994 701 645 620 1171 1472 1515 1234 1530 1557 803 1157 1251 596 622 1419 708 1769 471 1463 401 159 1049 454 905 1648 1075 733 512 426 1188 2059 1032 1422 1065 1736 1056 481 1267 457 900 1024 1101 900 969 1156 650 1088 1369 1375 1071 976 1286 1313 1216 664 739 1561 1556 1741 1650 883 458 1210 717 1353 692 1183 448 1771 1311 1241 1164 577 319 515 1754 1098 1054 637 1118 615 947 601 788 666 1084 871 1346 614 837 955 699 1485 1356 1196 1004 782 1354 1920 639 427 748 1326 1335 1800 1339 1444 733 1114 626 1476 1176 560 491 1331 1252 374 1373 2029 874
1536 2085 2158 2520 744 2663 1347 2285 1285 2072 1722 2168 1983 1426 1350 925 0 1096 249 1040 909 1404 1881 2082 1543 1536 1341 1294 1571 2097 1991 1704 1880 1635 2238 1747 1846 2090 1591 1885 2307 1272 1129 2334 2363 1472 1512 1838 837 2259 2255 2187 1085 1993 1413 1107 2743 877 1467 2406 1856 1983 1857 1271 1863 1912 1168 889 2278 1101 1064 1757 1060 2356 1098 1603 1710 1328 2640 1756 1291 1468 1476 1952 1346 2296 2016 2312 2318 1668 927 1808 718 747 1360 970 2588 1341 2224 533 1033 1882 1351 1687 2482 1908 1514 872 597 2021 2681 1271 2204 1686 2517 1837 1103 2029 1238 1681 158 1883 1722 1731 1778 1476 1709 2131 2156 1066 1758 2067 1934 1475 710 1047 2343 2337 2522 2411 525 1356 1991 1498 2134 1473 1375 1369 2532 2015 1463 1945 932 1233 1348 2515 1719 1836 1335 1879 1453 1523 1382 1621 1519 1846 747 2179 1395 712 1576 1320 2318 1541 1887 1837 1615 1913 2702 1260 1208 872 1386 2116 2562 2031 2225 1630 1875 1461 2238 1957 1434 893 2112 2033 1236 1366 2791 996
1498 2431 2414 2497 479 2766 1604 1994 1583 1146 1456 2424 2239 1682 1450 1356 1096 0 1304 1859 1838 1493 2138 1791 732 1792 1536 1554 1519 2386 1109 1414 2009 709 1947 2004 1555 1207 1490 1521 2485 560 2041 2591 2072 1728 757 1528 276 1968 2512 1896 1135 1679 1397 1157 1860 1544 1723 2115 2112 1233 1566 1535 2120 1621 2010 1172 1987 1609 1328 1466 347 2613 1531 1395 1966 1575 2720 1465 954 1452 1460 2209 420 2495 2272 2491 2027 1428 306 2289 1647 1676 434 960 2580 1325 1934 1435 1297 1888 1335 1943 2459 1886 1770 922 1461 1998 1798 559 2460 1395 2642 2090 1060 1738 1494 1937 978 2139 1457 1440 1443 1456 1113 1840 2413 353 2014 2323 1644 549 1690 1820 2599 2520 2721 2120 652 1340 2248 1755 2391 1730 2221 1406 2241 2349 536 2202 982 1264 1484 2224 1385 2092 1675 1589 1437 810 1639 1598 1496 1555 785 2156 1652 750 1285 1268 2296 2394 2234 1815 1657 2391 2949 1082 1465 866 460 2373 2271 2376 2482 1479 1584 1445 1947 2214 1471 943 2221 2290 1262 440 2500 1916
1744 2312 2385 2747 952 2890 1574 2492 1512 2279 1929 2395 2210 1653 1577 1152 249 1304 0 1267 1136 1631 2108 2289 1751 1763 1568 1521 1791 2324 2199 1912 2107 1842 2445 1974 2053 2297 1799 2092 2534 1480 1356 2561 2570 1698 1719 2045 1044 2466 2482 2394 1292 2200 1621 1314 2950 1103 1693 2614 2083 2190 2064 1498 2090 2119 1395 1116 2485 1328 1291 1964 1267 2583 1325 1810 1937 1555 2867 1963 1498 1675 1683 2179 1553 2523 2243 2539 2525 1876 1134 2035 945 974 1568 1177 2815 1548 2432 760 1260 2109 1558 1914 2709 2135 1741 1079 824 2248 2888 1478 2431 1894 2744 2064 1310 2236 1465 1908 365 2109 1929 1938 1985 1683 1916 2338 2383 1273 1985 2294 2142 1682 937 1274 2570 2564 2749 2619 733 1563 2218 1725 2361 1700 1601 1596 2740 2242 1670 2172 1139 1460 1575 2722 1927 2063 1562 2087 1660 1730 1609 1848 1746 2053 954 2406 1622 920 1783 1528 2545 1768 2114 2064 1842 2140 2929 1468 1435 1079 1593 2343 2769 2258 2452 1838 2082 1669 2445 2184 1661 1100 2339 2260 1463 1573 2998 1223
1010 1177 1456 1861 1480 1961 645 2161 428 2103 1166 1465 1275 724 788 808 1040 1859 1267 0 273 738 1179 1601 1529 834 647 461 906 1189 1867 1224 1178 1833 1757 1010 1365 1966 969 1761 1605 1634 243 1522 1882 767 1461 1714 1599 1778 1539 1706 1116 1869 1024 1149 2619 477 658 1926 1153 1859 1376 668 1161 1788 166 908 1797 527 785 1232 1742 1654 451 1018 972 626 1937 1275 1313 903 856 1093 1995 1594 1314 1609 1838 1065 1667 899 376 347 1917 1320 1886 1097 1744 599 756 1223 1001 985 1823 1250 754 1048 528 1362 2557 1565 1305 1562 1815 1135 979 1548 503 979 1139 1180 1166 1250 1654 903 1585 1650 1454 1594 1056 1365 1810 1713 457 93 1640 1635 1820 1931 1400 993 1100 796 1432 745 466 800 2052 1107 1739 1243 1221 1027 744 2034 1595 1134 478 1399 924 1444 680 962 855 1365 1369 1520 688 1334 1452 1196 1660 633 978 1179 956 1005 1999 1137 506 1270 1824 1414 2081 1122 1523 1118 1394 863 1757 1255 793 1027 1410 1331 952 1870 2310 99
1100 1274 1545 1951 1459 2051 735 2251 518 2193 1256 1555 1360 813 878 803 909 1838 1136 273 0 827 1269 1691 1618 923 737 550 996 1286 1957 1313 1268 1923 1847 1100 1455 2055 1059 1851 1695 1724 326 1619 1972 857 1551 1804 1579 1868 1626 1796 1004 1958 1114 1038 2708 576 747 2015 1243 1948 1466 758 1251 1877 356 776 1887 686 877 1322 1775 1744 610 1108 1062 716 2027 1365 1402 992 946 1242 2045 1684 1403 1699 1927 1155 1669 996 252 223 2003 1327 1975 1187 1833 467 846 1313 1091 1074 1913 1339 844 916 396 1452 2647 1655 1402 1652 1905 1225 1068 1638 593 1068 1007 1270 1256 1340 1743 993 1675 1740 1544 1683 1145 1454 1900 1803 273 280 1730 1725 1910 2020 1288 1082 1197 886 1522 835 563 889 2141 1204 1828 1333 1090 1096 834 2124 1685 1223 568 1488 1013 1534 770 1052 945 1455 1353 1610 778 1318 1542 1286 1749 730 1075 1268 1046 1102 2089 1226 596 1360 1914 1504 2171 1219 1613 1208 1484 953 1847 1345 883 895 1500 1421 1041 1960 2400 195
289 1219 1180 1145 1114 1412 213 1471 461 1608 450 1212 1027 491 179 564 1404 1493 1631 738 827 0 926 882 1034 475 138 419 190 1174 1310 505 583 1338 1038 792 646 1362 253 1070 1069 1275 920 1378 1163 389 1043 1023 1233 1059 1300 987 878 1178 361 912 1981 727 472 1206 900 1168 657 282 907 1097 889 894 1078 611 467 516 1376 1401 534 299 754 193 1368 556 956 176 130 997 1567 1085 1060 1075 1118 349 1301 1077 903 899 1421 954 1228 420 1024 881 423 507 321 731 1107 534 558 960 905 646 1919 1205 1248 882 1267 718 619 829 365 725 1390 927 450 531 973 177 1022 931 1195 1228 802 1111 1120 1218 1012 699 1387 1104 1311 1211 1039 312 1035 542 1179 517 1100 151 1332 1136 1243 990 933 818 56 1315 915 880 554 680 197 1075 426 246 139 646 1003 804 465 968 762 837 944 1273 1022 463 240 1179 1593 735 439 904 1329 1160 1362 1164 1270 391 675 137 1038 1001 67 960 805 1078 634 1375 1591 795
1198 1335 314 848 1759 874 833 2378 903 2382 1354 649 1144 594 976 1100 1881 2138 2108 1179 1269 926 0 1789 1808 866 835 867 1094 1291 2146 1412 959 2112 1945 664 1553 2245 1157 1977 518 1913 1361 1457 2070 814 1740 1931 1878 1966 1416 1894 1407 2085 1212 1441 2885 1168 799 2114 464 2075 1564 965 559 2004 1330 1371 1985 1052 1066 1420 2021 1089 975 1206 757 814 850 1463 1592 1091 1044 1113 2274 452 1177 469 2025 1253 1946 1194 1344 1341 2196 1599 813 1285 1932 1358 1035 936 1189 393 879 967 662 1468 1382 1004 2824 1844 1365 1789 728 753 1258 1736 915 464 1980 242 1354 1438 1880 1091 1864 1838 312 1873 200 779 2027 1992 1453 1140 1037 505 678 2119 1684 1180 1152 608 616 621 1541 988 2240 1253 2018 167 1579 1306 932 2222 1822 598 963 1587 1112 1723 696 1150 1043 1553 1648 828 712 1613 1669 1475 966 1714 1138 990 1127 1296 858 1416 895 1549 2103 407 2269 1281 409 1306 1582 1051 1945 131 981 1447 537 750 1231 2149 2498 1237
786 2082 1847 1741 1687 2011 1077 817 1325 1751 660 2076 1891 1355 985 1321 2082 1791 2289 1601 1691 882 1789 0 1177 1166 998 1282 775 2038 1453 509 1259 1481 187 1655 437 1505 724 1213 1729 1447 1784 2242 283 1253 1186 1167 1768 278 2163 112 1593 1038 882 1615 2124 1591 1336 447 1764 1311 448 1138 1771 1054 1753 1732 257 1475 1323 560 1572 2264 1397 629 1618 1056 1964 521 1352 772 810 1860 1710 1746 1924 1736 238 663 1697 1941 1767 1763 1565 1528 1824 962 357 1719 1278 1132 889 1595 1703 1130 1422 1547 1743 1243 2063 1377 2112 1025 1886 1383 1032 714 1225 1589 1963 1790 660 535 1116 758 1165 214 1879 1540 1666 1975 1028 1361 1876 1562 2251 1765 1971 361 1612 897 1899 1406 2042 1381 1964 937 482 2000 1387 1853 1507 1466 920 465 1058 1744 1418 471 757 1219 1290 842 767 437 1576 1401 1329 1542 905 1138 1540 2136 1885 1059 901 2043 2254 897 1303 1478 1472 2024 602 2028 2053 713 466 805 187 1861 871 1568 1465 1941 1293 1518 740 1659
938 2101 1998 1893 926 2162 1228 1380 1253 748 842 2094 1909 1352 1117 1031 1543 732 1751 1529 1618 1034 1808 1177 0 1317 1149 1224 926 2056 634 799 1410 430 1332 1674 940 732 875 879 1881 496 1711 2261 1458 1387 143 886 755 1354 2182 1282 1164 1037 926 1186 1385 1214 1393 1501 1782 758 951 1205 1790 1006 1680 1303 1372 1279 998 852 512 2283 1201 781 1636 1208 2115 851 572 923 962 1879 659 1897 1942 1887 1413 814 638 1959 1474 1500 514 1071 1975 966 1319 1289 967 1283 985 1613 1855 1281 1440 1118 1314 1394 1323 426 2130 760 2037 1534 602 1123 1164 1607 1424 1809 842 826 801 910 471 1225 2031 482 1684 1993 1029 310 1552 1490 2269 1916 2123 1506 1099 994 1918 1425 2061 1400 1891 1069 1627 2019 336 1872 1078 1007 1071 1610 743 1762 1345 974 908 223 1309 994 918 941 1143 1552 1322 1108 671 709 1691 2064 1904 1210 1052 2061 2405 467 1135 973 421 2043 1657 2046 2152 864 970 957 1332 1884 1023 1139 1616 1960 864 467 1886 1586
623 1159 1035 1253 1413 1355 405 1754 557 1892 641 1152 968 377 548 754 1536 1792 1763 834 923 475 866 1166 1317 0 463 510 476 1115 1594 788 384 1622 1321 732 930 1646 443 1354 1000 1568 1016 1319 1447 256 1327 1307 1533 1343 1240 1271 1062 1462 713 1095 2265 823 451 1490 840 1452 914 602 848 1381 985 1026 1362 707 721 707 1675 1341 630 547 694 456 1332 840 1246 544 534 937 1850 1016 1000 1006 1402 555 1601 1017 999 995 1705 1254 1251 794 1308 1013 690 593 720 633 1256 633 499 1123 1037 795 2203 1498 1188 1165 1209 486 912 1112 543 666 1635 867 641 815 1257 543 1305 1214 1068 1527 742 1052 1404 1502 1108 794 1327 1035 1242 1495 1338 717 976 293 1119 453 1196 514 1616 1077 1527 930 1233 961 419 1599 1199 820 650 963 587 1359 263 404 449 930 1302 906 325 1268 1045 1130 1093 1369 962 590 355 1120 1524 1037 550 1204 1612 1101 1646 1105 1210 674 959 541 1321 942 505 1102 775 1018 885 1659 1875 891
390 1128 1112 1248 1158 1514 121 1586 371 1724 561 1121 937 400 169 508 1341 1536 1568 647 737 138 835 998 1149 463 0 310 303 1084 1426 620 663 1454 1154 701 762 1478 362 1186 1171 1318 829 1288 1279 297 1125 1139 1277 1175 1209 1103 815 1294 405 849 2097 636 377 1322 809 1284 773 204 817 1213 798 831 1194 515 404 627 1419 1310 443 415 663 73 1470 672 999 296 249 906 1659 1187 969 1177 1234 462 1345 986 812 808 1537 998 1330 478 1140 818 359 610 383 640 1210 636 468 928 842 749 2035 1249 1158 998 1370 778 663 945 250 635 1429 836 561 647 1089 296 1138 1047 1110 1271 711 1021 1236 1334 921 608 1296 1206 1413 1327 1082 374 945 452 1088 427 1009 181 1448 1046 1359 899 977 769 125 1431 1031 789 463 795 314 1128 336 349 252 762 1046 907 371 1012 878 880 1046 1182 931 565 343 1089 1655 820 330 948 1445 1070 1478 1074 1179 507 791 256 1154 911 186 907 907 987 658 1491 1707 705
685 1160 1144 1540 1175 1637 315 1854 184 1798 847 1154 969 358 457 516 1294 1554 1521 461 550 419 867 1282 1224 510 310 0 587 1116 1562 905 854 1528 1438 733 1046 1661 650 1453 1281 1329 643 1320 1563 324 1156 1407 1294 1459 1241 1387 823 1561 693 857 2313 501 208 1607 842 1551 1057 260 849 1480 612 787 1478 386 482 913 1437 1342 308 699 696 281 1614 956 1008 584 537 938 1690 1282 1002 1298 1518 746 1362 1019 654 625 1611 1015 1562 767 1425 774 451 904 671 673 1504 931 497 884 769 1043 2252 1260 1190 1256 1491 811 674 1229 90 667 1393 869 847 931 1347 584 1280 1331 1142 1288 744 1053 1503 1408 735 422 1329 1317 1508 1612 1100 662 977 471 1120 354 823 469 1733 1078 1433 931 994 722 415 1715 1289 822 277 1080 605 1139 355 643 536 1046 1064 1201 277 1029 1136 891 1340 996 963 860 637 1121 1688 831 149 965 1519 1102 1762 1106 1211 799 1075 544 1438 943 474 863 1086 1019 646 1565 1991 518
222 1387 1165 1060 1192 1329 382 1363 630 1501 321 1380 1196 659 342 726 1571 1519 1791 906 996 190 1094 775 926 476 303 587 0 1343 1203 397 568 1231 930 960 539 1255 129 963 1048 1196 1088 1547 1056 558 936 916 1311 952 1468 880 1045 1071 312 1078 1874 896 641 1099 1068 1061 550 449 1076 990 1057 1060 971 780 634 387 1321 1569 702 191 922 361 1283 449 1034 143 170 1165 1459 1064 1229 1054 1011 221 1379 1245 1071 1068 1314 1032 1143 393 917 1047 589 451 319 899 1022 449 727 1051 1071 561 1812 1127 1417 775 1205 701 697 722 530 894 1468 1095 322 424 866 142 914 824 1198 1290 971 1280 1013 1111 1180 867 1555 1083 1290 1104 1117 320 1204 711 1347 686 1268 328 1225 1305 1136 1158 1011 907 235 1208 808 1049 722 572 186 968 595 161 92 539 1081 719 634 1046 655 888 859 1441 1190 378 220 1348 1572 646 607 982 1222 1329 1255 1333 1372 306 568 172 930 1161 207 1072 784 1246 734 1268 1484 964
1447 231 1568 2080 2008 2106 1081 2626 1151 2631 1603 1192 409 852 1224 1349 2097 2386 2324 1189 1286 1174 1291 2038 2056 1115 1084 1116 1343 0 2395 1660 1459 2361 2193 771 1802 2493 1406 2226 1751 2162 1106 550 2319 1063 1989 2179 2127 2215 472 2143 1656 2334 1460 1690 3134 1417 1057 2362 868 2324 1813 1214 875 2253 1023 1620 2234 1301 1315 1669 2269 853 1224 1455 829 1063 2083 1712 1840 1339 1293 635 2523 1706 461 1721 2274 1502 2195 351 1433 1404 2444 1848 2045 1534 2180 1607 1284 1660 1438 1091 2111 1686 918 1717 1585 1799 3072 2092 377 2038 1960 1416 1506 1984 1163 1005 2196 1292 1603 1687 2129 1340 2113 2086 1566 2121 1167 961 2276 2241 1475 1177 954 1757 1932 2367 1932 1429 387 1045 1159 879 804 1236 2488 148 2266 1355 1827 1555 1181 2471 2071 848 1150 1835 1360 1972 960 1399 1291 1802 1897 1956 966 1862 1917 1724 2096 999 406 1615 1393 249 2111 1664 1144 1798 2352 1526 2518 176 1635 1554 1831 1300 2193 1367 1230 1696 1691 951 1479 2398 2747 1142
1214 2439 2275 2169 1418 2439 1505 1047 1591 473 1119 2433 2248 1691 1413 1370 1991 1109 2199 1867 1957 1310 2146 1453 634 1594 1426 1562 1203 2395 0 1076 1687 713 1609 2012 1217 182 1152 460 2157 1016 2050 2599 1734 1681 707 467 1226 1431 2520 1558 1502 755 1265 1524 814 1553 1717 1210 2121 155 1228 1543 2128 673 2019 1641 1497 1617 1337 1128 1004 2621 1540 1057 1975 1484 2392 1127 1067 1200 1238 2217 930 2174 2281 2164 1690 1091 1129 2298 1813 1838 785 1437 2252 1305 1596 1628 1306 1560 1317 1952 2131 1558 1779 1456 1652 1671 752 947 2469 676 2314 1811 941 1291 1503 1946 1872 2147 1119 1102 530 1186 470 1502 2307 998 2023 2332 696 581 1890 1828 2608 2193 2400 1783 1521 1326 2256 1763 2399 1738 2230 1365 1904 2357 633 2210 1416 1375 1348 1886 581 2101 1684 1251 1185 785 1647 1270 1195 1217 1486 1829 1660 1451 887 1048 1968 2402 2242 1487 1329 2400 2682 806 1473 1387 692 2381 1397 2385 2481 1141 1247 1234 1609 2222 1299 1477 1893 2298 1202 738 2162 1925
409 1705 1469 1364 1310 1633 699 1168 947 1374 267 1698 1513 977 607 943 1704 1414 1912 1224 1313 505 1412 509 799 788 620 905 397 1660 1076 0 881 1104 664 1278 272 1127 346 836 1352 1069 1406 1864 790 875 809 789 1390 686 1786 614 1215 805 504 1237 1747 1213 958 833 1386 934 283 760 1393 863 1375 1354 704 1097 945 161 1194 1887 1020 252 1240 679 1586 103 974 394 433 1483 1332 1368 1546 1358 745 285 1320 1563 1389 1385 1187 1150 1446 584 651 1341 900 754 511 1217 1326 752 1044 1169 1365 865 1685 1000 1734 647 1508 1005 654 376 848 1211 1586 1413 267 78 739 381 787 557 1502 1163 1288 1597 885 983 1498 1185 1873 1387 1594 838 1235 520 1521 1028 1665 1004 1586 559 959 1622 1009 1476 1129 1088 542 942 680 1366 1040 306 379 841 912 465 389 273 1199 1023 951 1164 527 761 1162 1759 1508 681 523 1665 1876 519 925 1100 1094 1646 989 1650 1676 335 302 428 664 1483 494 1190 1087 1564 915 1140 1218 1281
715 1503 812 903 1675 1040 750 1847 902 1984 733 1236 1312 676 741 1098 1880 2009 2107 1178 1268 583 959 1259 1410 384 663 854 568 1459 1687 881 0 1714 1414 955 1022 1738 536 1447 695 1680 1360 1663 1539 601 1420 1400 1794 1435 1585 1364 1405 1555 806 1439 2357 1168 796 1583 963 1544 1007 823 1058 1474 1330 1370 1454 1052 1008 799 1805 1602 974 640 1037 734 1016 932 1516 636 632 1281 1943 711 1345 702 1495 647 1862 1362 1343 1340 1798 1515 901 886 1401 1357 963 263 813 657 914 355 841 1467 1381 543 2296 1610 1533 1258 894 295 1180 1205 883 782 1950 849 734 907 1349 635 1398 1307 845 1773 835 1293 1496 1594 1452 1139 1589 731 937 1588 1599 812 1320 510 1203 778 1540 714 1709 1421 1620 869 1494 1306 619 1692 1291 1032 994 1056 680 1452 571 451 547 1022 1563 604 670 1529 1138 1372 840 1713 1307 317 397 1464 1219 1130 895 1465 1705 1061 1738 1449 1019 767 1052 640 1414 836 620 1446 431 1259 1200 1751 1967 1236
1242 2405 2302 2197 1018 2466 1533 1684 1557 487 1146 2398 2214 1657 1421 1336 1635 709 1842 1833 1923 1338 2112 1481 430 1622 1454 1528 1231 2361 713 1104 1714 0 1637 1978 1245 721 1180 1142 2185 800 2015 2565 1762 1691 447 1149 826 1658 2486 1586 1468 1378 1231 1490 1233 1519 1697 1805 2086 836 1256 1509 2094 1311 1984 1607 1677 1583 1303 1156 604 2587 1506 1085 1940 1512 2419 1155 876 1227 1266 2183 530 2201 2247 2191 1717 1118 729 2263 1778 1804 342 1324 2280 1271 1623 1594 1272 1588 1289 1918 2159 1586 1745 1407 1618 1698 1171 730 2435 1085 2341 1838 907 1428 1469 1912 1516 2113 1147 1130 1141 1214 811 1530 2335 690 1989 2298 1333 320 1856 1794 2573 2220 2427 1810 1190 1298 2222 1729 2365 1704 2195 1373 1931 2323 319 2176 1382 1311 1375 1914 1083 2067 1649 1278 1213 527 1613 1298 1222 1245 1323 1856 1626 1288 975 1013 1995 2368 2208 1515 1356 2366 2709 772 1439 1235 280 2347 1961 2351 2456 1169 1274 1261 1637 2188 1327 1428 1921 2264 1168 295 2190 1891
942 2238 2002 1897 1843 2166 1232 991 1481 1907 816 2231 2046 1510 1140 1476 2238 1947 2445 1757 1847 1038 1945 187 1332 1321 1154 1438 930 2193 1609 664 1414 1637 0 1811 592 1660 879 1369 1885 1602 1939 2398 224 1408 1342 1322 1923 438 2319 291 1748 1212 1037 1770 2280 1746 1491 621 1919 1467 603 1293 1927 1228 1908 1887 418 1630 1478 715 1727 2420 1553 785 1773 1212 2119 677 1507 927 966 2016 1865 1901 2079 1891 258 818 1853 2096 1922 1918 1720 1683 1979 1117 513 1874 1433 1287 1044 1750 1859 1285 1577 1702 1898 1398 2218 1533 2267 1180 2041 1538 1187 869 1381 1744 2119 1946 816 691 1272 914 1320 369 2035 1696 1821 2130 1202 1517 2031 1718 2406 1920 2127 188 1768 1053 2054 1561 2198 1537 2119 1092 309 2155 1542 2009 1662 1621 1075 292 1213 1899 1573 626 912 1374 1445 998 922 593 1732 1556 1484 1697 1060 1294 1695 2292 2041 1214 1056 2198 2409 1052 1458 1633 1627 2180 776 2183 2209 868 622 961 3 2016 1027 1723 1620 2097 1448 1674 568 1814
1064 816 941 1454 1625 1480 699 2244 633 2248 1220 688 624 418 842 966 1747 2004 1974 1010 1100 792 664 1655 1674 732 701 733 960 771 2012 1278 955 1978 1811 0 1419 2111 1023 1843 1124 1779 1192 976 1936 680 1606 1797 1744 1832 897 1760 1273 1951 1078 1307 2751 1034 597 1980 288 1941 1430 831 371 1870 1137 1237 1851 918 932 1286 1887 899 841 1072 93 680 1456 1329 1458 957 910 594 2140 1079 657 1095 1891 1119 1812 674 1189 1174 2062 1465 1419 1151 1798 1224 901 1060 1055 400 1485 1152 256 1334 1248 1340 2690 1710 845 1655 1334 764 1124 1602 781 307 1846 655 1220 1304 1746 957 1730 1704 939 1739 541 595 1893 1858 1284 951 885 1131 1305 1985 1550 1046 633 527 655 430 1082 854 2106 734 1884 718 1445 1172 798 2088 1688 310 558 1453 978 1589 578 1016 909 1419 1514 1325 552 1479 1535 1341 1468 1277 619 1114 1010 777 1485 1281 761 1415 1969 899 2135 762 1008 1172 1448 917 1811 740 847 1313 1039 561 1097 2015 2364 1067
550 1846 1610 1505 1451 1774 840 1079 1089 1515 424 1839 1655 1118 748 1084 1846 1555 2053 1365 1455 646 1553 437 940 930 762 1046 539 1802 1217 272 1022 1245 592 1419 0 1269 487 977 1493 1210 1547 2006 718 1017 950 930 1531 614 1927 542 1356 814 645 1378 1888 1354 1100 708 1527 1075 187 902 1535 1004 1516 1495 633 1238 1086 323 1335 2028 1161 393 1381 820 1727 275 1115 535 574 1624 1473 1509 1687 1499 673 426 1461 1704 1530 1526 1328 1291 1588 726 524 1482 1042 895 652 1358 1467 894 1185 1310 1507 1006 1826 1141 1875 788 1649 1146 795 359 989 1353 1727 1554 424 299 880 522 928 485 1643 1304 1429 1739 1006 1125 1639 1326 2014 1528 1735 766 1376 661 1663 1170 1806 1145 1727 700 887 1764 1150 1617 1271 1229 683 870 822 1507 1181 179 521 982 1054 606 530 145 1340 1164 1093 1305 668 902 1303 1900 1649 823 664 1807 2017 660 1066 1241 1235 1788 871 1792 1817 477 175 569 592 1624 635 1331 1228 1705 1056 1282 1146 1423
