NAME: zurich_200_7
COMMENT: TSP instance with 200 nodes. City: Zurich, Switzerland, Seed: 49
TYPE: TSP
DIMENSION: 200
EDGE_WEIGHT_TYPE: EXPLICIT
EDGE_WEIGHT_FORMAT: FULL_MATRIX
NODE_COORD_SECTION:
1 47.3151042 8.5244257
2 47.4429005 8.619212
3 47.2869973 8.7116996
4 47.3900879 8.5372806
5 47.2995326 8.5959987
6 47.317365 8.5258903
7 47.2497982 8.7567519
8 47.3671311 8.5659179
9 47.5345558 8.3863237
10 47.2258304 8.5263111
11 47.2877669 8.3665279
12 47.4127078 8.4505465
13 47.2596437 8.5989461
14 47.422868 8.3011134
15 47.5201518 8.7888398
16 47.3183237 8.3628714
17 47.5246457 8.7885852
18 47.3768538 8.5206568
19 47.5254519 8.3279818
20 47.2042103 8.7383281
21 47.5115231 8.4735592
22 47.3518243 8.7060389
23 47.3474249 8.2822834
24 47.323784 8.5844495
25 47.4067344 8.3357295
26 47.3149986 8.4714135
27 47.3883765 8.5494292
28 47.2220089 8.4994132
29 47.3972241 8.6050708
30 47.3941729 8.5267337
31 47.3171114 8.5345933
32 47.3434605 8.702361
33 47.4229395 8.4100242
34 47.3673352 8.541346
35 47.4527204 8.5733971
36 47.5257798 8.6687562
37 47.3310261 8.6123113
38 47.3593042 8.642472
39 47.1983687 8.7158879
40 47.404302 8.6049462
41 47.3060733 8.7654602
42 47.3548461 8.2792558
43 47.4010934 8.7483023
44 47.3893476 8.4880239
45 47.2662509 8.6580361
46 47.510254 8.7599919
47 47.3376101 8.4743491
48 47.4641699 8.612807
49 47.3553094 8.360651
50 47.2752441 8.5658014
51 47.2274695 8.6703573
52 47.3711255 8.3059289
53 47.3193803 8.5462127
54 47.1979008 8.7137443
55 47.3099809 8.7224
56 47.3688695 8.5231457
57 47.35364 8.5121839
58 47.2144352 8.4509409
59 47.4140722 8.5799203
60 47.5196664 8.6037714
61 47.4406514 8.5652376
62 47.3066006 8.6078518
63 47.3412903 8.6718745
64 47.2263303 8.4586818
65 47.3595521 8.5483909
66 47.4351449 8.5652333
67 47.5346548 8.581663
68 47.3819264 8.6471449
69 47.4217828 8.4100019
70 47.4218013 8.3730171
71 47.4258492 8.4936115
72 47.4967004 8.5454551
73 47.5173025 8.647466
74 47.5033058 8.3495701
75 47.2934592 8.7353553
76 47.2949996 8.5660879
77 47.4916678 8.7236671
78 47.3505224 8.3446825
79 47.4147595 8.3727973
80 47.3743529 8.5415644
81 47.5311989 8.5851862
82 47.3764507 8.5600337
83 47.5152056 8.6903182
84 47.3036081 8.4473227
85 47.5376031 8.2883895
86 47.4610693 8.6601472
87 47.2813792 8.4566547
88 47.3744322 8.5415419
89 47.3583012 8.6341748
90 47.4199759 8.6322232
91 47.3850056 8.5586292
92 47.3475468 8.7147206
93 47.345879 8.5748996
94 47.4847174 8.3249894
95 47.3262542 8.5940088
96 47.4136299 8.4124823
97 47.330644 8.2982347
98 47.3953829 8.5402413
99 47.21169 8.6473315
100 47.316962 8.4211394
101 47.3534784 8.5566289
102 47.2388055 8.6393055
103 47.505287 8.7805396
104 47.495023 8.336502
105 47.4163814 8.506529
106 47.3703612 8.424559
107 47.4837652 8.4946372
108 47.439459 8.6351709
109 47.4064511 8.4594835
110 47.2624609 8.4108899
111 47.3743169 8.5269378
112 47.2940258 8.6968617
113 47.352572 8.7298232
114 47.4701922 8.3167124
115 47.3921997 8.5100234
116 47.4280825 8.2988009
117 47.3806606 8.5252824
118 47.3857057 8.6934253
119 47.2699372 8.4932435
120 47.3594244 8.6241271
121 47.4325512 8.2895541
122 47.3667069 8.7769237
123 47.5007546 8.475658
124 47.3853856 8.7612605
125 47.36923 8.638549
126 47.4201841 8.3012775
127 47.2638354 8.3947345
128 47.3287299 8.3400411
129 47.4605125 8.4404196
130 47.3758526 8.5125822
131 47.4306084 8.6713896
132 47.2110134 8.3658075
133 47.2525447 8.7052271
134 47.3882355 8.5199184
135 47.4916977 8.5968715
136 47.392428 8.6602619
137 47.500819 8.7461735
138 47.4022653 8.4567163
139 47.513322 8.530024
140 47.4232982 8.3710715
141 47.4868244 8.4494313
142 47.4869375 8.4522027
143 47.54058 8.7737659
144 47.4238643 8.626451
145 47.427985 8.3936228
146 47.2599359 8.443165
147 47.5301898 8.5848036
148 47.4932007 8.713063
149 47.284236 8.5719134
150 47.2881583 8.7654689
151 47.4136207 8.6455512
152 47.3450818 8.4710462
153 47.4883658 8.2986215
154 47.4531128 8.568897
155 47.3477597 8.7198414
156 47.4302056 8.5368942
157 47.4023722 8.4938182
158 47.4224516 8.5401639
159 47.3757312 8.5588606
160 47.4044304 8.7650386
161 47.2562984 8.7500187
162 47.3824128 8.7795658
163 47.3971724 8.6056379
164 47.3711594 8.4603081
165 47.4587333 8.5709986
166 47.3157679 8.590367
167 47.2094832 8.5435127
168 47.3828211 8.5467633
169 47.5273638 8.4653869
170 47.4266381 8.544371
171 47.4286464 8.5636505
172 47.409405 8.7623826
173 47.4474098 8.6255249
174 47.467776 8.3220299
175 47.4921722 8.3451279
176 47.3588407 8.7086794
177 47.3766285 8.2897616
178 47.4429619 8.4793034
179 47.4700504 8.6223766
180 47.3861738 8.3455615
181 47.5005386 8.8010965
182 47.4143948 8.5975166
183 47.2333846 8.650153
184 47.3445554 8.3537199
185 47.44493 8.5730877
186 47.2634175 8.4767509
187 47.5255657 8.516302
188 47.394794 8.682233
189 47.3461394 8.7396646
190 47.3619633 8.3679432
191 47.5206061 8.3327558
192 47.3707351 8.5430239
193 47.3794814 8.567463
194 47.5076836 8.7019831
195 47.3820821 8.6800669
196 47.5143997 8.7685841
197 47.4864284 8.7588996
198 47.3492638 8.3421219
199 47.3416903 8.4848024
200 47.3326637 8.3023384
EDGE_WEIGHT_SECTION:
0 1281 1492 653 1159 45 1910 720 2129 827 1216 999 658 1434 1874 1052 1859 499 1881 1032 1619 1462 1252 972 1351 663 721 944 1027 724 143 1551 1130 525 1035 1660 1093 1320 982 989 1728 1291 1614 680 1588 1793 592 1221 957 443 789 1158 179 960 1574 422 422 1187 1033 1565 1035 1246 1391 1085 599 990 1693 1344 1112 1076 1047 1298 1759 1712 1521 390 1559 935 1126 538 1697 695 1511 741 2027 1514 844 515 1177 1081 785 1509 863 1587 995 1035 1416 716 673 797 670 599 1892 1631 1006 683 1471 1235 1000 942 473 1462 1446 1341 682 1492 536 1297 728 1075 1510 1643 1608 1654 1240 1414 1020 1258 1426 516 1304 1542 1818 662 1319 1260 1679 900 1361 1103 1510 1510 1866 1101 1016 921 1704 1484 399 1695 1127 701 1500 1070 1497 1076 858 1006 684 1737 1802 1782 1027 875 1178 1061 963 654 1734 996 1003 1675 1322 1310 1634 1404 1264 1205 1321 1112 1973 1075 631 971 1019 721 1510 1261 1461 929 1834 565 772 1663 1314 1888 1765 1087 828 1393
1281 0 1324 701 1482 1303 1654 924 1789 2031 1843 861 1656 1670 1161 1608 1146 847 1714 2031 883 810 1807 1295 1493 1432 736 1928 558 754 1224 899 975 883 267 945 1276 1171 1981 491 1192 1847 874 996 1642 1058 1343 247 1386 1452 1788 1714 1301 1959 1149 915 1046 1992 472 698 358 1569 1099 1890 922 372 826 802 957 1072 611 542 774 1588 1249 1405 824 1490 1122 793 830 819 797 1482 1860 323 1637 772 998 356 866 857 1122 1584 1319 977 1972 675 1672 1420 994 1598 1157 1627 737 1028 895 133 983 1693 853 1330 795 1337 832 1651 793 646 1809 979 1575 992 872 972 853 1695 1771 1813 990 908 381 2293 1641 799 497 643 945 1011 625 1099 1052 1049 1153 323 1012 1672 837 749 1408 1287 395 1452 1496 301 845 582 933 580 822 997 1609 1100 558 1315 409 1385 2070 773 998 502 420 935 106 1307 1630 752 1820 769 302 1503 1238 408 1630 1526 308 1783 774 609 809 1344 1667 861 859 941 662 1153 1030 1643 1403 1949
1492 1324 0 1133 817 1513 441 910 2659 2241 2206 1647 1867 2396 1837 2042 1823 1160 2584 2241 1907 544 2242 729 2248 1681 1140 2167 1004 1244 1435 466 1761 994 1323 1623 485 638 2191 1045 358 2281 998 1366 433 1756 1582 1488 1947 1663 1998 2149 1414 2170 186 1133 1233 2231 1273 1853 1323 700 491 2129 949 1278 1981 855 1742 1827 1396 1586 1722 2456 150 1615 1522 1925 1878 1031 1985 982 1474 1732 2729 1467 1886 1009 671 1026 1087 495 773 2339 605 1762 2407 1178 1883 1787 879 1808 1855 2382 1476 1673 1759 1192 1660 1932 1102 97 575 2093 1301 2406 1138 779 2058 609 2330 834 1896 936 735 2401 2010 2248 1776 1207 1213 2532 361 1250 1607 899 1643 1558 1649 1854 1860 1859 1829 1051 1768 1911 1992 1447 1618 312 1009 1691 2251 1358 504 1373 1429 1371 984 1107 330 986 1004 1589 1466 647 2281 1075 2022 1293 1325 1046 1308 2062 2385 613 2254 1554 1511 2102 1875 1163 1841 1961 1307 2022 1798 879 517 1920 2537 1010 1054 1626 799 1851 1632 2077 1731 2384
653 701 1133 0 865 675 1552 319 1696 1403 1368 597 1029 1375 1294 1204 1279 211 1583 1403 1039 882 1403 678 1198 842 134 1328 447 132 596 971 805 265 455 1080 735 938 1353 409 1263 1443 1034 401 1294 1212 744 641 1096 824 1160 1310 675 1331 1208 287 418 1393 453 985 454 952 998 1291 305 410 1113 764 787 778 433 718 1179 1414 1163 777 979 1086 828 176 1117 215 931 893 1729 934 1047 154 794 501 261 929 504 1289 701 778 1568 88 1044 948 376 970 1312 1333 375 740 891 655 574 1093 216 1104 866 1043 242 1357 156 717 1219 692 1281 1063 1011 1074 752 1401 1172 1409 813 300 724 1693 1460 202 739 680 1099 508 781 805 897 896 1286 521 718 1073 1124 904 780 1336 547 853 1202 489 917 473 343 390 217 1156 1444 1202 447 695 598 767 1443 150 1154 391 396 1095 742 1012 1336 824 1416 591 741 1215 1393 495 1002 1122 439 1183 930 681 881 1056 1536 244 254 1083 733 1308 1185 1239 837 1545
1159 1482 817 865 0 1180 1044 708 2528 1908 1873 1363 1534 2063 2075 1709 2060 827 2308 1908 1820 1089 1909 339 1923 1348 875 1834 1156 976 1102 1011 1580 661 1235 1861 478 910 1858 1188 1064 1948 1545 1033 461 1993 1249 1422 1614 1330 1665 1816 1081 1837 909 800 900 1898 1234 1766 1235 214 845 1796 571 1191 1894 1090 1555 1502 1265 1499 1960 2139 856 1282 1759 1592 1553 762 1898 776 1712 1398 2453 1715 1553 740 901 1282 882 1040 497 2014 357 1502 2074 909 1550 1454 499 1475 2093 2057 1207 1340 1672 1436 1353 1599 769 740 1140 1768 1005 2081 829 1282 1725 817 2006 1417 1809 1483 965 2068 1677 1915 1645 874 1505 2199 769 961 1520 1301 1880 1233 1562 1529 1729 1728 2067 1302 1443 1578 1905 1685 1285 1030 1327 1358 1926 1270 1049 1277 1160 1207 775 1654 950 1568 1156 1256 1379 246 1948 807 1935 1197 1203 1593 1523 1737 2061 1159 1921 1424 1522 1769 2174 1276 1508 1628 1220 1689 1711 1305 1123 1587 2261 682 849 1864 1217 2088 1966 1744 1398 2051
45 1303 1513 675 1180 0 1932 742 2164 861 1250 1033 692 1469 1895 1087 1881 520 1915 1066 1641 1483 1286 993 1386 697 743 978 1048 745 177 1572 1164 546 1056 1681 1115 1342 1016 1010 1750 1325 1635 702 1610 1814 626 1242 991 477 823 1193 213 995 1595 444 444 1221 1055 1587 1056 1267 1413 1119 620 1011 1715 1365 1146 1110 1081 1319 1780 1747 1542 425 1580 969 1160 559 1719 717 1532 776 2061 1535 879 537 1198 1102 806 1530 884 1622 1017 1069 1451 737 708 831 692 633 1913 1665 1027 717 1492 1257 1021 976 494 1483 1468 1376 704 1527 558 1318 763 1096 1544 1665 1629 1676 1262 1448 1055 1292 1448 537 1325 1576 1840 683 1340 1281 1701 921 1383 1137 1532 1531 1887 1122 1050 956 1726 1505 433 1716 1148 736 1534 1091 1518 1097 879 1028 705 1758 1824 1803 1048 905 1199 1083 997 675 1756 1017 1024 1696 1344 1345 1668 1425 1298 1231 1343 1146 1994 1096 666 1005 1041 755 1531 1282 1482 964 1868 586 793 1684 1335 1909 1786 1122 862 1428
1910 1654 441 1552 1044 1932 0 1328 2988 2660 2625 1976 2285 2774 2166 2461 2152 1578 2913 2660 2237 964 2660 1148 2607 2099 1559 2585 1422 1663 1853 896 2090 1412 1652 1952 903 1057 2610 1434 576 2699 1337 1785 632 2085 2000 1817 2365 2081 2417 2567 1832 2588 619 1551 1651 2650 1618 2183 1652 1018 909 2547 1367 1607 2311 1273 2071 2187 1726 1915 2051 2786 449 2033 1851 2343 2237 1449 2314 1400 1803 2150 3059 1796 2304 1427 1089 1355 1505 884 1191 2698 1024 2091 2825 1596 2301 2205 1297 2226 2184 2742 1851 2091 2088 1521 2078 2350 1520 535 902 2452 1720 2766 1556 1108 2476 1027 2690 1115 2225 1275 1153 2779 2429 2666 2105 1625 1542 2950 320 1669 1936 1228 1972 1976 1978 2214 2189 2188 2158 1380 2127 2330 2322 1776 2036 367 1338 2110 2611 1687 889 1702 1847 1700 1402 1446 111 1267 1422 2007 1795 1065 2699 1494 2352 1623 1654 1385 1637 2421 2745 1002 2672 1883 1840 2520 2214 1513 2259 2379 1637 2440 2127 1208 844 2338 2866 1428 1472 1955 1129 2180 1972 2496 2149 2802
720 924 910 319 708 742 1328 0 1960 1470 1435 876 1095 1619 1513 1271 1499 383 1853 1470 1262 1054 1470 470 1469 909 273 1395 493 415 663 1062 1069 222 678 1299 511 677 1420 533 1146 1509 1253 590 1138 1432 810 864 1175 891 1227 1377 642 1398 992 361 461 1460 672 1208 677 758 748 1357 216 633 1336 723 1051 1048 697 941 1398 1685 939 843 1198 1153 1099 244 1340 114 1150 960 1999 1157 1114 222 534 720 219 1122 281 1560 488 1048 1635 342 1111 1015 223 1036 1531 1603 640 901 1114 875 857 1160 326 880 1069 1314 513 1627 351 915 1286 432 1551 1266 1251 1272 598 1625 1239 1476 1077 430 943 1760 1236 463 962 782 1319 779 1004 1075 1161 1161 1505 740 989 1140 1347 1123 846 1113 766 920 1472 712 1119 713 625 630 116 1376 1220 1400 493 813 821 559 1509 272 1377 632 625 1315 965 1283 1606 1026 1482 856 964 1330 1612 658 1069 1189 662 1250 1153 900 1083 1148 1806 238 186 1302 850 1527 1404 1306 955 1612
2129 1789 2659 1696 2528 2164 2988 1960 0 2548 2334 1532 2504 1276 2557 2099 2542 1771 620 2879 1017 2144 1952 2341 1448 1923 1771 2419 1710 1708 2072 2234 1438 1918 1531 2123 2398 2339 2829 1660 2526 1901 2297 1637 2943 2475 1834 1729 1832 2300 2636 1733 2150 2807 2483 1850 1978 2483 1705 1747 1522 2615 2267 2381 1968 1537 1695 2026 1413 1270 1274 1378 1960 496 2583 2253 2241 1816 1370 1845 1699 1855 2175 1974 766 2039 2128 1823 2167 1763 1902 2192 2167 685 2364 1467 2148 1684 2520 1912 2039 2445 2575 587 1400 1519 1095 1858 1625 2184 1804 2631 2129 823 1615 1256 1763 1980 2300 2148 1180 2326 965 2337 2021 1307 2262 2120 1094 1803 1986 2784 2975 1671 1722 1943 2362 1599 1268 1254 799 825 2549 1783 1301 2163 1706 2166 2255 2621 1809 1943 791 1564 2179 1426 1513 1551 1858 2419 2943 2465 1710 1883 1672 2430 2844 1795 1148 1474 1532 2358 1831 859 590 2087 1718 1168 1825 1560 2656 1746 2478 1893 1560 2274 1275 1943 2144 1790 522 1912 1894 2316 1996 2570 2448 1963 1894 2133
827 2031 2241 1403 1908 861 2660 1470 2548 0 1026 1418 832 1854 2624 1216 2609 1248 2300 1188 2122 2211 1670 1721 1770 711 1471 146 1776 1474 892 2301 1549 1274 1784 2410 1843 2070 1138 1738 2478 1710 2364 1410 2338 2542 887 1970 1376 849 920 1578 928 1117 2323 1172 1172 552 1783 2315 1706 1995 2141 450 1349 1722 2443 2093 1531 1495 1466 2047 2509 2131 2271 977 2308 1320 1545 1287 2447 1445 2260 730 2446 2263 561 1265 1926 1830 1535 2258 1612 2006 1745 1454 1568 1465 676 899 1420 736 2642 2050 1592 1102 1945 1985 1521 696 1222 2212 2196 1760 1432 1911 1286 2047 464 1824 1929 2393 2044 2404 1990 1833 740 1326 1846 1265 2053 1082 2568 1411 2068 2009 2429 1382 2111 1522 1929 1929 2616 1850 1435 566 2454 2233 980 2444 1876 996 1919 1819 2246 1738 1603 1736 1433 2486 2552 2532 1776 1226 1928 1811 425 1403 2278 1658 1716 2425 2072 1729 2053 2153 1683 1624 2071 1531 2723 1825 769 1263 1761 431 2260 2010 2210 1349 2253 1314 1521 2413 2063 2637 2515 1445 873 1585
1216 1843 2206 1368 1873 1250 2625 1435 2334 1026 0 1204 1591 1123 2527 288 2512 1213 2086 1966 1909 2115 762 1686 1105 879 1436 896 1680 1438 1159 2204 1335 1239 1597 2313 1808 2035 1916 1630 2443 818 2267 1338 2303 2446 861 1783 820 1387 1723 675 1237 1894 2288 1137 1136 891 1676 2127 1492 1960 2106 744 1313 1508 2255 1997 1317 1281 1252 1860 2332 1917 2235 1339 2212 598 1331 1252 2259 1410 2164 713 2232 2093 627 1230 1891 1734 1499 2162 1577 1793 1710 1240 696 1430 1607 592 1385 1532 2545 1836 1378 888 1731 1895 1307 420 1187 2176 2099 1546 1339 1213 1251 1950 849 1789 1232 2296 1830 2307 1955 1113 386 390 1632 1230 1957 663 2533 1376 1881 1913 2332 1168 1923 1308 1715 1715 2519 1754 1221 541 2266 2137 1342 2409 1780 970 1705 1632 2150 1524 1436 1522 1398 2390 2517 2435 1680 1114 1740 1776 1321 1368 2064 1444 1502 2328 1885 1516 1839 2057 780 1410 1883 977 2626 1715 1565 557 1548 752 2072 1914 2114 795 2039 1279 1486 2316 1967 2541 2418 522 1101 652
999 861 1647 597 1363 1033 1976 876 1532 1418 1204 0 1374 1092 1545 969 1530 578 1362 1749 927 1133 1169 1176 871 793 694 1289 698 520 942 1222 261 725 615 1331 1278 1328 1699 648 1515 1208 1285 388 1792 1464 704 801 730 1170 1506 1075 1020 1677 1472 639 736 1353 694 1145 510 1450 1256 1251 803 526 1274 1015 242 472 270 878 1350 1193 1571 1122 1230 852 501 709 1277 775 1182 844 1508 1111 998 687 1155 752 821 1180 1047 1069 1199 262 1333 634 1390 782 874 1315 1563 1112 396 389 749 913 124 1054 611 1619 1117 821 422 1105 570 968 1170 1136 1060 1315 848 1326 1010 1118 1132 1175 650 562 975 1654 1964 478 899 931 1351 164 941 501 734 733 1537 772 338 1033 1284 1155 1125 1609 798 811 981 650 1168 542 254 540 777 1408 1932 1453 698 482 758 1265 1714 712 1082 462 521 1346 903 787 1115 1075 1181 428 901 847 1644 735 1348 887 566 1144 1090 932 1132 688 1315 760 814 1334 985 1559 1436 1004 735 1310
658 1656 1867 1029 1534 692 2285 1095 2504 832 1591 1374 0 1810 2249 1427 2234 874 2256 766 1994 1837 1627 1347 1726 1066 1096 949 1402 1099 681 1926 1505 900 1410 2035 1468 1695 717 1364 2103 1666 1989 1055 1963 2168 967 1596 1332 418 471 1534 599 695 1949 798 797 1355 1408 1940 1410 1621 1766 1253 974 1365 2069 1719 1487 1451 1422 1673 2134 2087 1896 393 1934 1310 1501 913 2072 1070 1886 1117 2402 1889 1271 890 1552 1456 1160 1884 1238 1962 1371 1410 1792 1091 401 1172 1045 333 2267 2006 1381 1058 1846 1610 1375 1317 848 1837 1821 1716 1058 1867 911 1672 1164 1450 1885 2018 1983 2029 1616 1789 1395 1633 1802 891 1679 1885 2194 1037 1694 1635 2055 1275 1736 1478 1885 1885 2241 1476 1391 1296 2079 1859 282 2070 1502 1076 1875 1445 1872 1451 1233 1382 1059 2112 2177 2157 1402 1250 1553 1436 800 1029 2110 1371 1378 2050 1697 1685 2009 1779 1639 1580 1696 1487 2348 1450 366 1346 1394 1156 1885 1636 1836 1305 2209 940 1147 2038 1689 2263 2140 1462 1226 1769
1434 1670 2396 1375 2063 1469 2774 1619 1276 1854 1123 1092 1810 0 2353 979 2339 1315 1028 2184 1539 1941 697 1876 280 1228 1472 1724 1506 1298 1377 2030 976 1425 1423 2139 1997 2136 2134 1457 2323 645 2094 1181 2492 2272 1139 1609 663 1605 1941 478 1456 2112 2280 1332 1355 1789 1502 1954 1318 2150 2064 1682 1503 1334 2082 1823 951 674 1079 1686 2158 859 2377 1558 2038 600 707 1427 2086 1553 1990 1279 1173 1920 1397 1405 1963 1560 1600 1988 1767 734 1899 948 892 1413 1825 1106 1574 1751 2371 777 1205 1000 1473 1721 1213 1361 1336 2366 1926 511 1159 100 1307 1777 1605 1941 119 2123 1474 2134 1818 41 1396 864 1062 1347 1783 1684 2722 1215 1707 1739 2159 1094 1738 683 1332 1344 2345 1580 839 1468 2093 1963 1561 2418 1606 1248 646 1458 1976 1350 1256 1348 1549 2216 2700 2262 1506 1261 1566 1965 2149 1490 1684 1270 1329 2155 1711 547 781 1883 463 1228 1710 391 2453 1543 1783 678 1374 1557 1777 1740 1940 621 981 1465 1593 2142 1793 2367 2244 728 1248 877
1874 1161 1837 1294 2075 1895 2166 1513 2557 2624 2527 1545 2249 2353 0 2292 81 1440 2482 2624 1621 1323 2491 1888 2176 2063 1329 2549 1057 1346 1817 1412 1659 1475 1221 540 1792 1687 2574 1003 1705 2530 1078 1588 2155 210 1964 1148 2070 2045 2381 2398 1894 2552 1662 1508 1638 2613 1187 831 1221 2159 1615 2511 1515 1176 980 1310 1640 1756 1295 1314 639 2355 1762 1997 541 2174 1806 1386 955 1412 393 2114 2628 837 2268 1365 1514 938 1459 1370 1715 2267 1901 1660 2656 1267 2265 2104 1586 2190 228 2311 1420 1712 1657 1098 1667 2314 1446 1843 1308 2021 1425 2335 1385 1138 2440 1496 2259 1365 1648 1176 1369 2379 2393 2497 1674 1501 875 2914 2154 1391 1065 1154 323 1682 1340 1783 1758 1757 243 958 1696 2294 968 559 2000 1800 988 2074 2180 1256 1358 1271 1526 1269 1415 1093 2122 1264 1057 1910 1364 1977 2663 1366 1689 1192 1223 1031 1137 1990 2314 1265 2503 1452 1117 2187 263 1086 2223 2210 1206 2404 1438 1037 1322 2028 2435 1454 1417 547 1175 229 407 2327 2051 2633
1052 1608 2042 1204 1709 1087 2461 1271 2099 1216 288 969 1427 979 2292 0 2277 1049 1851 1802 1673 1879 676 1522 898 689 1272 1095 1445 1243 995 1969 1100 1075 1361 2078 1644 1871 1752 1395 2261 733 2032 1102 2139 2210 757 1547 587 1223 1559 589 1073 1730 2124 973 973 1090 1440 1892 1257 1796 1942 943 1150 1272 2020 1761 1081 1046 1017 1624 2096 1682 2072 1176 1976 379 1096 1088 2024 1246 1928 611 1997 1858 692 1066 1727 1499 1336 1927 1413 1557 1546 1005 611 1266 1443 401 1221 1368 2310 1600 1143 653 1496 1659 1072 619 1023 2013 1864 1311 1104 1037 1087 1715 949 1625 1070 2061 1594 2072 1756 959 580 304 1396 1066 1721 849 2369 1160 1645 1678 2097 932 1688 1073 1480 1480 2284 1518 986 739 2031 1901 1178 2245 1544 866 1470 1396 1915 1288 1200 1286 1234 2154 2353 2200 1445 879 1505 1612 1520 1204 1829 1209 1267 2093 1650 1280 1604 1822 694 1175 1648 742 2391 1481 1401 322 1312 852 1837 1678 1879 560 1804 1115 1322 2081 1731 2305 2183 437 865 566
1859 1146 1823 1279 2060 1881 2152 1499 2542 2609 2512 1530 2234 2339 81 2277 0 1425 2467 2609 1606 1308 2476 1873 2162 2048 1314 2534 1043 1332 1802 1398 1644 1461 1206 525 1777 1673 2559 989 1690 2516 1063 1574 2141 231 1949 1133 2055 2030 2366 2383 1879 2537 1647 1493 1624 2599 1172 816 1206 2144 1601 2497 1500 1161 965 1296 1626 1741 1280 1299 624 2340 1747 1983 563 2159 1791 1371 940 1397 379 2099 2613 823 2253 1350 1500 924 1444 1356 1700 2253 1886 1646 2641 1253 2250 2089 1572 2176 282 2296 1406 1697 1642 1083 1652 2299 1431 1828 1293 2006 1410 2320 1371 1124 2425 1481 2244 1350 1634 1162 1354 2364 2378 2482 1659 1486 860 2899 2139 1377 1050 1139 344 1667 1325 1768 1743 1743 220 943 1681 2279 953 570 1986 1785 973 2059 2165 1241 1343 1257 1511 1255 1400 1143 2107 1289 1043 1895 1349 1962 2648 1351 1674 1177 1209 1081 1122 1976 2299 1251 2489 1438 1102 2172 289 1071 2208 2195 1191 2389 1424 1022 1308 2013 2420 1439 1402 533 1160 250 457 2312 2037 2618
499 847 1160 211 827 520 1578 383 1771 1248 1213 578 874 1315 1440 1049 1425 0 1523 1248 1185 1028 1249 640 1138 688 318 1173 593 262 442 1117 795 189 601 1226 761 983 1198 555 1392 1288 1180 253 1256 1359 589 787 954 670 1005 1155 520 1176 1242 115 263 1238 599 1131 601 914 1054 1136 267 556 1259 910 770 717 602 864 1325 1354 1189 622 1125 932 768 185 1263 358 1077 738 1668 1080 892 163 840 647 441 1075 531 1229 664 717 1413 271 889 793 338 815 1458 1272 544 651 1037 801 574 938 71 1130 1012 983 220 1297 55 863 1064 738 1221 1209 1169 1220 894 1339 1017 1255 982 100 870 1539 1486 200 885 826 1245 448 927 744 1066 1065 1432 667 658 918 1270 1050 625 1363 693 698 1141 636 1063 641 426 558 347 1303 1470 1348 593 500 744 729 1288 301 1300 560 565 1241 888 952 1276 970 1261 760 887 1108 1539 641 847 968 585 1029 1076 827 1027 926 1476 225 433 1229 880 1454 1331 1084 641 1390
1881 1714 2584 1583 2308 1915 2913 1853 620 2300 2086 1362 2256 1028 2482 1851 2467 1523 0 2630 942 2070 1704 2121 1200 1675 1680 2170 1635 1506 1824 2159 1190 1670 1456 2048 2234 2265 2581 1585 2451 1652 2222 1389 2737 2400 1586 1654 1584 2052 2388 1485 1902 2559 2408 1601 1730 2235 1631 1673 1447 2395 2193 2133 1748 1463 1620 1952 1165 1022 1199 1304 1886 249 2508 2004 2166 1568 1122 1666 1624 1761 2100 1725 220 1964 1880 1643 2092 1689 1807 2117 2003 437 2144 1219 1900 1609 2272 1663 1819 2197 2500 316 1326 1271 1020 1784 1484 1935 1556 2556 2054 575 1367 1008 1515 1905 2052 2073 932 2251 891 2262 1946 1059 2014 1871 1019 1555 1911 2536 2900 1423 1647 1868 2287 1350 1194 1006 724 750 2474 1709 1053 1915 1631 2092 2007 2546 1734 1695 432 1489 2105 1351 1438 1476 1764 2344 2869 2390 1635 1634 1597 2210 2596 1698 1073 1399 1457 2283 1756 611 342 2012 1470 1093 1750 1312 2581 1671 2230 1645 1485 2026 1201 1869 2069 1542 104 1705 1800 2241 1921 2495 2373 1715 1646 1885
1032 2031 2241 1403 1908 1066 2660 1470 2879 1188 1966 1749 766 2184 2624 1802 2609 1248 2630 0 2369 2211 2001 1721 2101 1440 1471 1305 1776 1474 1055 2300 1880 1274 1784 2410 1843 2070 260 1738 2478 2041 2364 1430 2338 2542 1341 1970 1706 926 436 1908 1010 238 2323 1172 1172 1711 1783 2315 1784 1995 2141 1609 1348 1739 2443 2093 1861 1825 1796 2047 2509 2462 2270 1022 2308 1684 1876 1287 2447 1445 2260 1491 2776 2263 1645 1265 1926 1830 1534 2258 1612 2337 1745 1784 2166 1465 551 1546 1420 574 2642 2380 1756 1432 2221 1985 1749 1691 1222 2211 2196 2091 1432 2242 1286 2047 1557 1824 2259 2393 2357 2404 1990 2163 1770 2007 2176 1265 2053 2242 2568 1411 2068 2009 2429 1649 2111 1852 2260 2259 2616 1850 1766 1671 2454 2233 988 2444 1876 1451 2249 1819 2246 1825 1608 1756 1433 2486 2552 2532 1776 1624 1928 1811 1156 1403 2484 1745 1753 2425 2072 2060 2383 2153 2013 1954 2071 1861 2723 1825 606 1720 1769 1550 2260 2010 2210 1679 2584 1314 1521 2413 2063 2637 2515 1837 1600 2143
1619 883 1907 1039 1820 1641 2237 1262 1017 2122 1909 927 1994 1539 1621 1673 1606 1185 942 2369 0 1393 1873 1633 1558 1497 1074 1993 958 1091 1562 1482 1040 1221 625 1177 1687 1588 2319 909 1775 1912 1546 1079 2192 1635 1408 823 1451 1790 2126 1779 1639 2297 1732 1253 1384 2057 852 802 692 1907 1516 1955 1260 709 750 1275 1022 1137 668 473 1015 815 1832 1743 1490 1556 1188 1131 754 1157 1230 1548 1088 1133 1702 1110 1415 1012 1204 1440 1460 1005 1657 1042 2037 1013 2010 1486 1332 1936 1810 907 795 1094 297 952 1019 1758 1191 1879 1378 1119 1135 1519 1131 1229 1874 1397 1443 1575 119 1586 1270 1570 1837 1879 497 1240 1200 2358 2224 1131 816 1191 1589 1076 363 1153 300 326 1613 1032 1078 1738 761 1415 1746 1870 1058 1517 1111 658 1428 805 907 816 1160 1668 2192 1714 958 1394 766 1723 2400 1111 166 738 750 1607 925 1086 910 1335 1885 562 919 1568 1834 962 1968 1592 685 1848 259 1192 1392 1409 895 1199 1197 1371 1245 1654 1690 1708 1468 2014
1462 810 544 882 1089 1483 964 1054 2144 2211 2115 1133 1837 1941 1323 1879 1308 1028 2070 2211 1393 0 2079 1008 1764 1651 916 2137 645 934 1405 89 1246 1063 808 1109 764 815 2161 591 504 2118 543 1176 856 1242 1552 974 1658 1633 1968 1986 1481 2140 368 1095 1226 2201 774 1339 808 962 534 2099 1103 764 1467 441 1228 1343 882 1072 1208 1943 559 1585 1008 1762 1394 974 1471 1000 960 1701 2215 942 1856 952 668 512 1046 90 1048 1855 884 1248 2244 855 1853 1692 1143 1778 1341 1898 1008 1300 1245 678 1254 1902 1033 544 186 1609 1013 1923 973 262 2028 649 1847 451 1382 482 523 1967 1980 2085 1262 1089 688 2502 898 979 1093 371 1129 1270 1135 1370 1346 1345 1315 537 1284 1881 1478 933 1588 597 495 1661 1767 843 95 859 1113 857 1002 653 868 603 645 1497 952 908 2251 954 1508 779 811 591 793 1578 1902 77 2091 1040 997 1774 1370 669 1811 1798 793 1992 1284 363 206 1616 2023 1042 1005 1112 272 1337 1127 1914 1639 2221
1252 1807 2242 1403 1909 1286 2660 1470 1952 1670 762 1169 1627 697 2491 676 2476 1249 1704 2001 1873 2079 0 1722 772 1046 1471 1540 1644 1442 1195 2168 1262 1275 1561 2277 1843 2070 1951 1594 2461 99 2231 1302 2338 2410 956 1747 560 1423 1758 361 1273 1930 2324 1173 1172 1540 1640 2091 1456 1996 2141 1405 1349 1472 2220 1961 1243 1166 1216 1824 2296 1535 2271 1375 2176 426 1199 1288 2223 1445 2128 1096 1850 2057 1223 1265 1927 1698 1535 2126 1613 1411 1746 1166 195 1466 1643 932 1420 1568 2509 1454 1342 852 1695 1859 1272 1080 1223 2212 2063 1187 1304 787 1286 1914 1422 1825 806 2261 1794 2272 1956 687 1040 479 1596 1266 1921 1045 2569 1359 1845 1877 2297 1132 1887 1193 1680 1679 2483 1718 1186 1201 2230 2101 1378 2445 1744 1066 1323 1596 2114 1488 1400 1486 1434 2354 2552 2399 1644 1078 1704 1811 1965 1404 2028 1408 1467 2292 1849 1223 1457 2021 283 1374 1847 759 2590 1681 1601 503 1512 1382 2036 1878 2078 628 1657 1315 1522 2280 1931 2505 2382 393 1065 180
972 1295 729 678 339 993 1148 470 2341 1721 1686 1176 1347 1876 1888 1522 1873 640 2121 1721 1633 1008 1722 0 1736 1161 688 1647 921 789 915 930 1393 474 1049 1674 245 684 1671 962 966 1761 1438 846 768 1806 1062 1235 1427 1143 1479 1629 894 1650 811 613 713 1711 1047 1579 1048 371 752 1609 384 1004 1707 835 1368 1315 1078 1312 1773 1952 759 1095 1573 1405 1366 575 1711 541 1525 1212 2266 1528 1366 553 646 1095 647 959 242 1827 139 1315 1887 722 1363 1267 312 1288 1906 1870 1021 1153 1485 1249 1166 1412 582 700 1060 1581 818 1895 642 1027 1538 562 1819 1336 1622 1384 710 1881 1490 1728 1458 687 1318 2012 1056 774 1333 1045 1693 1046 1375 1343 1542 1542 1880 1115 1256 1391 1718 1498 1098 932 1141 1171 1739 1083 968 1090 973 1020 544 1547 1040 1488 921 1069 1192 173 1761 620 1748 1010 1016 1486 1336 1550 1874 1078 1734 1237 1335 1582 1987 1071 1321 1441 1033 1502 1524 1050 1042 1400 2074 495 614 1677 962 1902 1779 1557 1211 1864
1351 1493 2248 1198 1923 1386 2607 1469 1448 1770 1105 871 1726 280 2176 898 2162 1138 1200 2101 1558 1764 772 1736 0 1145 1295 1641 1329 1121 1294 1853 792 1285 1246 1962 1849 1959 2051 1280 2146 720 1917 1005 2353 2095 1056 1432 530 1522 1858 553 1373 2029 2103 1217 1272 1705 1325 1777 1141 2010 1887 1601 1363 1157 1905 1646 767 425 902 1509 1981 1031 2203 1475 1861 519 458 1281 1909 1376 1813 1196 1345 1743 1315 1259 1786 1383 1423 1811 1619 906 1760 727 967 1236 1742 1024 1435 1668 2194 949 1028 887 1380 1544 992 1279 1172 2218 1749 683 982 326 1130 1600 1522 1768 358 1946 1479 1957 1641 300 1314 846 1098 1170 1606 1666 2574 1038 1530 1562 1982 873 1573 452 1365 1364 2168 1403 655 1386 1916 1786 1478 2241 1429 1165 818 1281 1799 1173 1079 1171 1379 2039 2552 2085 1329 1178 1389 1825 2066 1313 1714 1093 1152 1978 1534 719 953 1706 537 1059 1533 258 2276 1366 1700 596 1197 1475 1721 1563 1763 488 1153 1320 1416 1965 1616 2190 2067 675 1164 952
663 1432 1681 842 1348 697 2099 909 1923 711 879 793 1066 1228 2063 689 2048 688 1675 1440 1497 1651 1046 1161 1145 0 910 828 1216 913 634 1740 924 714 1185 1849 1282 1509 1390 1178 1917 1085 1803 862 1777 1982 207 1371 751 823 1197 952 712 1369 1763 611 611 932 1214 1716 1080 1435 1580 829 788 1096 1844 1533 905 869 841 1448 1920 1506 1710 814 1748 729 920 727 1848 884 1700 219 1820 1675 373 704 1366 1270 974 1698 1052 1381 1185 829 1210 905 1082 315 859 1007 2081 1424 967 477 1320 1424 896 685 662 1651 1635 1135 871 1286 725 1486 392 1264 1303 1832 1418 1843 1430 1208 762 922 1220 705 1493 1284 2007 851 1469 1449 1869 756 1512 896 1304 1303 2055 1290 810 664 1855 1673 817 1884 1316 316 1293 1220 1686 1112 1024 1110 873 1926 1991 1971 1216 664 1329 1250 1057 843 1653 1032 1091 1864 1473 1104 1428 1593 1058 999 1472 905 2162 1243 1040 736 1136 530 1661 1450 1650 723 1628 754 961 1852 1503 2077 1954 881 379 1180
721 736 1140 134 875 743 1559 273 1771 1471 1436 694 1096 1472 1329 1272 1314 318 1680 1471 1074 916 1471 688 1295 910 0 1396 481 229 664 1005 881 282 489 1114 742 891 1421 443 1298 1511 1069 502 1304 1247 812 675 1177 892 1228 1378 702 1399 1222 355 486 1461 483 1020 489 962 962 1359 315 444 1148 798 863 875 509 752 1213 1511 1169 845 1013 1154 925 235 1152 168 965 961 1826 968 1115 213 748 535 214 963 511 1386 711 872 1636 157 1112 1016 386 1038 1346 1430 451 837 925 690 671 1161 311 1110 901 1140 339 1454 263 752 1287 646 1378 1098 1062 1109 789 1498 1240 1477 889 402 758 1761 1467 301 773 714 1134 605 816 902 973 972 1321 555 815 1141 1159 938 848 1343 581 921 1299 524 951 525 439 442 170 1191 1451 1237 481 797 633 777 1510 122 1189 443 436 1130 777 1109 1433 858 1484 667 776 1312 1428 525 1070 1190 474 1251 964 715 915 1148 1633 269 207 1117 768 1342 1220 1307 939 1613
944 1928 2167 1328 1834 978 2585 1395 2419 146 896 1289 949 1724 2549 1095 2534 1173 2170 1305 1993 2137 1540 1647 1641 828 1396 0 1702 1399 1009 2226 1419 1199 1681 2335 1768 1995 1255 1663 2403 1580 2289 1355 2263 2467 821 1867 1246 966 1037 1448 1045 1234 2248 1097 1097 406 1708 2212 1576 1921 2066 304 1274 1592 2340 2019 1401 1365 1336 1944 2416 2002 2196 1094 2233 1224 1416 1212 2343 1370 2186 701 2316 2170 531 1190 1851 1756 1460 2184 1537 1877 1670 1324 1439 1391 793 869 1345 853 2567 1920 1462 972 1815 1910 1392 566 1148 2137 2121 1631 1357 1782 1211 1972 514 1749 1799 2318 1914 2329 1915 1703 610 1196 1716 1191 1978 953 2493 1337 1965 1935 2354 1252 2007 1392 1800 1799 2541 1776 1306 436 2351 2159 1097 2369 1801 930 1789 1716 2172 1608 1520 1606 1358 2411 2477 2457 1702 1179 1824 1736 425 1328 2148 1528 1587 2350 1969 1600 1923 2079 1553 1494 1967 1401 2648 1738 886 1179 1632 423 2156 1936 2136 1219 2123 1240 1447 2338 1988 2562 2440 1325 990 1455
1027 558 1004 447 1156 1048 1422 493 1710 1776 1680 698 1402 1506 1057 1445 1043 593 1635 1776 958 645 1644 921 1329 1216 481 1702 0 499 970 734 812 589 374 843 762 658 1726 68 1027 1683 798 741 1261 976 1117 560 1223 1198 1533 1551 1009 1705 906 660 791 1766 302 904 374 1153 585 1664 613 329 1032 374 793 909 447 637 942 1508 1033 1150 742 1327 959 539 1036 402 694 1267 1780 717 1421 517 485 264 478 692 732 1420 882 813 1809 420 1418 1257 671 1343 1075 1464 573 865 810 425 820 1467 598 949 630 1174 578 1488 538 481 1593 466 1412 827 947 838 339 1532 1545 1650 827 654 487 2067 1305 544 658 339 863 835 700 936 911 910 1049 284 849 1446 1043 667 1153 1122 310 1226 1333 409 680 424 678 422 413 920 1314 966 3 1062 517 1011 1816 519 1073 344 376 859 541 1143 1467 587 1656 605 660 1340 1157 193 1376 1363 358 1557 849 444 644 1181 1588 582 387 846 497 1071 948 1479 1204 1786
724 754 1244 132 976 745 1663 415 1708 1474 1438 520 1099 1298 1346 1243 1332 262 1506 1474 1091 934 1442 789 1121 913 229 1399 499 0 667 1023 767 380 507 1132 846 1034 1424 461 1316 1481 1086 328 1405 1265 814 693 1021 895 1231 1349 745 1402 1273 341 486 1463 505 1038 507 1063 1050 1361 416 462 1166 816 745 700 453 770 1231 1337 1274 847 1031 1125 751 290 1169 310 983 964 1651 986 1118 269 890 553 357 981 615 1212 812 700 1607 183 1115 1019 487 1040 1364 1255 392 663 930 708 497 1164 293 1215 919 966 165 1279 244 769 1290 788 1204 1116 1024 1127 804 1324 1243 1448 826 274 776 1764 1571 131 791 732 1152 431 834 727 910 909 1338 573 641 1144 1177 956 850 1409 599 924 1124 542 969 509 265 423 313 1209 1555 1254 499 676 650 878 1513 247 1207 427 443 1147 795 935 1258 876 1454 609 794 1138 1445 547 1073 1161 492 1254 982 733 933 979 1459 358 350 1135 786 1360 1237 1278 818 1584
143 1224 1435 596 1102 177 1853 663 2072 892 1159 942 681 1377 1817 995 1802 442 1824 1055 1562 1405 1195 915 1294 634 664 1009 970 667 0 1494 1073 468 978 1603 1036 1263 1005 932 1671 1234 1557 623 1531 1736 535 1164 900 477 812 1101 116 984 1517 365 365 1184 976 1508 978 1189 1334 1082 542 933 1636 1287 1055 1019 990 1241 1702 1655 1464 363 1502 878 1069 481 1640 638 1454 684 1970 1457 838 458 1120 1024 728 1452 806 1530 938 978 1359 659 696 740 613 622 1835 1574 949 626 1414 1178 943 885 416 1405 1389 1284 625 1435 479 1240 794 1018 1453 1586 1551 1597 1183 1357 963 1201 1369 459 1247 1485 1761 605 1262 1203 1622 843 1304 1046 1453 1453 1809 1044 959 864 1647 1427 432 1638 1070 644 1443 1013 1440 1019 801 949 627 1680 1745 1725 970 818 1121 1004 1029 597 1677 939 946 1618 1265 1253 1577 1347 1207 1148 1264 1055 1916 1018 655 914 962 786 1453 1204 1404 872 1777 508 715 1606 1257 1831 1708 1030 794 1336
1551 899 466 971 1011 1572 896 1062 2234 2301 2204 1222 1926 2030 1412 1969 1398 1117 2159 2300 1482 89 2168 930 1853 1740 1005 2226 734 1023 1494 0 1336 1152 898 1198 686 737 2251 680 436 2207 626 1265 778 1331 1641 1063 1747 1722 2058 2075 1570 2229 290 1184 1315 2290 864 1428 898 884 456 2188 1149 853 1556 449 1317 1433 971 1161 1297 2032 492 1674 1097 1851 1483 1063 1560 1081 1049 1791 2304 1031 1945 1041 676 601 1131 94 974 1944 806 1337 2333 944 1942 1781 1079 1867 1430 1988 1097 1389 1334 767 1344 1991 1123 466 223 1698 1102 2012 1062 352 2117 657 1936 498 1471 564 531 2056 2070 2174 1351 1178 777 2591 820 1068 1182 460 1218 1359 1224 1460 1435 1434 1404 626 1373 1971 1567 1022 1677 530 584 1751 1857 933 130 948 1203 946 1092 735 790 650 734 1586 1041 830 2340 1043 1598 869 900 674 883 1667 1991 166 2180 1129 1086 1864 1459 758 1900 1887 882 2081 1373 452 242 1705 2112 1131 1080 1201 361 1426 1217 2004 1728 2310
1130 975 1761 805 1580 1164 2090 1069 1438 1549 1335 261 1505 976 1659 1100 1644 795 1190 1880 1040 1246 1262 1393 792 924 881 1419 812 767 1073 1336 0 942 728 1445 1504 1442 1830 762 1628 1301 1399 623 2010 1577 835 914 765 1301 1637 1168 1151 1808 1585 868 978 1484 808 1259 624 1667 1370 1382 1020 640 1387 1129 25 372 384 992 1463 1021 1685 1253 1343 945 422 938 1391 965 1295 974 1336 1225 1129 916 1269 866 1011 1294 1274 896 1417 138 1426 793 1521 912 1092 1446 1677 940 510 520 863 1027 382 1185 829 1733 1231 625 639 964 787 1082 1301 1250 888 1428 961 1439 1123 1002 1263 1268 751 805 1088 1785 2077 695 1012 1045 1464 398 1055 399 847 846 1651 886 137 1164 1398 1269 1256 1723 911 944 809 763 1282 655 512 653 967 1521 2046 1567 812 717 872 1482 1845 905 1196 576 634 1460 1017 591 943 1189 1274 542 1015 823 1758 848 1479 981 680 1275 1204 1046 1246 723 1143 977 1004 1448 1098 1672 1550 1097 895 1403
525 883 994 265 661 546 1412 222 1918 1274 1239 725 900 1425 1475 1075 1461 189 1670 1274 1221 1063 1275 474 1285 714 282 1199 589 380 468 1152 942 0 636 1261 595 822 1224 590 1231 1314 1215 395 1091 1394 615 822 980 695 1031 1181 448 1202 1076 162 265 1264 635 1167 636 748 894 1162 101 591 1295 868 917 865 671 899 1360 1501 1023 648 1160 958 915 141 1299 197 1112 764 1816 1115 918 119 679 682 298 1110 365 1376 498 864 1439 314 915 819 173 841 1493 1419 613 706 1072 837 715 964 131 964 1048 1130 367 1444 191 898 1090 577 1368 1245 1209 1256 743 1430 1043 1281 1051 236 905 1565 1321 332 920 860 1281 595 963 892 1135 1134 1467 702 805 944 1306 1085 651 1197 728 724 1289 671 1098 677 546 608 186 1338 1305 1383 589 618 779 563 1314 215 1336 597 603 1276 924 1099 1423 1005 1287 829 923 1134 1574 676 873 994 621 1055 1111 862 1062 952 1623 62 274 1264 915 1489 1366 1110 760 1416
1035 267 1323 455 1235 1056 1652 678 1531 1784 1597 615 1410 1423 1221 1361 1206 601 1456 1784 625 808 1561 1049 1246 1185 489 1681 374 507 978 898 728 636 0 946 1102 1004 1734 324 1190 1600 961 749 1607 1139 1096 207 1139 1206 1541 1467 1054 1713 1147 668 799 1745 267 571 110 1323 932 1643 676 135 699 691 710 825 364 304 776 1330 1247 1158 905 1244 876 547 703 573 857 1236 1602 517 1390 525 831 428 619 856 875 1337 1072 730 1725 428 1425 1174 747 1351 1239 1380 490 782 648 336 736 1446 606 1295 793 1091 586 1404 546 644 1562 812 1329 990 614 1001 685 1449 1525 1567 744 661 584 2046 1639 552 325 607 1026 764 367 852 806 803 1213 448 766 1426 710 831 1161 1285 473 1205 1249 35 844 335 686 333 575 1083 1608 1129 374 1068 143 1138 1824 526 741 256 183 1022 309 1060 1383 751 1573 522 307 1256 1320 377 1383 1280 83 1536 516 608 808 1097 1409 615 612 1010 660 1234 1112 1396 1156 1702
1660 945 1623 1080 1861 1681 1952 1299 2123 2410 2313 1331 2035 2139 540 2078 525 1226 2048 2410 1177 1109 2277 1674 1962 1849 1114 2335 843 1132 1603 1198 1445 1261 946 0 1578 1473 2360 789 1491 2316 864 1374 1941 555 1750 743 1856 1831 2167 2184 1680 2338 1448 1293 1424 2399 973 387 1007 1945 1401 2297 1301 962 533 1096 1426 1542 1080 871 196 1921 1548 1783 509 1960 1592 1172 508 1198 149 1900 2193 623 2054 1150 1300 724 1245 1156 1501 2053 1687 1446 2442 1053 2051 1890 1372 1976 741 2013 1206 1498 1277 884 1453 2100 1232 1629 1094 1807 1211 2121 1171 924 2226 1282 2045 1151 1205 962 1155 2165 2179 2283 1460 1287 661 2700 1940 1177 622 940 513 1468 897 1569 1402 1396 532 744 1482 2080 520 406 1786 1585 774 1860 1966 978 1144 1057 1312 1055 1201 987 1908 1090 843 1696 1087 1763 2449 1152 1246 978 1009 925 886 1776 2016 1051 2289 1238 694 1973 753 872 2009 1996 991 2190 995 823 1108 1814 2001 1240 1203 290 961 574 634 2113 1837 2419
1093 1276 485 735 478 1115 903 511 2398 1843 1808 1278 1468 1997 1792 1644 1777 761 2234 1843 1687 764 1843 245 1849 1282 742 1768 762 846 1036 686 1504 595 1102 1578 0 439 1793 803 721 1882 1217 968 756 1710 1183 1288 1548 1264 1600 1750 1015 1771 567 734 834 1833 1036 1633 1102 482 508 1730 514 1057 1761 614 1481 1428 1135 1366 1677 2065 514 1216 1476 1526 1479 632 1765 583 1429 1333 2379 1396 1487 610 425 982 688 714 367 1940 121 1428 2008 779 1484 1388 442 1409 1810 1983 1078 1274 1539 1153 1261 1533 703 455 815 1694 903 2007 739 806 1659 341 1932 1091 1676 1158 489 2003 1612 1849 1515 808 1142 2133 811 852 1387 825 1597 1159 1429 1455 1599 1599 1784 1017 1369 1513 1772 1402 1219 687 963 1293 1852 1137 724 1143 1030 1077 585 1327 795 1243 762 1190 1246 312 1882 677 1802 1064 1072 1265 1259 1663 1987 833 1855 1294 1389 1703 1891 927 1442 1562 1087 1623 1578 829 798 1521 2187 611 655 1581 742 1805 1683 1679 1332 1985
