NAME: zurich_200_9
COMMENT: TSP instance with 200 nodes. City: Zurich, Switzerland, Seed: 51
TYPE: TSP
DIMENSION: 200
EDGE_WEIGHT_TYPE: EXPLICIT
EDGE_WEIGHT_FORMAT: FULL_MATRIX
NODE_COORD_SECTION:
1 47.3952769 8.771837
2 47.4201573 8.6859202
3 47.2914852 8.6197544
4 47.5193009 8.3268443
5 47.3621116 8.7870686
6 47.2459398 8.4641345
7 47.1980787 8.3866433
8 47.5159932 8.539224
9 47.3800934 8.5207595
10 47.3012807 8.7200655
11 47.5402535 8.3203153
12 47.457478 8.3299761
13 47.2419084 8.5323308
14 47.5093072 8.7582428
15 47.4602546 8.6371375
16 47.3480531 8.6382289
17 47.2930399 8.7751029
18 47.3676994 8.5345582
19 47.3813926 8.5446647
20 47.4695085 8.3343799
21 47.2395261 8.5344799
22 47.537901 8.7913345
23 47.4135595 8.2892585
24 47.3169692 8.5258554
25 47.5305731 8.5567329
26 47.2744702 8.6898771
27 47.2016057 8.7292366
28 47.5087897 8.369033
29 47.431887 8.3534377
30 47.5212941 8.7227475
31 47.2022379 8.7084627
32 47.4194956 8.2755256
33 47.4611817 8.5251415
34 47.4459522 8.3313918
35 47.4455295 8.3846988
36 47.4886908 8.7118444
37 47.551267 8.5737528
38 47.2300976 8.667074
39 47.2410308 8.7821896
40 47.2963835 8.3977724
41 47.3844362 8.5391685
42 47.4348661 8.5670128
43 47.3519241 8.3501937
44 47.4098192 8.6022044
45 47.3244023 8.7862619
46 47.4426765 8.6404476
47 47.2316359 8.6342579
48 47.4247768 8.3691473
49 47.505774 8.7161291
50 47.402071 8.5015678
51 47.2523522 8.7186169
52 47.4810237 8.4865128
53 47.276326 8.4489515
54 47.3860271 8.5456294
55 47.2813961 8.4564614
56 47.1981791 8.4864134
57 47.3501423 8.5773704
58 47.2770587 8.4195115
59 47.4207535 8.3116084
60 47.4613617 8.5292859
61 47.2701019 8.3098835
62 47.4609382 8.325423
63 47.4750632 8.294363
64 47.4884871 8.5600949
65 47.1960918 8.5281107
66 47.4354287 8.2930121
67 47.2137446 8.6647228
68 47.2886455 8.6180755
69 47.5011332 8.7662668
70 47.2865262 8.4311904
71 47.2346873 8.4234049
72 47.2604534 8.7943574
73 47.3683779 8.3602806
74 47.3185747 8.541474
75 47.4053765 8.3997039
76 47.2550512 8.5983102
77 47.3316981 8.6516611
78 47.3529799 8.7080471
79 47.2341771 8.4314044
80 47.5019933 8.5465623
81 47.5365532 8.7322557
82 47.4909654 8.7652389
83 47.4807929 8.770951
84 47.3280682 8.6230061
85 47.2292777 8.6740416
86 47.4254912 8.6153618
87 47.4809818 8.7009379
88 47.3577519 8.33198
89 47.3562937 8.3486082
90 47.3856224 8.5976449
91 47.4217005 8.2792691
92 47.3856277 8.6936483
93 47.3304766 8.2963608
94 47.4908509 8.7694795
95 47.4860005 8.457617
96 47.5000024 8.4162131
97 47.3436477 8.7056391
98 47.4265977 8.6855829
99 47.2923463 8.5652676
100 47.4116738 8.5632276
101 47.3356795 8.4780233
102 47.4069404 8.7158915
103 47.310607 8.5500123
104 47.2651766 8.7249901
105 47.270482 8.3091824
106 47.317365 8.5258903
107 47.3084448 8.552238
108 47.4556567 8.7739161
109 47.3927776 8.5233307
110 47.5041987 8.7297145
111 47.298733 8.5995065
112 47.2852704 8.3634917
113 47.313236 8.4772795
114 47.3952336 8.6126398
115 47.2881306 8.6535287
116 47.2318127 8.6572956
117 47.2818132 8.399372
118 47.3616462 8.6300423
119 47.2489414 8.7686311
120 47.3643391 8.6992077
121 47.3904344 8.4507733
122 47.3025 8.5584218
123 47.494831 8.7107216
124 47.321177 8.3818308
125 47.381002 8.5039092
126 47.4428197 8.6289519
127 47.2216786 8.5953521
128 47.3259756 8.6536626
129 47.276518 8.5699712
130 47.2760986 8.5207005
131 47.4067419 8.7201186
132 47.2210062 8.6319861
133 47.2048626 8.7412086
134 47.5082274 8.7109828
135 47.3210578 8.7973612
136 47.3440187 8.7162626
137 47.4687724 8.3146671
138 47.4034715 8.5559276
139 47.493929 8.7048366
140 47.2792602 8.532966
141 47.4071083 8.5480198
142 47.4010611 8.508248
143 47.2005769 8.5142202
144 47.2958368 8.3153566
145 47.3781124 8.5567801
146 47.465915 8.3265255
147 47.3896072 8.6891893
148 47.2270761 8.6639615
149 47.5261279 8.5151627
150 47.3730306 8.5473212
151 47.4128474 8.5682826
152 47.4359644 8.4712538
153 47.3770197 8.5106819
154 47.319264 8.5517594
155 47.3201293 8.4213568
156 47.4807252 8.3187459
157 47.4186145 8.6238575
158 47.2511467 8.3249449
159 47.1979003 8.734877
160 47.3701582 8.521096
161 47.3207851 8.3855845
162 47.2501071 8.4577098
163 47.2016308 8.5179782
164 47.4232023 8.3163431
165 47.4957794 8.3421238
166 47.5183598 8.5932475
167 47.4947983 8.2758732
168 47.4596357 8.5983001
169 47.385702 8.6935779
170 47.4396313 8.455334
171 47.3435974 8.4688008
172 47.5048793 8.3720577
173 47.3036266 8.5573784
174 47.3362564 8.4428621
175 47.4857935 8.2914513
176 47.5154309 8.5371272
177 47.2985924 8.5550566
178 47.4686719 8.5064187
179 47.4215908 8.5382294
180 47.3967306 8.5339881
181 47.4967464 8.7065237
182 47.4932823 8.7226358
183 47.3501731 8.718529
184 47.5126265 8.6913024
185 47.3895984 8.6736861
186 47.3167047 8.5368029
187 47.4315642 8.7624348
188 47.460003 8.6288958
189 47.312602 8.7236111
190 47.5304681 8.2774642
191 47.5135281 8.545556
192 47.3459409 8.5966926
193 47.4815608 8.699575
194 47.3417358 8.6667624
195 47.2472259 8.6015536
196 47.4031184 8.3035581
197 47.3187945 8.5792385
198 47.479898 8.5621705
199 47.3911345 8.6874154
200 47.3327326 8.3013825
EDGE_WEIGHT_SECTION:
0 645 1433 2369 309 2266 3016 1489 1348 955 2596 1876 2424 997 1062 1097 961 1367 1340 1943 2456 1239 2346 1808 1619 1200 2475 2144 1813 1086 2388 2376 1289 1888 1773 878 1697 2248 1380 2300 1229 1076 2056 908 672 975 2046 1724 1004 1387 1372 1587 2152 1231 2214 2597 1337 2365 2244 1269 2787 1896 2015 1423 2632 2153 2213 1453 964 2200 2419 1177 1983 1769 1622 2104 1196 598 2406 1431 1193 855 839 1233 2294 885 939 2122 2051 1106 2381 488 2550 854 1691 1855 675 637 1883 1109 2029 430 1877 1252 2793 1805 1792 477 1232 1008 1557 2407 2023 961 1271 2191 2314 943 1346 602 1643 1881 877 2068 1410 989 2253 1121 2043 2148 433 2098 2550 1047 758 614 1936 1107 874 2051 1099 1340 2634 2681 1303 1870 529 2245 1601 1300 1107 1436 1391 1791 2000 2089 836 2856 2535 1432 2148 2169 2628 2203 2210 1422 2188 1184 488 1466 1933 2117 1867 1889 2082 1493 1790 1448 1203 1173 906 950 570 975 615 1749 329 1027 869 2623 1462 1212 921 1052 2056 2370 1543 1322 555 2535
645 0 1324 1991 759 1888 2637 1111 970 947 2218 1498 2045 794 534 791 1031 988 962 1565 2078 829 1968 1430 1213 1196 2097 1766 1435 675 2009 1997 910 1510 1395 467 1286 1869 1463 1922 850 698 1677 534 757 447 1668 1346 594 1009 1354 1208 1773 853 1836 2219 1030 1986 1866 890 2409 1518 1636 1044 2254 1775 1835 1345 817 1821 2040 1259 1605 1390 1244 1725 950 519 2028 1052 783 822 870 1028 1916 512 539 1744 1673 728 2002 287 2172 854 1313 1476 630 74 1504 731 1651 216 1499 1234 2415 1427 1414 692 854 624 1449 2029 1645 584 1266 1813 1936 636 1355 440 1265 1503 466 1690 1032 457 1875 963 1665 1770 316 1720 2172 636 843 609 1558 729 463 1673 721 962 2256 2303 925 1492 247 1867 1223 922 728 1058 1012 1412 1622 1711 462 2477 2156 1054 1770 1791 2250 1825 1832 980 1809 656 287 1088 1554 1739 1489 1511 1704 1115 1412 1070 825 795 496 540 566 564 239 1370 539 499 851 2245 1084 905 521 763 1678 1991 1269 944 236 2156
1433 1324 0 2510 1303 1868 2617 1805 1102 654 2739 1940 2026 2054 1733 648 855 931 1036 2007 2058 2089 2300 1410 1935 511 2077 2432 1877 1935 1989 2376 1604 1952 1890 1728 2296 1850 1056 1936 1033 1392 1790 1190 1078 1628 1648 1788 1854 1338 736 1902 1753 1066 1816 2199 678 1966 2282 1584 2405 1960 2078 1738 2234 2217 1815 38 2077 1801 2020 1031 1882 1345 1743 1705 460 923 2008 1746 2043 2082 2073 474 1896 1358 1799 1857 1786 1144 2397 1145 2285 2089 1980 2143 884 1380 1484 1326 1631 1312 1424 707 2411 1407 1394 1712 1184 1885 203 2041 1625 1039 277 1793 1916 690 940 1003 1547 1455 1726 1803 1142 1526 1855 372 1645 1750 1357 1700 2152 1897 1051 822 2000 1210 1723 1653 1241 1332 2236 2385 995 1934 1135 1847 1917 917 1338 1676 1102 1294 1667 2153 1332 2460 2136 1042 1883 1771 2230 2267 2274 1945 2251 1568 1145 1703 1535 2406 1441 1598 2146 1809 1392 1763 1438 1134 1756 1800 885 1825 1088 1350 1564 1697 755 2766 1777 635 1781 636 1658 2213 421 1638 1145 2269
2369 1991 2510 0 2294 1952 2702 1222 1455 2451 312 724 2236 2383 1807 2151 2535 1590 1722 712 2268 2418 1088 1893 1362 2666 2547 367 910 2265 2459 1113 1226 768 1010 2057 1781 2319 2967 1924 1597 1452 1514 1574 2260 1806 2118 969 2183 1439 2857 934 1838 1616 1890 2283 1919 2051 1048 1246 2411 683 661 1407 2390 891 2285 2522 2406 1876 2105 2763 1459 1840 1119 2175 2310 2033 2092 1277 2341 2411 2460 2250 2366 1713 2128 1589 1475 1751 1118 1882 1858 2443 825 519 2136 1939 1954 1620 1715 2073 1949 2737 2417 1890 1864 2396 1437 2214 2324 2031 1700 1682 2645 2263 2000 1996 2858 1957 1362 1953 2055 1692 1435 1715 2325 2323 2115 2158 2110 2170 2622 2219 2346 2113 566 1563 2052 2123 1549 1552 2321 2173 1717 616 1880 2317 1173 1662 1650 1151 1502 1946 1624 439 1663 2498 2606 1570 1772 1855 2315 1002 263 1618 565 1567 1882 1140 1584 400 1939 1513 460 1211 1862 1177 1455 1514 2085 2129 2069 2115 1812 1820 2264 1724 2355 339 1274 2044 2111 2125 2128 1173 2089 1440 1890 1851
309 759 1303 2294 0 2191 2941 1415 1274 790 2521 1801 2349 1263 1172 1031 756 1292 1265 1868 2382 1353 2272 1733 1545 1070 2401 2070 1739 1199 2313 2301 1214 1813 1698 991 1810 2173 1176 2226 1154 1002 1981 833 467 1072 1971 1649 1117 1312 1194 1512 2077 1157 2139 2522 1271 2290 2170 1194 2712 1822 1940 1348 2558 2079 2138 1323 1230 2125 2344 972 1908 1694 1548 2029 1066 503 2331 1356 1307 1121 1104 1103 2219 811 1052 2048 1977 1032 2306 513 2475 1120 1617 1780 545 750 1808 1035 1954 543 1802 1074 2719 1731 1718 743 1158 1148 1427 2332 1949 903 1141 2117 2239 877 1141 522 1569 1806 990 1994 1336 970 2179 991 1969 2073 546 2023 2476 1160 553 483 1862 1032 987 1977 1025 1266 2560 2607 1229 1795 553 2171 1527 1226 1032 1361 1316 1716 1926 2014 761 2781 2460 1358 2073 2094 2554 2128 2135 1535 2113 1178 513 1392 1858 2043 1792 1815 2008 1419 1716 1373 1128 1098 1020 1064 440 1088 558 1674 595 1136 692 2549 1387 1146 1035 922 1982 2295 1413 1248 579 2460
2266 1888 1868 1952 2191 0 942 1847 1034 1980 2182 1382 366 2280 1850 1711 2181 956 1140 1449 399 2315 1512 937 1977 2077 1469 1993 1320 2161 1381 1589 1522 1394 1333 1953 2337 1223 2477 609 1089 1412 1003 1484 2157 1836 1021 1230 2080 1326 2286 1599 284 1148 358 405 1286 569 1495 1502 1007 1403 1521 1780 513 1610 1101 1880 2303 434 267 2357 1094 968 1037 1115 1801 1930 223 1788 2269 2308 2356 1617 1269 1609 2025 1069 998 1449 1626 1779 1230 2340 1630 1794 2033 1836 1026 1380 783 1970 1058 2175 1014 935 992 2293 1183 2110 1683 643 724 1572 2011 1166 518 1585 2360 1854 1063 1080 1952 798 1044 1741 722 1713 1097 459 2007 979 1544 2123 2243 2010 1443 1264 1949 717 1296 1380 443 993 1171 1376 1777 1221 1958 1053 1408 1375 1004 1074 714 1595 1559 991 1528 929 871 97 437 1507 1716 1987 1694 1610 1779 1405 687 2026 1067 800 1589 1850 990 1559 1436 1190 1982 2026 1966 2050 1709 948 2161 1767 2081 2209 1819 1410 2007 1833 1068 1425 1447 1679 1786 1254
3016 2637 2617 2702 2941 942 0 2596 1784 2730 2931 2132 1263 3030 2600 2460 2931 1706 1890 2199 1296 3065 1783 1770 2726 2827 2366 2743 2070 2911 2279 1859 2272 2144 2082 2703 3087 2120 3227 1073 1839 2161 1392 2234 2907 2586 1918 1980 2829 2075 3036 2348 1107 1898 1181 1143 2036 1095 1880 2252 836 2152 2271 2530 1381 2012 1998 2630 3053 1102 690 3107 1617 1718 1787 2012 2550 2680 736 2538 3019 3057 3106 2366 2166 2359 2775 1307 1407 2198 1897 2529 1090 3090 2380 2543 2783 2585 1832 2129 1533 2720 1826 2925 842 1768 1742 3043 1933 2860 2432 815 1526 2322 2761 2064 983 2335 3110 2604 1813 1830 2702 1130 1794 2491 1620 2463 1992 1356 2756 1876 2441 2872 2993 2759 2192 2014 2699 1614 2046 2130 1311 854 1920 2126 2527 2118 2708 1803 2158 2124 1753 1824 1354 2345 2309 681 2425 1679 1210 957 1305 1892 2466 2737 2444 2360 2529 2155 1436 2776 1816 1531 2338 2600 1739 2308 2185 1939 2732 2775 2716 2800 2458 1698 2911 2517 2831 2959 2569 2160 2757 2583 1965 1696 2197 2429 2536 1138
1489 1111 1805 1222 1415 1847 2596 0 958 1571 1449 1299 2033 1314 773 1271 1655 976 949 1366 2066 1237 1864 1417 180 1786 2085 997 1332 1083 1997 1894 450 1406 1152 1159 591 1857 2087 1819 838 484 1574 694 1381 772 1655 1242 1040 996 1978 509 1732 841 1785 2178 1175 1945 1763 443 2305 1330 1530 297 2242 1672 1822 1825 1414 1770 1999 1883 1501 1378 1141 1713 1431 1154 1987 135 1151 1420 1481 1503 1903 776 1180 1641 1569 871 1899 1003 2068 1465 531 708 1256 1059 1492 741 1609 1193 1486 1858 2312 1415 1402 1517 842 1145 1636 1925 1594 802 1796 1801 1895 1116 1979 1078 1162 1490 1130 1587 1020 681 1862 1443 1653 1757 1230 1707 2159 1031 1467 1233 1381 716 1100 1661 709 950 2215 2200 913 1293 1001 1855 199 910 738 881 1000 1400 1519 1382 783 2393 2144 1042 1666 1750 2209 1721 1157 428 1580 533 1003 869 1479 971 1476 1408 1474 12 1399 576 716 782 1109 1226 1190 925 932 1358 1385 690 1475 1477 57 1300 1162 1245 1666 1888 1401 331 1010 2053
1348 970 1102 1455 1274 1034 1784 958 0 1214 1684 885 1192 1363 961 938 1416 182 336 952 1224 1397 1355 576 1088 1311 1243 1467 822 1244 1156 1385 757 897 835 1036 1448 1016 1711 1102 256 544 957 579 1240 937 814 733 1162 339 1521 1015 920 285 982 1365 520 1133 1253 737 1571 905 1024 891 1400 1162 981 1114 1385 968 1187 1591 994 537 688 872 1035 1012 1174 899 1351 1390 1439 851 1062 692 1107 1023 952 666 1390 861 1451 1422 1046 1210 1115 918 651 452 797 1052 645 1409 1577 573 560 1376 196 1193 917 1207 791 654 1246 959 1082 813 1594 937 505 649 1035 969 143 838 1021 947 811 916 1089 866 1318 1205 1326 1092 945 344 1032 819 364 393 1402 1552 376 879 860 1013 1069 263 491 715 134 596 833 1098 642 1627 1303 162 1049 937 1396 1212 1219 1098 1197 721 861 741 701 1472 635 764 1091 961 558 916 512 224 1064 1108 1048 1133 791 517 1244 878 1299 1712 930 645 1090 1058 824 1360 681 790 869 1436
955 947 654 2451 790 1980 2730 1571 1214 0 2677 1957 2138 1651 1333 562 336 1044 1084 2024 2171 1686 2381 1522 1701 303 2189 2226 1895 1532 2102 2432 1370 1969 1854 1324 2062 1962 629 2048 1082 1158 1903 989 523 1228 1760 1805 1451 1386 446 1668 1866 1113 1928 2311 721 2079 2326 1350 2517 1978 2096 1504 2347 2235 1927 674 1674 1914 2133 511 1994 1458 1704 1818 391 447 2120 1512 1640 1612 1595 437 2008 967 1396 1969 1898 1059 2454 669 2397 1611 1773 1936 408 1003 1597 1191 1743 830 1537 326 2524 1520 1507 1234 1232 1481 778 2153 1738 910 470 1905 2028 604 512 527 1659 1568 1323 1915 1255 1126 1967 322 1758 1862 875 1812 2264 1494 532 346 2018 1188 1320 1765 1181 1381 2348 2498 1011 1952 709 1960 1683 965 1188 1517 1214 1406 1779 2170 917 2573 2249 1154 1995 1883 2343 2284 2291 1711 2269 1334 669 1548 1647 2199 1554 1710 2164 1575 1504 1530 1284 1182 1353 1397 409 1421 714 1463 1086 1298 101 2705 1543 596 1378 452 1771 2326 764 1404 735 2382
2596 2218 2739 312 2521 2182 2931 1449 1684 2677 0 951 2465 2610 2034 2377 2762 1820 1951 939 2498 2645 1317 2122 1589 2893 2776 594 1137 2491 2689 1343 1453 995 1237 2284 2008 2549 3194 2154 1826 1679 1743 1801 2487 2033 2347 1199 2410 1666 3084 1161 2067 1846 2120 2513 2149 2280 1278 1473 2640 910 892 1634 2620 1120 2514 2751 2633 2106 2334 2990 1688 2070 1349 2405 2537 2260 2322 1504 2568 2638 2687 2480 2595 1939 2355 1818 1704 1978 1348 2109 2088 2670 1052 746 2363 2166 2184 1847 1944 2300 2178 2964 2647 2120 2094 2623 1666 2441 2554 2260 1929 1909 2874 2492 2230 2223 3085 2184 1592 2182 2282 1922 1664 1942 2554 2550 2345 2387 2337 2399 2851 2445 2573 2340 793 1790 2279 2352 1776 1779 2550 2403 1947 843 2107 2547 1400 1891 1877 1378 1732 2176 1854 674 1890 2728 2836 1799 2001 2085 2544 1232 490 1845 801 1794 2109 1367 1814 627 2168 1743 696 1438 2091 1404 1682 1743 2312 2356 2296 2342 2039 2050 2491 1951 2582 349 1501 2273 2337 2352 2358 1402 2318 1667 2117 2081
1876 1498 1940 724 1801 1382 2132 1299 885 1957 951 0 1666 1890 1398 1657 2041 1020 1152 210 1698 1925 740 1323 1438 2140 1977 762 388 1771 1889 766 1056 246 354 1563 1858 1750 2473 1355 1027 959 1110 1080 1767 1396 1548 399 1690 936 2350 917 1268 1046 1320 1713 1350 1481 701 1050 1841 68 351 1327 1821 543 1715 1952 1913 1306 1535 2270 970 1270 549 1605 1817 1540 1522 1333 1879 1918 1966 1680 1796 1219 1635 1176 1105 1257 770 1389 1511 1950 891 914 1643 1446 1384 1127 1145 1580 1379 2233 1847 1320 1294 1903 867 1720 1754 1461 1130 1189 2075 1693 1430 1503 2365 1464 792 1383 1562 1122 865 1305 1755 1777 1545 1588 1616 1600 2052 1733 1853 1619 205 1028 1559 1553 1063 1049 1751 1735 1147 137 1387 1747 1279 1092 1157 807 932 1376 1055 365 1169 1928 2036 1000 1202 1285 1745 655 485 1535 524 1158 1389 708 1014 795 1369 944 419 1287 1292 1012 983 944 1592 1636 1576 1660 1319 1250 1771 1315 1862 978 1342 1474 1617 1632 1558 825 1519 1227 1396 1504
2424 2045 2026 2236 2349 366 1263 2033 1192 2138 2465 1666 0 2438 2037 1868 2339 1114 1298 1733 62 2473 1796 754 2163 2235 1174 2277 1603 2319 1086 1872 1806 1678 1616 2111 2524 928 2635 930 1247 1620 1286 1654 2315 2012 726 1514 2237 1483 2444 1882 554 1306 563 556 1444 890 1778 1786 1328 1686 1805 1966 431 1894 806 2038 2461 681 588 2515 1378 801 1320 820 1958 2088 544 1974 2427 2466 2514 1775 974 1767 2183 1353 1282 1607 1910 1937 1551 2498 1914 2077 2191 1993 842 1538 792 2128 875 2333 1335 751 842 2451 1341 2268 1840 965 598 1730 2169 871 840 1743 2518 2012 1269 915 2110 1057 1202 1913 427 1871 914 276 2164 684 1249 2280 2401 2167 1726 1422 2107 534 1454 1538 361 1315 1328 1660 1935 925 2145 1211 1566 1658 1161 927 887 1879 1717 1312 1233 1087 1131 418 355 1791 2000 2174 1978 1796 1937 1688 836 2310 901 938 1872 2037 856 1842 1650 1347 2140 2184 2124 2208 1867 804 2319 1954 2239 2492 2005 1568 2165 1991 773 1709 1605 1866 1944 1575
997 794 2054 2383 1263 2280 3030 1314 1363 1651 2610 1890 2438 0 941 1520 1735 1381 1354 1957 2471 278 2360 1822 1255 1900 2489 2158 1828 419 2402 2390 1303 1902 1787 414 1207 2262 2167 2315 1243 1090 2070 927 1461 938 2060 1738 330 1401 2058 1601 2166 1246 2228 2611 1580 2379 2259 1283 2801 1911 2029 1371 2647 2167 2227 2075 128 2214 2433 1964 1997 1783 1637 2118 1680 1234 2420 1371 265 231 338 1758 2308 909 580 2137 2065 1120 2395 1063 2564 290 1706 1869 1337 742 1897 1124 2043 900 1891 1938 2808 1820 1807 520 1247 248 2041 2421 2038 1052 1971 2206 2328 1366 2059 1158 1658 1895 337 2082 1425 986 2267 1693 2058 2162 913 2112 2564 388 1547 1313 1950 1121 392 2065 1114 1355 2649 2696 1318 1884 1023 2260 1470 1314 1121 1450 1405 1805 2015 2103 859 2870 2549 1447 2162 2183 2643 2217 2224 932 2202 1115 1063 1480 1947 2132 1881 1904 2096 1327 1804 1462 1217 1187 385 314 1270 490 1007 1763 688 958 1555 2638 1316 1635 563 1495 2071 2384 1806 1318 1012 2549
1062 534 1733 1807 1172 1850 2600 773 961 1333 2034 1398 2037 941 0 1199 1417 980 953 1465 2069 997 1868 1421 798 1582 2088 1582 1335 844 2001 1898 732 1410 1295 615 915 1861 1849 1823 842 488 1578 569 1143 234 1659 1246 741 1000 1740 1030 1736 844 1788 2181 1179 1949 1766 712 2309 1418 1537 667 2245 1675 1826 1753 964 1774 2003 1646 1505 1382 1144 1717 1359 916 1990 701 951 969 1018 1437 1907 402 566 1644 1573 816 1903 765 2072 1001 1116 1293 1019 482 1496 692 1613 719 1490 1620 2315 1418 1405 1034 845 772 1640 1929 1598 739 1653 1804 1898 1044 1741 840 1165 1494 613 1590 1023 207 1866 1371 1656 1761 736 1711 2163 795 1229 996 1458 720 610 1664 713 953 2219 2203 917 1392 761 1859 885 913 689 958 1004 1404 1523 1611 470 2396 2148 1045 1670 1753 2213 1725 1719 565 1710 240 765 988 1482 1556 1480 1412 1604 777 1403 892 719 786 643 687 952 733 695 1362 932 83 1238 2062 745 1304 548 1174 1670 1892 1404 579 752 2057
1097 791 648 2151 1031 1711 2460 1271 938 562 2377 1657 1868 1520 1199 0 763 774 797 1724 1901 1555 2103 1253 1401 659 1920 1926 1595 1401 1832 2155 1070 1669 1555 1194 1762 1692 1059 1779 797 858 1633 656 986 1094 1491 1505 1320 1098 868 1368 1596 790 1659 2042 488 1809 2026 1050 2248 1678 1796 1204 2077 1935 1658 668 1543 1644 1863 939 1725 1188 1404 1548 274 746 1851 1212 1509 1548 1597 309 1739 824 1265 1700 1629 611 2162 611 2128 1580 1473 1636 706 846 1327 839 1474 826 1267 757 2254 1250 1237 1302 944 1351 772 1884 1468 505 639 1636 1759 156 942 677 1385 1298 1192 1646 980 992 1698 286 1488 1593 927 1543 1995 1363 959 644 1718 877 1189 1496 869 1071 2079 2228 664 1652 601 1690 1383 680 836 1217 940 1137 1510 1870 798 2303 1979 885 1726 1614 2073 1984 1991 1411 1969 1034 611 1248 1377 1899 1284 1441 1864 1275 1235 1230 984 873 1222 1266 708 1291 554 1193 1150 1163 605 2405 1243 363 1247 236 1501 2056 551 1104 611 2112
961 1031 855 2535 756 2181 2931 1655 1416 336 2762 2041 2339 1735 1417 763 0 1245 1285 2108 2372 1770 2512 1724 1785 529 2391 2310 1979 1616 2303 2541 1454 2053 1939 1409 2146 2163 444 2250 1283 1242 2104 1074 335 1312 1961 1889 1535 1553 496 1752 2067 1315 2130 2512 922 2280 2410 1434 2718 2062 2180 1588 2548 2319 2129 876 1758 2115 2334 240 2148 1659 1788 2019 592 595 2322 1596 1724 1695 1678 639 2209 1051 1480 2171 2100 1260 2546 753 2598 1694 1857 2020 589 1087 1798 1275 1944 914 1738 405 2725 1721 1708 1317 1398 1566 979 2354 1939 1143 672 2107 2230 806 407 672 1809 1769 1407 2117 1456 1211 2169 523 1959 2064 960 2013 2466 1578 309 490 2102 1273 1404 1967 1265 1506 2550 2699 1213 2036 793 2161 1767 1166 1272 1601 1416 1608 1981 2255 1001 2774 2450 1355 2197 2084 2544 2368 2376 1796 2353 1418 753 1632 1848 2283 1755 1911 2248 1659 1706 1614 1369 1338 1437 1481 553 1506 798 1664 1169 1382 338 2789 1627 797 1462 693 1972 2527 966 1488 819 2583
1367 988 931 1590 1292 956 1706 976 182 1044 1820 1020 1114 1381 980 774 1245 0 243 1087 1146 1415 1388 498 1106 1141 1165 1581 958 1262 1078 1456 775 1032 971 1054 1467 938 1541 1024 190 563 879 597 1258 955 736 868 1180 464 1350 1073 842 250 904 1287 350 1055 1371 755 1493 1041 1159 909 1322 1298 903 944 1403 890 1109 1420 970 459 823 794 864 1031 1096 917 1370 1408 1457 680 984 710 1126 945 874 512 1477 880 1373 1441 1140 1303 1133 936 573 480 719 1071 560 1239 1499 495 482 1394 309 1211 746 1129 713 658 1075 881 1004 649 1424 955 627 571 1053 891 223 856 943 777 733 838 1107 788 1240 1223 1344 1110 1080 365 1050 741 396 493 1324 1474 234 1014 878 935 1088 141 509 837 182 430 755 1233 660 1549 1225 122 971 859 1318 1347 1354 1116 1332 739 880 863 623 1566 557 686 1226 980 480 934 593 295 1083 1126 1067 1151 809 439 1262 896 1145 1847 948 474 1108 897 746 1301 511 809 887 1358
1340 962 1036 1722 1265 1140 1890 949 336 1084 1951 1152 1298 1354 953 797 1285 243 0 1219 1331 1389 1571 683 1079 1180 1350 1544 1089 1235 1262 1622 748 1164 1095 1028 1440 1122 1580 1209 177 536 1063 566 1231 929 920 1000 1154 470 1390 1044 1026 173 1088 1471 389 1239 1520 729 1677 1172 1291 883 1507 1429 1088 1048 1377 1074 1293 1460 1155 643 955 978 904 1004 1280 891 1343 1382 1431 720 1168 683 1099 1130 1058 473 1644 853 1557 1414 1091 1255 1107 910 757 447 903 1044 751 1279 1684 680 667 1367 315 1185 851 1313 898 626 1115 1066 1188 672 1464 928 781 755 1026 1076 394 829 1128 817 918 1023 1081 972 1425 1197 1317 1084 1212 344 1023 926 353 444 1509 1658 185 1146 851 1120 1061 130 476 788 354 622 940 1365 634 1733 1409 307 1155 1043 1503 1479 1486 1090 1463 713 853 814 807 1517 741 870 1358 953 665 908 555 246 1056 1100 1040 1125 783 623 1235 870 1184 1978 922 514 1081 919 931 1486 615 782 861 1542
1943 1565 2007 712 1868 1449 2199 1366 952 2024 939 210 1733 1957 1465 1724 2108 1087 1219 0 1765 1992 757 1390 1505 2207 2044 751 455 1838 1956 782 1123 313 467 1630 1925 1817 2540 1422 1094 1026 1175 1147 1834 1463 1615 466 1757 1003 2417 984 1335 1113 1387 1780 1417 1548 717 1117 1908 159 340 1394 1888 560 1782 2019 1980 1373 1602 2337 1037 1337 616 1672 1884 1607 1589 1400 1946 1985 2033 1747 1863 1286 1702 1243 1144 1324 787 1456 1527 2017 958 903 1710 1513 1451 1194 1212 1647 1446 2300 1914 1387 1361 1970 934 1787 1821 1528 1197 1256 2142 1760 1497 1570 2432 1531 859 1450 1629 1189 932 1372 1822 1844 1612 1655 1683 1667 2119 1800 1920 1686 184 1095 1626 1620 1130 1116 1818 1802 1214 96 1454 1814 1346 1159 1224 874 999 1443 1122 353 1236 1995 2103 1067 1269 1352 1812 671 474 1602 513 1225 1456 820 1081 784 1436 1011 407 1354 1359 1078 1050 1011 1659 1703 1643 1727 1386 1317 1838 1382 1929 967 1409 1541 1684 1699 1625 842 1586 1294 1463 1520
2456 2078 2058 2268 2382 399 1296 2066 1224 2171 2498 1698 62 2471 2069 1901 2372 1146 1331 1765 0 2505 1828 787 2196 2267 1163 2309 1636 2352 1075 1905 1839 1710 1649 2144 2556 917 2667 962 1280 1652 1319 1687 2348 2045 715 1547 2270 1516 2477 1915 586 1339 596 618 1477 923 1811 1819 1361 1719 1837 1999 493 1926 795 2070 2493 714 621 2547 1411 834 1353 809 1991 2120 577 2007 2459 2498 2547 1807 963 1800 2216 1385 1314 1639 1942 1970 1584 2530 1946 2110 2223 2026 875 1570 825 2160 907 2366 1368 784 875 2484 1374 2301 1873 997 631 1762 2202 860 872 1776 2551 2045 1302 948 2143 1090 1234 1946 416 1904 946 308 2197 673 1238 2313 2434 2200 1759 1455 2140 566 1486 1570 423 1347 1361 1693 1968 915 2177 1243 1599 1691 1194 959 920 1912 1750 1345 1222 1120 1163 451 417 1823 2033 2206 2010 1829 1970 1721 869 2342 934 970 1905 2070 889 1875 1683 1380 2172 2216 2156 2241 1899 837 2352 1986 2272 2525 2038 1601 2198 2023 762 1742 1638 1898 1977 1608
1239 829 2089 2418 1353 2315 3065 1237 1397 1686 2645 1925 2473 278 997 1555 1770 1415 1389 1992 2505 0 2395 1857 1178 1935 2524 2193 1862 345 2437 2425 1338 1937 1822 602 1129 2297 2202 2349 1278 1125 2105 961 1496 994 2095 1773 462 1436 2092 1636 2201 1280 2263 2646 1615 2414 2293 1318 2836 1945 2064 1293 2681 2202 2262 2109 378 2249 2468 1998 2032 1818 1671 2153 1715 1268 2455 1293 346 481 588 1792 2343 944 636 2171 2100 1155 2430 1098 2599 540 1734 1904 1371 777 1932 1158 2078 934 1926 1972 2842 1854 1841 770 1281 433 2076 2456 2072 1086 2005 2240 2363 1400 2094 1193 1692 1930 526 2117 1459 1043 2302 1727 2092 2197 948 2147 2599 481 1582 1348 1985 1156 580 2100 1148 1389 2683 2730 1352 1919 1057 2294 1392 1349 1156 1485 1440 1840 2049 2138 894 2905 2584 1481 2197 2218 2677 2252 2259 855 2237 1171 1098 1515 1982 2166 1916 1938 2131 1249 1839 1497 1252 1222 573 564 1304 412 1042 1797 938 1014 1590 2672 1238 1669 619 1529 2105 2418 1840 1265 1047 2584
2346 1968 2300 1088 2272 1512 1783 1864 1355 2381 1317 740 1796 2360 1868 2103 2512 1388 1571 757 1828 2395 0 1453 1994 2509 2107 1129 812 2242 2019 76 1540 724 978 2034 2355 1879 2888 1060 1479 1429 553 1551 2238 1867 1678 789 2160 1407 2719 1495 1398 1517 1414 1843 1718 1317 174 1520 1371 705 609 1798 1950 230 1845 2312 2383 1309 1531 2731 644 1400 925 1735 2230 2010 1528 1806 2349 2388 2437 2049 1926 1690 2105 541 514 1728 114 1859 783 2420 1469 1280 2113 1916 1514 1597 1275 2050 1509 2607 1377 1450 1424 2373 1337 2191 2115 999 1260 1659 2444 1823 1164 1961 2776 1935 1213 1513 2032 827 1335 1776 1885 2145 1675 1718 2087 1730 2182 2203 2324 2090 610 1498 2029 1683 1534 1519 1881 1098 1576 660 1858 1877 1857 1485 1627 1385 1377 1506 1099 731 1640 1467 2166 1362 907 1415 1875 252 852 2005 830 1628 1859 1332 1179 1162 1499 1055 724 1865 1422 1577 1454 1414 2062 2106 2046 2131 1789 1380 2242 1785 2332 1345 1837 1843 2088 2102 1688 87 1879 1697 1867 776
1808 1430 1410 1893 1733 937 1770 1417 576 1522 2122 1323 754 1822 1421 1253 1724 498 683 1390 787 1857 1453 0 1547 1619 1011 1934 1260 1704 923 1529 1217 1335 1273 1496 1908 783 2019 1089 632 1004 943 1039 1699 1397 581 1171 1622 868 1829 1511 906 690 905 1298 828 1119 1435 1197 1558 1343 1462 1351 1059 1551 749 1422 1845 954 1157 1899 1035 199 978 639 1343 1472 1115 1359 1811 1850 1899 1159 829 1152 1567 1010 939 991 1567 1321 1438 1882 1558 1722 1575 1378 406 922 784 1512 307 1718 1564 10 275 1835 725 1653 1225 1194 705 1114 1554 727 1069 1128 1903 1396 991 363 1494 956 586 1298 789 1256 569 478 1549 633 1086 1665 1785 1552 1383 806 1491 381 838 922 1115 1538 713 1317 1319 781 1529 595 951 1201 546 324 820 1536 1102 1613 1070 472 1036 924 1109 1448 1657 1558 1635 1181 1321 1228 688 1967 350 751 1529 1421 316 1376 1034 732 1524 1568 1508 1593 1251 201 1703 1338 1623 2150 1390 953 1550 1375 592 1366 989 1250 1329 1422
1619 1213 1935 1362 1545 1977 2726 180 1088 1701 1589 1438 2163 1255 798 1401 1785 1106 1079 1505 2196 1178 1994 1547 0 1916 2215 1137 1462 1024 2127 2024 601 1536 1292 1108 532 1987 2217 1949 968 614 1704 824 1511 902 1785 1372 981 1126 2108 649 1862 971 1915 2308 1305 2075 1893 593 2435 1470 1663 447 2372 1802 1952 1955 1355 1900 2129 2013 1631 1508 1271 1843 1561 1284 2117 285 1092 1361 1422 1633 2033 906 1121 1771 1699 1001 2029 1133 2198 1406 671 848 1386 1161 1622 871 1739 1323 1616 1988 2442 1545 1532 1590 972 1086 1766 2055 1724 932 1926 1931 2025 1246 2109 1208 1292 1620 1071 1717 1150 811 1992 1573 1783 1887 1360 1837 2289 972 1597 1363 1520 846 1041 1791 839 1080 2345 2330 1043 1432 1131 1985 335 1040 868 1020 1130 1530 1649 1521 913 2523 2274 1172 1796 1880 2339 1851 1297 369 1719 663 1133 1009 1609 1110 1606 1538 1614 192 1529 726 846 912 1050 1167 1320 866 1062 1488 1515 715 1605 1616 195 1430 1103 1375 1796 2018 1531 481 1140 2183
1200 1196 511 2666 1070 2077 2827 1786 1311 303 2893 2140 2235 1900 1582 659 529 1141 1180 2207 2267 1935 2509 1619 1916 0 2286 2441 2078 1781 2199 2585 1585 2152 2070 1573 2277 2059 591 2145 1178 1373 2000 1171 752 1477 1857 1988 1700 1483 271 1884 1963 1210 2025 2408 817 2176 2492 1566 2614 2161 2279 1720 2443 2418 2024 483 1923 2011 2230 649 2091 1554 1919 1915 488 690 2217 1728 1889 1857 1840 534 2105 1216 1645 2066 1995 1155 2606 918 2494 1856 1988 2152 651 1252 1694 1354 1840 1079 1633 242 2620 1616 1603 1479 1329 1730 657 2250 1834 1020 234 2002 2125 701 474 770 1756 1664 1572 2012 1351 1376 2064 418 1854 1959 1125 1909 2361 1743 725 589 2201 1332 1569 1862 1371 1477 2445 2595 1108 2135 958 2056 1898 1062 1352 1733 1311 1503 1876 2354 1166 2670 2346 1251 2092 1980 2439 2467 2474 1927 2452 1550 918 1763 1744 2414 1651 1807 2347 1790 1601 1745 1500 1279 1602 1646 652 1670 963 1560 1331 1547 404 2920 1759 692 1627 562 1867 2422 795 1619 984 2479
2475 2097 2077 2547 2401 1469 2366 2085 1243 2189 2776 1977 1174 2489 2088 1920 2391 1165 1350 2044 1163 2524 2107 1011 2215 2286 0 2588 1915 2371 175 2183 1884 1989 1927 2163 2575 384 2686 1743 1299 1671 1598 1706 2367 2064 461 1825 2289 1535 2496 2178 1560 1357 1623 1471 1495 1773 2089 1864 2212 1997 2116 2018 1157 2205 415 2089 2512 1609 1691 2566 1689 989 1632 653 2010 2139 1647 2026 2478 2517 2566 1826 346 1819 2234 1664 1593 1658 2221 1988 2092 2549 2225 2388 2242 2045 939 1589 1438 2179 934 2385 2218 1008 849 2503 1392 2320 1892 1848 1432 1781 2221 440 1723 1795 2570 2064 1648 938 2162 1610 1253 1965 778 1922 974 1302 2216 538 75 2332 2453 2219 2037 1473 2159 1196 1505 1589 1265 2192 1380 1971 1987 440 2196 1262 1618 1869 1213 951 1474 2190 1769 2267 100 1139 1690 1521 1244 2102 2311 2225 2289 1848 1988 1895 1342 2621 924 1405 2183 2088 847 2043 1701 1399 2191 2235 2175 2260 1918 1018 2371 2005 2290 2804 2057 1620 2217 2042 606 2020 1656 1917 1996 2077
2144 1766 2432 367 2070 1993 2743 997 1467 2226 594 762 2277 2158 1582 1926 2310 1581 1544 751 2309 2193 1129 1934 1137 2441 2588 0 949 2040 2500 1154 1001 807 1048 1832 1556 2360 2742 1966 1412 1227 1555 1349 2036 1581 2159 1010 1958 1214 2632 709 1879 1420 1931 2324 1786 2092 1089 1021 2452 722 712 1182 2431 932 2326 2445 2181 1917 2146 2538 1500 1881 1160 2216 2086 1808 2133 1052 2116 2186 2235 2117 2407 1488 1903 1630 1516 1526 1159 1657 1899 2218 600 294 1911 1714 1995 1395 1756 1848 1990 2512 2458 1931 1905 2171 1356 1989 2247 2072 1741 1457 2451 2304 2041 1771 2634 1733 1356 1994 1830 1733 1424 1490 2366 2098 2156 2199 1885 2211 2663 1994 2122 1888 604 1339 1827 2164 1324 1327 2362 2215 1514 654 1656 2358 948 1520 1425 926 1491 1976 1665 527 1438 2539 2647 1563 1813 1896 2356 1043 302 1393 724 1342 1657 915 1625 111 1980 1555 619 986 1903 952 1230 1304 1860 1904 1844 1890 1587 1861 2040 1499 2130 621 1049 1911 1886 1900 2169 1214 2012 1215 1665 1892
1813 1435 1877 910 1739 1320 2070 1332 822 1895 1137 388 1603 1828 1335 1595 1979 958 1089 455 1636 1862 812 1260 1462 2078 1915 949 0 1709 1827 849 1007 146 344 1501 1822 1687 2411 1292 965 897 968 1018 1705 1334 1485 123 1627 874 2288 1069 1206 984 1258 1651 1287 1419 674 988 1778 355 525 1265 1758 669 1652 1889 1850 1244 1473 2207 744 1208 323 1543 1755 1477 1460 1273 1816 1855 1904 1618 1733 1157 1572 1038 929 1195 854 1327 1429 1887 1050 1101 1580 1383 1322 1064 1083 1517 1316 2170 1785 1258 1232 1841 804 1658 1692 1398 1067 1126 2013 1631 1368 1440 2303 1402 639 1320 1500 1060 802 1243 1692 1714 1483 1526 1554 1537 1989 1670 1791 1557 392 965 1497 1490 1001 987 1688 1659 1085 361 1325 1685 1429 1029 1095 822 870 1314 992 551 1107 1866 1974 938 1140 1223 1682 638 672 1472 698 1095 1327 698 952 982 1306 881 593 1335 1229 1044 921 881 1529 1573 1513 1598 1256 1188 1709 1252 1799 1165 1304 1412 1555 1569 1496 799 1457 1164 1334 1422
1086 675 1935 2265 1199 2161 2911 1083 1244 1532 2491 1771 2319 419 844 1401 1616 1262 1235 1838 2352 345 2242 1704 1024 1781 2371 2040 1709 0 2283 2271 1184 1783 1669 361 976 2143 2048 2196 1124 972 1951 808 1342 840 1941 1619 207 1283 1939 1482 2047 1127 2109 2492 1462 2260 2140 1164 2682 1792 1910 1140 2528 2049 2109 1956 469 2095 2314 1845 1878 1664 1518 1999 1561 1115 2302 1140 166 475 541 1639 2189 790 483 2018 1947 1002 2276 944 2445 524 1581 1750 1218 623 1778 1005 1924 781 1773 1819 2689 1701 1688 708 1128 177 1922 2302 1919 933 1852 2087 2209 1247 1940 1039 1539 1776 270 1964 1306 889 2149 1574 1939 2044 794 1993 2446 226 1428 1195 1832 1002 325 1947 995 1236 2530 2577 1199 1766 904 2141 1239 1196 1002 1331 1286 1686 1896 1984 740 2751 2430 1328 2044 2064 2524 2098 2105 701 2083 1017 944 1362 1828 2013 1762 1785 1978 1095 1686 1344 1098 1068 317 319 1151 258 889 1644 876 860 1437 2519 1085 1516 465 1376 1952 2265 1687 1112 893 2430
2388 2009 1989 2459 2313 1381 2279 1997 1156 2102 2689 1889 1086 2402 2001 1832 2303 1078 1262 1956 1075 2437 2019 923 2127 2199 175 2500 1827 2283 0 2096 1796 1901 1840 2075 2488 323 2599 1656 1211 1584 1510 1618 2279 1976 373 1738 2201 1447 2408 2090 1473 1270 1535 1384 1408 1686 2002 1776 2124 1910 2028 1930 1069 2117 327 2002 2425 1521 1603 2479 1602 901 1544 565 1922 2052 1559 1938 2391 2430 2478 1738 285 1731 2147 1576 1505 1570 2133 1901 2004 2462 2137 2301 2155 1957 852 1502 1350 2092 846 2297 2131 920 762 2415 1305 2232 1804 1760 1345 1694 2133 380 1635 1707 2482 1976 1561 850 2074 1522 1166 1877 690 1835 887 1215 2128 451 250 2244 2365 2131 1950 1386 2071 1108 1418 1502 1178 2105 1292 1884 1899 379 2109 1175 1530 1781 1125 863 1386 2103 1681 2180 167 1051 1602 1433 1156 2014 2224 2138 2201 1760 1901 1807 1254 2533 836 1317 2096 2001 759 1956 1614 1311 2104 2147 2088 2172 1831 931 2283 1917 2203 2716 1969 1532 2129 1955 518 1933 1569 1830 1908 1989
2376 1997 2376 1113 2301 1589 1859 1894 1385 2432 1343 766 1872 2390 1898 2155 2541 1456 1622 782 1905 2425 76 1529 2024 2585 2183 1154 849 2271 2096 0 1570 749 1003 2063 2385 1956 2939 1137 1527 1459 629 1580 2267 1896 1754 827 2190 1436 2794 1520 1474 1546 1491 1919 1794 1394 223 1550 1447 730 634 1827 2027 256 1921 2388 2413 1385 1607 2770 692 1477 965 1812 2282 2040 1604 1835 2379 2418 2466 2125 2002 1719 2135 617 590 1757 75 1889 860 2450 1495 1306 2143 1945 1591 1627 1351 2080 1585 2677 1454 1526 1500 2403 1367 2220 2190 1076 1336 1689 2519 1899 1240 2003 2828 1964 1250 1589 2062 904 1365 1805 1961 2221 1751 1794 2116 1806 2258 2232 2353 2119 636 1528 2059 1759 1563 1549 1957 1175 1627 686 1887 1953 1883 1546 1657 1410 1429 1582 1175 757 1669 1543 2243 1432 983 1492 1951 300 878 2035 855 1657 1889 1357 1255 1187 1575 1132 750 1891 1498 1606 1483 1444 2092 2136 2076 2160 1819 1457 2271 1815 2361 1370 1866 1918 2117 2132 1765 163 1955 1727 1896 852
1289 910 1604 1226 1214 1522 2272 450 757 1370 1453 1056 1806 1303 732 1070 1454 775 748 1123 1839 1338 1540 1217 601 1585 1884 1001 1007 1184 1796 1570 0 1082 889 976 964 1656 1886 1495 637 287 1250 493 1180 731 1454 918 1102 734 1777 298 1408 640 1461 1853 975 1621 1439 20 1981 1087 1209 429 1961 1347 1622 1624 1326 1446 1675 1682 1177 1177 817 1512 1230 953 1662 322 1292 1330 1379 1302 1702 632 1048 1316 1245 670 1575 802 1744 1363 456 711 1056 858 1291 525 1285 993 1286 1657 1987 1214 1201 1316 639 1133 1435 1601 1270 601 1596 1600 1570 915 1778 877 837 1289 975 1262 817 640 1662 1242 1452 1557 1029 1506 1959 1145 1266 1032 1130 515 972 1460 487 742 1891 1875 712 1050 800 1654 609 709 523 519 797 1199 1195 1283 582 2069 1943 841 1342 1425 1885 1397 1161 767 1382 492 802 564 1154 974 1275 1084 1276 463 1199 159 386 574 1005 1048 989 1073 731 1157 1184 649 1274 1480 423 1099 1030 1045 1465 1564 1200 462 809 1729
1888 1510 1952 768 1813 1394 2144 1406 897 1969 995 246 1678 1902 1410 1669 2053 1032 1164 313 1710 1937 724 1335 1536 2152 1989 807 146 1783 1901 749 1082 0 473 1575 1897 1762 2485 1367 1039 971 1089 1092 1779 1408 1560 261 1702 948 2362 1037 1280 1058 1332 1725 1362 1493 684 1062 1853 213 383 1339 1833 527 1727 1964 1925 1318 1547 2282 882 1282 461 1617 1829 1552 1534 1347 1891 1930 1978 1692 1808 1231 1647 1159 1053 1269 754 1401 1494 1962 1011 959 1655 1457 1396 1139 1157 1592 1391 2245 1859 1332 1306 1915 879 1732 1766 1473 1142 1201 2087 1705 1442 1515 2377 1476 777 1395 1574 1134 877 1317 1767 1789 1557 1600 1628 1612 2064 1745 1865 1631 250 1040 1571 1565 1075 1061 1763 1733 1159 219 1399 1759 1399 1104 1169 927 944 1388 1067 409 1181 1940 2048 1012 1214 1297 1757 638 530 1547 556 1169 1401 826 1026 840 1381 956 451 1407 1304 1118 995 956 1604 1648 1588 1672 1331 1262 1783 1327 1874 1023 1378 1486 1629 1644 1570 809 1531 1239 1408 1487
1773 1395 1890 1010 1698 1333 2082 1152 835 1854 1237 354 1616 1787 1295 1555 1939 971 1095 467 1649 1822 978 1273 1292 2070 1927 1048 344 1669 1840 1003 889 473 0 1461 1711 1700 2371 1305 970 856 1060 978 1664 1294 1498 443 1587 735 2261 771 1218 990 1271 1664 1300 1431 925 909 1791 422 637 1225 1771 781 1665 1902 1810 1257 1485 2167 904 1221 483 1556 1714 1437 1473 1177 1776 1815 1864 1631 1746 1116 1532 1127 1055 1155 1008 1286 1554 1847 745 882 1540 1343 1335 1003 1095 1477 1329 2141 1798 1270 1245 1800 817 1618 1705 1411 1080 1086 2025 1643 1381 1400 2262 1361 737 1333 1459 1073 815 1203 1705 1723 1495 1538 1514 1550 2002 1630 1750 1517 482 941 1456 1503 901 847 1701 1686 1084 394 1284 1698 1133 1042 1046 497 883 1326 1005 650 1067 1879 1987 950 1152 1236 1695 883 771 1432 810 1055 1286 372 965 1081 1319 894 705 1141 1242 834 825 881 1489 1533 1473 1558 1216 1201 1668 1212 1759 1264 1204 1424 1514 1529 1509 1050 1469 1124 1294 1539
878 467 1728 2057 991 1953 2703 1159 1036 1324 2284 1563 2111 414 615 1194 1409 1054 1028 1630 2144 602 2034 1496 1108 1573 2163 1832 1501 361 2075 2063 976 1575 1461 0 1060 1935 1841 1988 916 764 1743 600 1134 611 1733 1411 228 1075 1731 1274 1839 919 1902 2284 1254 2052 1932 956 2474 1584 1702 1110 2320 1841 1901 1748 437 1887 2106 1637 1670 1456 1310 1791 1354 907 2094 1118 470 442 484 1431 1981 582 253 1810 1739 794 2068 736 2238 468 1379 1542 1010 415 1570 797 1716 573 1565 1611 2481 1493 1480 652 920 259 1714 2094 1711 725 1644 1879 2002 1039 1732 831 1331 1568 100 1756 1098 660 1941 1366 1731 1836 586 1786 2238 287 1220 987 1624 795 130 1739 787 1028 2322 2369 991 1558 696 1933 1289 988 794 1123 1078 1478 1688 1777 533 2543 2222 1120 1836 1857 2316 1891 1898 785 1875 788 736 1154 1620 1805 1555 1577 1770 1170 1478 1136 891 860 145 153 943 338 681 1436 741 631 1229 2311 1146 1308 236 1168 1744 2057 1479 1010 685 2222
