NAME: zurich_200_29
COMMENT: TSP instance with 200 nodes. City: Zurich, Switzerland, Seed: 71
TYPE: TSP
DIMENSION: 200
EDGE_WEIGHT_TYPE: EXPLICIT
EDGE_WEIGHT_FORMAT: FULL_MATRIX
NODE_COORD_SECTION:
1 47.4175487 8.3726671
2 47.2998386 8.4490913
3 47.495988 8.7434455
4 47.3685944 8.5095287
5 47.2217296 8.5039321
6 47.3393737 8.4736021
7 47.3882903 8.6787149
8 47.4163786 8.5869234
9 47.3311059 8.4748094
10 47.4370229 8.291425
11 47.2173155 8.6780181
12 47.3079676 8.3220656
13 47.2036313 8.6989044
14 47.388343 8.540649
15 47.3469823 8.567024
16 47.2445532 8.6221722
17 47.3400317 8.5805283
18 47.4471039 8.3686022
19 47.5147023 8.3679945
20 47.2177374 8.5770493
21 47.3618352 8.3548827
22 47.5368518 8.6895637
23 47.4285683 8.3147324
24 47.3491492 8.7230592
25 47.2662509 8.6580361
26 47.3907119 8.4330849
27 47.3708058 8.3812207
28 47.5241381 8.3582058
29 47.4277479 8.5369585
30 47.3896193 8.6737626
31 47.5281046 8.3378769
32 47.3042862 8.6852167
33 47.3337135 8.6129442
34 47.3105721 8.3234021
35 47.4082161 8.5602323
36 47.3966799 8.4950503
37 47.5177154 8.6450306
38 47.4964291 8.7515651
39 47.4064438 8.3920143
40 47.2976739 8.765592
41 47.3938176 8.5215822
42 47.4240675 8.3137827
43 47.2842119 8.7131005
44 47.4503407 8.5958341
45 47.4158619 8.5902513
46 47.5032443 8.3271682
47 47.4129111 8.6044762
48 47.4760913 8.4519658
49 47.2772933 8.576162
50 47.3732199 8.5346349
51 47.3539507 8.3553068
52 47.4574627 8.4242238
53 47.3303998 8.2884294
54 47.3166774 8.5234541
55 47.5204256 8.5400382
56 47.2694133 8.7572701
57 47.5310934 8.5818344
58 47.435048 8.5603468
59 47.3026668 8.5543835
60 47.3654395 8.7849024
61 47.3756979 8.5562897
62 47.3908587 8.4278195
63 47.3514824 8.5847403
64 47.5113336 8.5471254
65 47.1970917 8.5070494
66 47.3466059 8.5953253
67 47.3713185 8.5360802
68 47.4187204 8.3150581
69 47.4392975 8.5725954
70 47.421416 8.5378699
71 47.3324486 8.6004668
72 47.3966484 8.613355
73 47.4569602 8.6403473
74 47.278543 8.4468604
75 47.5033058 8.3495701
76 47.3879598 8.5441965
77 47.2747012 8.6487277
78 47.2156733 8.6706125
79 47.3502766 8.2883933
80 47.330602 8.6093773
81 47.366069 8.3761408
82 47.3584314 8.595472
83 47.4693428 8.5028561
84 47.3492215 8.3387004
85 47.2649135 8.6752727
86 47.3247771 8.4574226
87 47.3668208 8.5314804
88 47.2507556 8.5981309
89 47.4154621 8.7184555
90 47.4197221 8.5837209
91 47.3389891 8.6701084
92 47.4281398 8.4008873
93 47.408228 8.5608728
94 47.4232426 8.6405448
95 47.5013597 8.7432095
96 47.4212219 8.3924671
97 47.472512 8.5250323
98 47.39643 8.6706921
99 47.4308462 8.7644289
100 47.3602408 8.5792822
101 47.3490507 8.7006476
102 47.4898618 8.7676338
103 47.4122379 8.5421918
104 47.20638 8.7566293
105 47.207314 8.4352891
106 47.3297643 8.5420272
107 47.2848999 8.6120502
108 47.4727535 8.7982511
109 47.4984893 8.7249966
110 47.3164338 8.517707
111 47.3659418 8.6846583
112 47.2135846 8.606143
113 47.2103627 8.6964057
114 47.2507035 8.7531457
115 47.4034151 8.556345
116 47.3474483 8.2763091
117 47.4419221 8.476736
118 47.3439921 8.3516382
119 47.2789772 8.4437816
120 47.5500447 8.7947313
121 47.3926874 8.480579
122 47.4746255 8.3110971
123 47.4084922 8.5452537
124 47.3936667 8.4334751
125 47.2667629 8.3109631
126 47.3659939 8.6910526
127 47.3814578 8.5035226
128 47.4642583 8.586751
129 47.2700583 8.6417442
130 47.2514368 8.7541242
131 47.4434341 8.6196661
132 47.4999574 8.3487105
133 47.4907284 8.6141539
134 47.3925631 8.6856146
135 47.3678792 8.5461752
136 47.3512447 8.7247482
137 47.3480318 8.5875931
138 47.4200509 8.616084
139 47.3866065 8.6713223
140 47.3917182 8.527349
141 47.4922261 8.3372599
142 47.4052642 8.4773042
143 47.3743577 8.502347
144 47.3937591 8.4944889
145 47.428402 8.6197294
146 47.359181 8.5580816
147 47.4804791 8.4859596
148 47.5283474 8.7090414
149 47.3722303 8.7817014
150 47.3100711 8.7827854
151 47.3689082 8.5248016
152 47.4881036 8.7093606
153 47.3587864 8.5990378
154 47.3619804 8.7106115
155 47.5088303 8.7113666
156 47.2376202 8.7442631
157 47.387569 8.6922254
158 47.3715852 8.5159015
159 47.2022979 8.5378845
160 47.4815608 8.699575
161 47.524184 8.7153117
162 47.2802434 8.5330075
163 47.4860659 8.7649853
164 47.345999 8.5786747
165 47.2486342 8.5283078
166 47.5032669 8.7218635
167 47.3604116 8.3368989
168 47.4685661 8.5170576
169 47.2354864 8.4456052
170 47.2983258 8.448153
171 47.3311458 8.575408
172 47.5074307 8.7231498
173 47.3028975 8.4494265
174 47.3409385 8.5731311
175 47.4074349 8.5597037
176 47.3519233 8.7293794
177 47.2774648 8.6581532
178 47.3773385 8.3957142
179 47.438885 8.4771334
180 47.4057601 8.5040615
181 47.2754488 8.3308761
182 47.5095224 8.759556
183 47.2610276 8.4297853
184 47.2149566 8.6412802
185 47.2600621 8.5797076
186 47.5106154 8.6445084
187 47.459036 8.3296985
188 47.3519403 8.3388178
189 47.2107734 8.353974
190 47.4511778 8.5235291
191 47.3831426 8.5336252
192 47.4147505 8.4383942
193 47.5262196 8.5145386
194 47.2619709 8.7962723
195 47.4810904 8.4914407
196 47.3706147 8.5526529
197 47.3638857 8.371252
198 47.3619633 8.3679432
199 47.4407168 8.2861784
200 47.4360559 8.3645841
EDGE_WEIGHT_SECTION:
0 928 1581 809 1396 800 1149 941 851 694 1614 1325 1623 800 1147 1450 1189 413 1007 1647 731 1558 614 1381 1936 466 493 1124 777 1112 1138 1753 1427 1302 917 566 1554 1594 149 1771 673 598 1854 937 949 911 940 912 1268 809 757 656 1348 1103 1200 2136 1464 711 1088 1553 1001 433 1192 1143 1595 1253 813 575 763 776 1448 954 1207 1059 907 830 1887 1538 1147 1437 526 1274 894 982 2049 741 831 1405 1305 941 1452 360 923 1050 1591 142 919 1150 1562 1149 1385 1721 812 1933 1536 1022 1671 1885 1438 1125 1375 1496 1584 2209 824 1166 634 909 1063 1824 561 561 838 440 1637 1365 659 957 1825 2219 1068 897 1227 1183 894 1370 1199 1001 1222 726 817 612 713 494 1028 1016 925 1544 1611 1706 796 1325 1307 1253 1536 2313 1198 761 1718 1411 1489 1350 1683 1191 1414 1444 984 977 1267 930 1300 1480 894 1155 931 1337 1985 402 588 756 1495 1693 1105 1438 1398 1566 474 975 1805 898 751 378 1305 2047 926 945 571 635 739 345
928 0 1939 780 689 353 1506 1257 328 1338 1279 823 1289 886 1043 1116 1085 1039 1661 919 788 1915 1315 1739 1832 721 883 1777 1187 1470 1792 1657 1331 800 1105 983 1964 1952 804 1970 945 1268 1759 1348 1260 1565 1303 1323 934 725 710 1292 1072 768 1610 2099 1874 1121 753 1911 950 688 1096 1553 887 1157 720 1208 1174 1187 1343 1312 1618 226 1560 929 1783 1204 1069 1332 862 1186 1304 827 1945 187 687 1070 1663 1272 1609 986 1111 1408 1949 787 1329 1508 1919 1060 1743 2079 1112 1598 828 687 1567 2242 1796 790 1733 1095 1249 2119 1124 1128 1044 616 273 2182 937 1215 1068 718 981 1723 805 1368 1721 2137 1478 1550 1638 1541 790 1728 1103 1375 1580 973 1470 1005 813 911 1386 914 1335 1902 1969 2041 645 1683 1218 1611 1894 2223 1556 719 1011 1769 1847 846 2041 1096 627 1802 906 1388 559 20 1196 1838 43 1051 1119 1694 1881 755 998 1166 864 2051 454 1104 1063 1977 1127 854 1152 1308 858 909 1715 2101 1337 856 807 778 1383 1058
1581 1939 0 1388 2397 1801 938 972 1852 2036 2230 2412 2239 1113 1537 2066 1571 1692 2055 2263 1945 540 2149 1178 1977 1542 1707 2178 1113 905 2366 1616 1608 2388 1039 1421 648 76 1569 1568 1156 2119 1682 1035 950 2218 898 1544 1884 1236 1922 1519 2487 1715 1264 1934 986 1047 1704 1132 1295 1509 1526 1344 2596 1521 1244 2126 975 1116 1744 921 864 2060 2177 1122 1907 2154 2286 1643 1740 1316 1353 2121 1982 1752 1314 2020 705 1027 1419 1622 1045 843 127 1440 1255 948 612 1400 1182 230 1126 2549 2537 1637 1997 519 152 1714 1172 2112 2200 2017 945 2345 1265 2049 2065 576 1503 1868 1040 1539 2701 1162 1322 1170 1984 2023 952 2192 927 895 1256 1167 1533 813 1014 1185 2124 1441 1369 1380 821 1363 1497 420 1084 1503 1317 319 1333 1051 334 2121 943 1322 2523 460 364 1966 201 1526 2289 223 2123 1314 2268 1941 1690 247 1905 1545 1053 1134 1893 1616 1219 1279 2559 230 2106 2054 2014 750 1780 2115 2806 1234 1154 1296 1463 1844 1468 1271 1785 1849 2058 1711
809 780 1388 0 1239 632 955 705 694 1264 1071 1386 1081 361 539 908 581 920 1542 1104 975 1364 1377 1188 1328 668 941 1659 745 919 1673 1153 827 1362 554 364 1436 1401 804 1466 338 1347 1254 835 709 1446 773 1072 726 201 897 1047 1461 557 1097 1595 1362 723 545 1359 441 641 592 1041 1438 653 205 1354 660 650 839 761 1105 901 1442 396 1279 996 1261 828 975 677 1038 1096 1440 594 184 862 1112 751 1101 867 559 857 1397 668 940 957 1368 552 1192 1528 506 1390 1378 479 1062 1691 1245 556 1182 954 1041 1615 589 1319 784 1023 906 1631 403 1096 508 595 1558 1172 193 855 1216 1633 965 1432 1125 990 286 1177 599 827 1029 379 1352 457 96 354 835 409 1094 1351 1417 1513 144 1132 710 1060 1343 1719 1005 65 1365 1218 1296 807 1490 592 1131 1251 1098 999 1110 783 692 1287 747 547 568 1143 1377 793 760 561 1441 1500 948 896 855 1464 1008 1089 1648 913 282 683 1202 1597 1096 348 994 965 1286 939
1396 689 2397 1239 0 863 1965 1715 915 1815 994 1270 1097 1344 1502 916 1544 1508 2129 378 1256 2374 1792 2197 2290 1189 1351 2246 1656 1929 2260 2115 1790 1247 1563 1451 2433 2411 1273 2429 1403 1745 2217 1816 1718 2033 1771 1791 1086 1184 1178 1761 1420 971 2078 2558 2343 1590 1080 2369 1408 1156 1554 2022 253 1615 1178 1685 1642 1655 1802 1770 2086 535 2029 1387 2241 918 1542 1791 1330 1644 1772 1319 2403 814 1146 872 2122 1739 2068 1454 1569 1866 2407 1256 1797 1967 2378 1519 2201 2537 1571 1413 535 1146 2025 2701 2254 993 2191 553 1064 2578 1591 1600 1512 1204 561 2641 1405 1683 1527 1187 1230 2181 1264 1836 2179 2596 1946 2019 2106 1999 1249 2186 1562 1836 2038 1431 1939 1473 1271 1379 1844 1372 1803 2360 2427 2500 1103 2141 1677 2070 2352 2681 2015 1177 377 2227 2305 848 2499 1554 313 2261 1379 1856 393 669 1655 2297 714 1509 1577 2153 2339 1231 1466 1626 1113 2509 564 765 822 2445 1596 1370 1051 1776 1316 1378 2183 2560 1805 1315 1276 1246 1860 1526
800 353 1801 632 863 0 1369 1119 129 1219 1141 1068 1151 748 905 978 947 911 1533 1064 659 1778 1195 1601 1694 593 755 1649 1059 1332 1663 1519 1193 1045 967 762 1833 1814 676 1833 807 1148 1621 1219 1122 1437 1165 1194 796 587 581 1164 1146 630 1482 1961 1746 993 615 1773 812 560 958 1425 1062 1019 582 1088 1046 1058 1206 1174 1489 526 1432 791 1645 1066 945 1195 733 1048 1176 780 1807 175 549 932 1525 1134 1472 858 973 1270 1811 659 1201 1370 1781 922 1605 1941 974 1460 1003 549 1429 2105 1658 653 1595 1024 1112 1981 986 1004 916 708 531 2044 757 1087 930 590 1183 1585 662 1239 1583 1999 1350 1422 1509 1403 652 1590 965 1237 1442 835 1342 855 621 752 1248 776 1207 1764 1831 1903 507 1545 1080 1473 1756 2085 1418 581 1186 1631 1709 830 1903 958 747 1664 782 1259 734 355 1058 1700 319 913 981 1557 1743 618 870 974 1066 1913 572 966 925 1848 999 774 1273 1180 720 781 1587 1964 1208 718 679 649 1263 929
1149 1506 938 955 1965 1369 0 535 1420 1604 1797 1979 1807 681 906 1633 773 1260 1623 1830 1513 915 1717 341 1140 1109 1275 1746 681 38 1933 779 742 1955 607 989 986 951 1137 731 724 1687 845 686 513 1786 461 1111 1452 804 1490 1086 2054 1283 980 1097 1244 615 1271 513 844 1077 811 924 2163 655 812 1693 542 684 878 359 704 1627 1744 689 1070 1722 1854 777 1308 599 921 1689 1145 1319 881 1588 374 590 551 1190 613 401 948 1008 822 133 611 682 331 1078 694 2116 2104 1205 1132 955 795 1282 318 1680 1767 1180 513 1912 832 1616 1632 1181 1071 1436 607 1107 2268 308 889 738 1147 1186 603 1760 937 90 823 330 714 371 110 752 1691 1009 937 948 379 890 1065 901 571 666 885 682 615 214 893 1284 89 890 2091 768 846 1533 1040 825 1857 802 1691 881 1835 1509 949 838 1473 823 621 297 1056 1184 786 846 2126 1050 1674 1622 1581 1121 1348 1682 2374 801 721 864 1085 1007 1036 838 1352 1417 1626 1279
941 1257 972 705 1715 1119 535 0 1170 1396 1547 1772 1557 431 855 1384 888 1053 1415 1581 1305 948 1509 767 1491 902 1067 1538 459 499 1726 1130 986 1748 244 739 990 985 929 1157 474 1480 1251 404 28 1578 146 904 1202 554 1282 879 1847 1033 666 1523 930 276 1021 939 609 869 844 610 1914 871 562 1486 229 447 1109 299 494 1377 1537 438 1421 1472 1646 1021 1100 695 658 1481 1496 1070 631 1338 696 63 797 982 239 403 981 801 560 537 952 755 771 1111 359 1866 1854 955 1347 1275 829 1032 761 1430 1517 1600 259 1705 625 1409 1382 1215 821 1228 318 899 2030 751 640 424 1484 1612 393 1553 694 569 573 756 851 237 608 503 1484 759 687 698 234 680 802 935 997 1092 635 716 711 640 926 1703 585 640 1841 802 879 1283 1074 843 1607 835 1483 619 1586 1259 1008 871 1223 863 262 723 1407 976 579 597 1913 1083 1424 1372 1331 1033 1141 1475 2124 535 472 656 771 1433 773 588 1145 1209 1418 1071
851 328 1852 694 915 129 1420 1170 0 1270 1193 1074 1202 799 956 1029 998 962 1584 1055 711 1829 1246 1652 1745 644 806 1700 1110 1384 1714 1570 1244 1050 1018 891 1884 1865 727 1884 858 1199 1672 1270 1173 1488 1216 1246 847 638 633 1215 1197 682 1533 2012 1797 1044 667 1824 863 611 1009 1476 1113 1070 633 1139 1097 1110 1257 1225 1540 537 1483 842 1696 1117 996 1246 784 1099 1227 831 1858 226 600 983 1577 1185 1523 909 1024 1321 1862 710 1252 1422 1833 974 1656 1992 1025 1512 1054 600 1480 2156 1709 704 1646 1075 1163 2032 1037 1055 967 759 570 2095 860 1138 981 641 1234 1636 719 1291 1634 2051 1401 1473 1561 1454 703 1641 1017 1288 1493 886 1393 928 726 830 1299 827 1258 1815 1882 1955 558 1596 1132 1525 1807 2136 1469 632 1237 1682 1760 821 1954 1009 738 1715 833 1311 785 330 1109 1751 294 964 1032 1608 1794 678 921 1081 1117 1964 623 1017 976 1900 1050 825 1324 1231 771 832 1638 2015 1259 770 730 700 1314 981
694 1338 2036 1264 1815 1219 1604 1396 1270 0 2033 1152 2043 1255 1602 1869 1644 687 819 2066 792 2013 237 1836 2391 933 813 936 1232 1567 950 2208 1882 1128 1372 1021 2009 2049 768 2226 1128 193 2309 1392 1404 723 1395 1139 1687 1264 714 827 1035 1522 1655 2591 1919 1166 1507 2008 1456 900 1647 1598 2014 1708 1268 216 1218 1231 1903 1409 1662 1478 719 1285 2342 1958 877 1892 779 1729 1349 824 2504 1160 1285 1824 1760 1396 1907 828 1378 1505 2046 631 1374 1605 2016 1604 1840 2176 1267 2352 1921 1441 2126 2340 1893 1544 1830 1916 2003 2664 1279 815 1089 785 1483 2279 1060 373 1293 931 1608 1820 1114 1412 2280 2674 1523 709 1682 1638 1349 1825 1654 1456 1677 1181 629 1122 1168 949 1483 1471 1255 1999 2066 2161 1251 1780 1762 1708 1991 2768 1653 1216 2138 1866 1944 1769 2138 1646 1833 1899 851 1432 1674 1330 1755 1935 1313 1610 1386 1792 2440 924 1042 1211 1466 2148 1522 1858 1817 2021 507 838 1888 1353 1206 939 1637 2502 1293 1400 719 724 68 723
1614 1279 2230 1071 994 1141 1797 1547 1193 2033 0 1885 250 1177 1334 388 1376 1725 2347 619 1474 2206 2009 2030 2122 1407 1569 2463 1625 1761 2478 1948 1622 1861 1395 1304 2278 2243 1490 2261 1235 1962 2049 1677 1551 2251 1615 2009 715 1016 1396 1978 1960 840 1939 2390 2204 1574 692 2201 1240 1374 1387 1883 1070 1448 1011 1902 1502 1544 1634 1603 1947 1400 2246 1219 2073 92 1759 1623 1548 1477 1880 1594 2235 1092 978 501 1954 1592 1900 1672 1401 1698 2239 1473 1782 1799 2210 1351 2033 2369 1403 549 1498 838 1857 2533 2087 862 2024 468 200 2410 1431 1818 1724 1522 1405 2473 1343 1901 1359 1404 2057 2013 1096 1697 2011 2428 1807 2236 1967 1832 1081 2019 1394 1668 1871 1264 2156 1397 1103 1269 1677 1204 2012 2193 2259 2332 935 1974 1509 1902 2184 2514 1847 1010 879 2060 2137 1015 2332 1386 969 2093 1596 1840 1340 1281 1487 2129 1245 1342 1410 1985 2171 1443 1684 1460 1940 2341 1446 229 563 2306 1813 1588 1997 1761 1149 1595 2044 2392 1995 1147 1493 1464 2078 1744
1325 823 2412 1386 1270 1068 1979 1772 1074 1152 1885 0 1895 1492 1649 1721 1691 1459 1958 1601 656 2388 1100 2212 2437 1141 897 2075 1607 1943 2089 2263 1937 24 1710 1403 2385 2425 1186 2576 1510 1053 2364 1768 1780 1862 1771 1743 1539 1331 577 1712 249 1374 2030 2705 2294 1542 1359 2383 1555 1108 1702 1974 1464 1762 1326 993 1594 1607 1949 1785 2038 933 1857 1534 2388 1809 531 1938 849 1792 1724 382 2550 893 1293 1676 2136 1772 2215 1406 1716 1880 2421 1207 1749 1981 2392 1666 2215 2551 1642 2204 1171 1293 2172 2715 2269 1396 2206 1759 1855 2725 1635 467 1464 582 938 2655 1357 1512 1662 1138 520 2195 1411 1788 2326 2743 1898 1847 2058 2014 1396 2201 1709 1831 2053 1562 1767 1425 1379 1331 1859 1519 1755 2375 2441 2537 1250 2156 1824 2084 2366 2829 2029 1324 1593 2242 2319 1592 2514 1701 1359 2275 545 1808 1011 804 1802 2311 849 1657 1725 2167 2486 1003 1418 1586 358 2523 876 1709 1669 2397 1547 473 827 1728 1464 1330 2135 2707 1757 1462 795 789 1218 1478
1623 1289 2239 1081 1097 1151 1807 1557 1202 2043 250 1895 0 1186 1343 421 1386 1735 2357 723 1483 2216 2019 2039 2132 1417 1579 2473 1634 1771 2487 1957 1631 1871 1405 1314 2287 2252 1500 2271 1245 1972 2059 1687 1560 2260 1624 2018 725 1025 1405 1988 1970 849 1949 2400 2213 1583 702 2211 1250 1384 1396 1892 1174 1457 1020 1912 1511 1554 1644 1612 1957 1410 2256 1229 2083 259 1769 1633 1557 1486 1889 1604 2245 1102 987 511 1964 1602 1910 1681 1411 1708 2249 1483 1791 1809 2220 1361 2043 2379 1413 396 1602 847 1867 2543 2096 872 2033 572 127 2419 1441 1828 1734 1532 1415 2482 1353 1910 1368 1414 2067 2023 1106 1707 2021 2438 1817 2246 1977 1841 1091 2028 1404 1678 1880 1273 2166 1407 1113 1279 1686 1214 2022 2202 2269 2342 945 1983 1519 1912 2194 2523 1857 1019 983 2069 2147 1025 2341 1396 1073 2103 1606 1850 1444 1291 1496 2139 1255 1351 1419 1995 2181 1453 1693 1469 1950 2351 1456 340 573 2316 1823 1598 2101 1770 1158 1605 2054 2402 2004 1157 1503 1473 2087 1753
800 886 1113 361 1344 748 681 431 799 1255 1177 1492 1186 0 468 1013 502 912 1380 1210 1080 1090 1368 913 1257 761 933 1502 481 644 1664 1018 692 1468 268 435 1161 1126 795 1303 170 1339 1119 560 434 1437 498 868 831 185 1002 843 1567 662 823 1460 1087 454 651 1085 227 728 457 766 1543 518 193 1345 385 389 768 486 830 1007 1433 45 1208 1101 1366 727 966 531 763 1201 1369 699 261 968 837 476 943 858 274 582 1123 659 665 682 1094 406 917 1253 245 1496 1484 584 992 1417 970 662 907 1059 1147 1480 301 1425 589 1129 1012 1356 517 1087 215 686 1664 897 336 580 1146 1498 691 1423 850 715 186 902 464 552 754 161 1343 455 380 394 560 293 880 1076 1143 1238 264 857 559 785 1068 1584 730 296 1470 943 1021 913 1215 456 1237 976 1203 724 1215 888 621 1012 852 476 283 869 1283 842 543 307 1547 1225 1053 1001 961 1189 999 1195 1754 644 130 628 928 1462 878 202 1010 1069 1277 930
1147 1043 1537 539 1502 905 906 855 956 1602 1334 1649 1343 468 0 1170 133 1259 1846 1367 1238 1514 1715 1110 920 1075 1280 1969 932 908 2011 751 425 1625 703 764 1585 1550 1142 1065 610 1686 853 985 858 1784 919 1334 988 367 1160 1309 1724 820 1247 1193 1511 881 808 1344 425 1042 246 1190 1700 251 344 1666 809 852 391 807 1254 1164 1780 501 871 1258 1523 380 1302 466 1187 1358 1033 856 389 1125 1251 900 740 1205 709 1006 1547 1007 1089 995 1498 375 1078 1677 711 1653 1641 664 655 1831 1394 819 979 1217 1304 1213 739 1582 1055 1286 1169 1780 803 1434 665 995 1821 1020 556 1005 809 1231 1115 1770 1275 980 283 1161 241 976 862 575 1690 857 571 716 984 184 1331 1500 1402 1136 429 1281 475 1044 1492 1317 979 474 1627 1367 1445 1070 1639 187 1394 1401 1360 1148 1372 1045 244 1437 1009 99 717 1128 969 1189 1009 773 1704 1649 1210 1158 1118 1614 1347 1352 1911 1068 498 1066 1352 1196 1302 346 1257 1227 1625 1277
1450 1116 2066 908 916 978 1633 1384 1029 1869 388 1721 421 1013 1170 0 1212 1562 2183 542 1310 2042 1846 1866 1959 1243 1405 2300 1461 1597 2314 1784 1458 1698 1232 1140 2114 2079 1327 2098 1072 1799 1886 1513 1387 2087 1451 1845 422 852 1232 1814 1797 676 1776 2226 2040 1410 528 2038 1077 1210 1223 1719 993 1284 847 1739 1338 1381 1471 1439 1783 1236 2083 1056 1910 312 1596 1459 1384 1313 1716 1431 2072 929 814 293 1790 1429 1737 1508 1238 1535 2076 1309 1618 1635 2046 1187 1870 2206 1239 730 1421 674 1694 2370 1923 698 1860 391 381 2246 1268 1654 1561 1358 1241 2309 1180 1737 1195 1241 1894 1850 932 1533 1848 2264 1644 2073 1803 1668 917 1855 1230 1505 1707 1100 1993 1233 940 1106 1513 1041 1848 2029 2096 2168 772 1810 1345 1738 2021 2350 1683 846 802 1896 1974 851 2168 1223 892 1929 1433 1677 1263 1118 1323 1965 1082 1178 1246 1822 2008 1279 1520 1296 1776 2178 1283 249 398 2142 1649 1424 1920 1597 985 1432 1881 2228 1831 983 1329 1300 1914 1580
1189 1085 1571 581 1544 947 773 888 998 1644 1376 1691 1386 502 133 1212 0 1301 1879 1409 1280 1547 1757 977 880 1117 1322 2002 966 775 2053 618 292 1667 737 806 1619 1584 1184 932 643 1728 720 1018 892 1826 923 1368 1030 409 1202 1343 1766 862 1280 1060 1545 915 850 1211 431 1084 168 1224 1742 118 386 1708 843 885 315 739 1288 1206 1822 534 831 1300 1565 304 1344 333 1221 1400 973 898 431 1167 1130 933 607 1247 742 1040 1580 1049 1123 862 1368 340 945 1710 745 1695 1683 706 615 1711 1428 861 846 1259 1346 1080 772 1624 1089 1328 1211 1814 845 1476 698 1037 1863 887 598 1038 769 1098 1148 1812 1308 847 325 1028 107 994 729 609 1732 899 613 758 1018 244 1365 1534 1269 1002 471 1315 342 911 1525 1184 846 516 1670 1401 1478 1112 1673 82 1436 1434 1402 1181 1414 1087 176 1470 1051 50 751 995 884 1231 1043 807 1746 1682 1252 1201 1160 1647 1389 1394 1953 1102 532 1108 1385 1063 1336 370 1299 1270 1667 1319
413 1039 1692 920 1508 911 1260 1053 962 687 1725 1459 1735 912 1259 1562 1301 0 899 1759 990 1669 851 1493 2047 590 752 1015 888 1224 1029 1864 1538 1436 1029 677 1665 1706 408 1882 784 806 1966 1049 1061 809 1052 694 1380 920 970 382 1535 1214 1213 2248 1557 823 1199 1664 1113 557 1303 1251 1706 1364 925 837 875 888 1559 1066 1319 1170 798 942 1998 1650 1334 1548 785 1386 912 1169 2160 852 942 1516 1417 1053 1564 358 1035 1161 1702 272 1030 1262 1673 1260 1496 1832 923 2044 1647 1133 1782 1996 1549 1236 1486 1608 1695 2320 935 1392 633 1097 1175 1936 709 453 950 587 1749 1476 771 1069 1936 2330 1179 788 1339 1295 1006 1482 1311 1112 1334 837 708 732 824 605 1139 1127 810 1656 1722 1818 907 1436 1418 1365 1647 2424 1310 873 1830 1523 1600 1461 1795 1303 1525 1556 1171 1000 1378 1041 1412 1592 1005 1267 1043 1448 2096 661 608 865 1607 1804 1216 1550 1509 1678 320 1162 1917 974 862 498 1192 2158 848 1056 830 894 709 171
1007 1661 2055 1542 2129 1533 1623 1415 1584 819 2347 1958 2357 1380 1846 2183 1879 899 0 2380 1542 1914 984 1855 2620 1212 1377 143 1137 1587 368 2259 2070 1935 1392 1278 1619 2068 1046 2245 1337 939 2359 1328 1424 297 1415 585 2002 1542 1498 895 1841 1836 1004 2611 1348 1185 1821 2027 1593 1179 1835 1055 2328 1895 1547 976 1238 1231 2146 1428 1598 1792 179 1410 2551 2272 1683 2105 1410 1824 946 1620 2625 1474 1564 2138 1780 1415 1927 1106 1397 1524 2065 910 1001 1625 2036 1771 1859 2195 1279 2666 2269 1755 2369 2359 1912 1858 1849 2230 2317 2694 1298 1622 880 1570 1797 2298 1339 453 1305 1209 2371 1839 1393 1253 2523 2700 1458 195 1528 1657 1564 1844 1842 1475 1696 1404 266 1164 1446 1227 1502 1671 724 2018 2085 2180 1529 1799 1841 1728 2003 2798 1673 1494 2452 1885 1963 2083 2157 1834 2147 1919 1636 950 2000 1663 1999 1955 1627 1854 1405 1811 2537 1286 862 1222 2228 2167 1838 2172 2131 1756 648 1623 2539 1095 1445 1139 953 2521 732 1579 1453 1473 842 935
1647 919 2263 1104 378 1064 1830 1581 1055 2066 619 1601 723 1210 1367 542 1409 1759 2380 0 1507 2239 2043 2063 2156 1440 1602 2497 1658 1794 2511 1981 1655 1577 1429 1337 2311 2276 1524 2295 1269 1996 2083 1710 1584 2284 1648 2042 712 1049 1429 2011 1750 765 1972 2423 2237 1607 725 2235 1274 1407 1420 1916 454 1481 1044 1936 1535 1578 1667 1636 1980 839 2280 1253 2107 543 1793 1656 1581 1510 1913 1611 2269 990 1011 497 1987 1626 1933 1705 1435 1732 2273 1506 1815 1832 2243 1384 2067 2403 1436 1038 882 871 1891 2567 2120 787 2057 179 689 2443 1465 1851 1758 1488 887 2506 1377 1934 1392 1437 1560 2047 1129 1730 2045 2461 1841 2270 2000 1865 1114 2052 1427 1702 1904 1297 2190 1430 1137 1303 1710 1238 2045 2226 2293 2365 969 2007 1542 1935 2218 2547 1880 1043 263 2093 2171 663 2365 1420 354 2126 1630 1874 724 900 1520 2162 945 1375 1443 2018 2205 1476 1717 1493 1443 2375 895 390 448 2339 1846 1621 1381 1794 1182 1629 2078 2425 2028 1180 1526 1497 2111 1777
731 788 1945 975 1256 659 1513 1305 711 792 1474 656 1483 1080 1238 1310 1280 990 1542 1507 0 1922 684 1745 2026 649 294 1658 1141 1477 1673 1851 1526 632 1282 937 1918 1959 582 2135 1043 637 1953 1302 1314 1446 1305 1277 1128 920 78 1246 669 963 1564 2294 1828 1075 948 1917 1144 617 1290 1507 1455 1351 914 577 1128 1141 1538 1318 1572 918 1441 1123 1977 1398 468 1527 246 1380 1258 303 2139 601 882 1265 1670 1305 1801 937 1287 1414 1955 719 1283 1515 1926 1255 1749 2085 1176 1793 1375 882 1761 2249 1802 985 1739 1356 1444 2313 1188 527 998 231 923 2188 882 1096 1203 647 1109 1729 1000 1322 1915 2332 1432 1431 1592 1547 985 1734 1298 1365 1586 1096 1351 942 968 865 1392 1108 1289 1908 1975 2070 839 1689 1413 1618 1900 2417 1563 913 1578 1775 1853 1210 2047 1290 1274 1809 305 1342 1127 790 1390 1845 754 1245 1296 1701 2075 400 952 1120 967 2057 965 1298 1258 1931 1081 296 1388 1262 1052 791 1669 2296 1291 1051 192 186 857 1009
1558 1915 540 1364 2374 1778 915 948 1829 2013 2206 2388 2216 1090 1514 2042 1547 1669 1914 2239 1922 0 2126 1155 1953 1518 1684 2037 1090 881 2225 1592 1584 2364 1016 1398 295 537 1546 1545 1133 2096 1658 1010 926 2154 875 1517 1861 1213 1899 1495 2463 1692 911 1910 611 1024 1680 1136 1272 1486 1502 995 2572 1498 1221 2102 951 1093 1720 897 862 2036 2036 1098 1884 2131 2263 1619 1717 1293 1330 2098 1958 1728 1290 1997 682 1004 1395 1599 1022 820 510 1417 1206 924 938 1376 1158 680 1103 2525 2513 1614 1974 960 413 1691 1149 2089 2176 1994 922 2321 1241 2025 2041 548 1480 1845 1016 1516 2677 1139 1298 993 1961 2000 950 2052 729 872 1232 1144 1510 790 991 1161 2100 1418 1346 1357 798 1339 1438 133 1121 1480 1294 410 1309 1027 303 2097 919 1299 2500 458 176 1942 642 1502 2266 342 2100 1260 2244 1918 1667 314 1882 1522 1030 1110 1870 1593 1195 1255 2535 472 2083 2031 1990 429 1757 2091 2783 1210 1130 1273 1110 1820 1381 1247 1761 1826 2035 1688
614 1315 2149 1377 1792 1195 1717 1509 1246 237 2009 1100 2019 1368 1715 1846 1757 851 984 2043 684 2126 0 1949 2504 1036 704 1100 1345 1681 1114 2321 1995 1076 1485 1134 2122 2162 740 2339 1241 69 2422 1505 1518 888 1508 1304 1664 1377 640 992 983 1498 1768 2704 2032 1279 1483 2121 1569 1003 1760 1711 1990 1821 1381 123 1332 1344 2016 1522 1775 1454 883 1399 2455 1934 824 2005 669 1843 1462 761 2617 1136 1398 1800 1874 1509 2020 934 1491 1618 2159 717 1487 1719 2130 1717 1953 2289 1380 2328 1869 1417 2239 2453 2006 1521 1943 1892 1980 2777 1392 763 1202 712 1459 2392 1153 538 1406 1022 1556 1933 1228 1525 2393 2787 1636 873 1795 1751 1462 1938 1767 1569 1790 1294 793 1202 1281 1062 1596 1584 1420 2112 2179 2274 1350 1893 1875 1822 2104 2881 1767 1329 2114 1979 2057 1746 2251 1760 1810 2012 777 1545 1646 1298 1868 2049 1290 1723 1499 1905 2553 829 1156 1324 1414 2261 1499 1834 1793 2134 671 765 1835 1466 1319 969 1801 2615 1451 1513 609 615 303 822
1381 1739 1178 1188 2197 1601 341 767 1652 1836 2030 2212 2039 913 1110 1866 977 1493 1855 2063 1745 1155 1949 0 858 1342 1507 1978 913 344 2166 497 761 2188 839 1221 1226 1191 1369 474 956 1920 569 919 746 2018 694 1344 1684 1036 1722 1319 2287 1515 1213 839 1477 847 1504 409 1096 1309 1015 1156 2396 859 1044 1926 775 916 896 664 937 1860 1977 922 789 1954 2086 795 1540 865 1153 1921 863 1552 1114 1820 549 823 516 1422 845 634 1188 1241 1055 346 693 948 165 1214 927 2349 2337 1437 957 1048 1035 1514 305 1912 2000 923 746 2145 1065 1849 1865 1421 1303 1668 840 1339 2501 473 1122 970 866 929 836 1992 1169 380 1056 108 918 604 415 985 1924 1241 1169 1181 612 1138 1297 1141 467 457 1117 922 881 147 1133 1026 315 1122 2323 1008 1086 1766 1170 1029 2090 1042 1923 1114 2068 1741 1061 1078 1705 1027 853 70 775 1416 1019 1079 2359 1290 1906 1854 1814 1361 1580 1915 2606 1034 954 1096 1318 750 1268 1071 1585 1649 1858 1511
1936 1832 1977 1328 2290 1694 1140 1491 1745 2391 2122 2437 2132 1257 920 1959 880 2047 2620 2156 2026 1953 2504 858 0 1863 2068 2743 1678 1142 2800 423 752 2414 1492 1552 2025 1990 1931 753 1398 2474 456 1713 1475 2573 1417 2109 1777 1156 1948 2083 2513 1608 1977 633 2242 1612 1596 1207 1219 1831 1005 1921 2489 849 1132 2455 1540 1641 887 1213 1735 1953 2568 1290 179 2047 2312 786 2091 1050 1918 2147 157 1645 1178 1913 1347 1552 704 1994 1497 1432 1986 1795 1820 1144 1492 1136 826 2013 1500 2442 2430 1453 329 1846 1834 1607 1063 2005 2093 620 1457 2370 1830 2074 1958 2220 1592 2223 1454 1784 2610 1146 1345 1735 114 638 1634 2558 1968 1178 1071 922 908 1402 1201 1364 2478 1645 1360 1505 1410 991 2062 1940 1265 829 1217 1721 1062 939 1931 603 1113 1263 2416 1807 1884 1859 1968 934 2182 1840 2149 1879 2161 1834 774 1876 1798 862 1506 901 197 1977 1784 1562 2493 2089 1999 1947 1906 2159 2135 2140 2699 1799 1287 1849 2082 848 2033 1137 2046 2016 2413 2066
466 721 1542 668 1189 593 1109 902 644 933 1407 1141 1417 761 1075 1243 1117 590 1212 1440 649 1518 1036 1342 1863 0 411 1328 738 1073 1342 1689 1363 1117 877 512 1515 1555 333 1732 634 1001 1790 898 910 1115 901 873 1061 736 652 843 1217 896 1160 2097 1425 672 881 1514 959 33 1128 1104 1388 1189 741 972 724 737 1375 915 1168 852 1111 792 1814 1331 1016 1364 444 1213 855 851 1976 534 728 1198 1266 902 1413 536 883 1011 1552 338 880 1111 1522 1087 1346 1682 773 1726 1329 815 1598 1846 1399 918 1336 1290 1377 2151 784 1074 594 778 857 1785 369 765 799 80 1430 1326 525 918 1752 2169 1029 1101 1188 1144 822 1331 1135 961 1183 687 1021 474 571 455 989 945 886 1505 1572 1667 693 1286 1245 1214 1497 2255 1159 645 1512 1372 1450 1143 1644 1127 1207 1405 853 938 1060 723 1228 1441 687 1083 891 1298 1912 320 548 692 1288 1654 898 1232 1191 1527 678 844 1598 858 712 379 1266 2007 887 883 489 553 956 608
493 883 1707 941 1351 755 1275 1067 806 813 1569 897 1579 933 1280 1405 1322 752 1377 1602 294 1684 704 1507 2068 411 0 1493 903 1239 1507 1885 1559 874 1043 698 1680 1720 344 1897 805 657 1987 1063 1076 1281 1066 1038 1223 941 320 1008 911 1058 1326 2262 1590 837 1043 1679 1134 378 1324 1269 1550 1385 946 597 890 902 1580 1080 1333 1014 1276 963 2019 1493 710 1569 87 1407 1020 545 2181 696 955 1360 1432 1067 1578 699 1049 1176 1717 481 1045 1277 1688 1281 1511 1847 938 1888 1491 977 1803 2011 1564 1080 1501 1452 1539 2338 950 768 760 472 1019 1950 644 931 964 409 1279 1491 792 1083 1957 2348 1194 1266 1353 1309 1027 1496 1332 1127 1348 858 1186 704 845 626 1154 1148 1051 1670 1737 1832 927 1451 1439 1380 1662 2441 1324 894 1674 1537 1615 1305 1809 1324 1369 1570 547 1103 1222 885 1433 1606 849 1288 1057 1463 2117 162 714 882 1137 1819 1060 1394 1353 1692 843 538 1559 1024 883 553 1431 2173 1052 1077 134 198 879 771
1124 1777 2178 1659 2246 1649 1746 1538 1700 936 2463 2075 2473 1502 1969 2300 2002 1015 143 2497 1658 2037 1100 1978 2743 1328 1493 0 1260 1709 394 2382 2192 2051 1514 1401 1742 2191 1162 2368 1459 1056 2482 1451 1546 414 1537 708 2118 1658 1615 1017 1957 1952 1126 2733 1471 1308 1937 2150 1716 1295 1957 1178 2444 2018 1663 1092 1360 1354 2269 1551 1721 1908 296 1533 2673 2388 1799 2228 1526 1947 1068 1736 2748 1590 1680 2254 1902 1538 2049 1222 1520 1647 2188 1026 1124 1747 2159 1894 1982 2318 1401 2782 2385 1871 2492 2482 2035 1975 1972 2346 2434 2817 1421 1738 1003 1686 1913 2421 1455 569 1428 1325 2487 1962 1509 1376 2646 2823 1581 311 1651 1780 1687 1967 1965 1598 1819 1527 382 1287 1562 1343 1625 1794 847 2141 2208 2303 1645 1922 1963 1850 2126 2921 1795 1611 2568 2008 2086 2200 2280 1957 2264 2041 1752 1072 2116 1779 2122 2077 1744 1977 1528 1934 2659 1402 985 1345 2345 2290 1954 2288 2247 1879 764 1739 2655 1218 1568 1262 1075 2644 855 1702 1570 1590 958 1051
777 1187 1113 745 1656 1059 681 459 1110 1232 1625 1607 1634 481 932 1461 966 888 1137 1658 1141 1090 1345 913 1678 738 903 1260 0 645 1447 1317 1153 1584 377 613 1081 1127 765 1303 484 1315 1417 464 470 1376 473 625 1279 631 1118 609 1683 1110 726 1669 991 232 1099 1085 675 705 921 670 1854 982 639 1322 296 95 1233 486 734 1318 1258 495 1609 1549 1482 1188 936 882 503 1317 1683 1000 709 1416 838 459 985 818 382 582 1123 636 440 683 1094 851 917 1253 287 1944 1795 1033 1456 1417 970 1110 907 1507 1595 1752 356 1540 329 1244 1323 1356 776 1064 329 735 1897 897 650 484 1610 1758 594 1274 754 715 651 902 928 533 754 508 1319 560 697 640 560 758 583 1076 1143 1238 712 857 899 786 1068 1856 731 679 1918 943 1021 1361 1215 921 1673 977 1319 498 1526 1189 1085 1013 1153 940 397 869 1595 812 328 378 1755 1225 1364 1449 1409 1093 976 1310 2065 319 536 492 831 1579 585 666 981 1045 1254 907
1112 1470 905 919 1929 1332 38 499 1384 1567 1761 1943 1771 644 908 1597 775 1224 1587 1794 1477 881 1681 344 1142 1073 1239 1709 645 0 1897 781 744 1919 571 953 953 918 1100 733 687 1651 847 650 477 1749 425 1075 1415 768 1454 1050 2018 1247 944 1099 1208 578 1235 515 805 1040 813 888 2127 657 776 1657 506 648 880 323 668 1591 1708 653 1073 1685 1817 779 1272 601 885 1652 1147 1283 845 1552 362 554 554 1154 577 365 914 972 786 119 629 684 334 1044 658 2080 2068 1169 1134 973 762 1246 320 1644 1731 1182 477 1876 796 1580 1596 1148 1034 1399 571 1071 2232 310 853 702 1150 1188 567 1724 901 112 787 333 716 335 112 716 1655 973 900 912 343 872 1029 868 573 669 848 649 617 216 859 1286 111 854 2055 735 812 1497 1007 827 1821 768 1655 845 1799 1472 951 804 1436 825 585 299 1059 1148 750 810 2090 1016 1637 1586 1545 1087 1312 1646 2338 765 685 828 1049 1009 1000 802 1316 1381 1590 1242
1138 1792 2366 1673 2260 1663 1933 1726 1714 950 2478 2089 2487 1664 2011 2314 2053 1029 368 2511 1673 2225 1114 2166 2800 1342 1507 394 1447 1897 0 2570 2291 2065 1702 1430 1930 2379 1177 2555 1536 1070 2669 1638 1734 274 1725 896 2132 1672 1629 1170 1972 1967 1314 2921 1658 1496 1952 2337 1865 1309 2056 1366 2459 2116 1677 1106 1548 1542 2311 1739 1908 1922 311 1694 2751 2402 1813 2300 1540 2135 1256 1750 2913 1605 1694 2268 2090 1726 2237 1237 1708 1835 2375 1040 1311 1935 2346 2013 2169 2505 1589 2797 2399 1885 2535 2669 2223 1989 2160 2360 2448 3004 1608 1752 1191 1701 1927 2609 1469 583 1616 1339 2501 2150 1523 1563 2689 3010 1769 326 1838 1968 1758 2155 2063 1785 2007 1589 396 1475 1577 1358 1813 1880 1035 2329 2395 2491 1660 2110 2151 2038 2313 3108 1983 1625 2582 2196 2273 2214 2468 2055 2278 2229 1766 1260 2131 1794 2164 2265 1758 2019 1716 2121 2841 1416 1172 1533 2359 2477 1969 2302 2262 2067 779 1754 2669 1405 1615 1348 1263 2831 1043 1809 1584 1604 972 1066
1753 1657 1616 1153 2115 1519 779 1130 1570 2208 1948 2263 1957 1018 751 1784 618 1864 2259 1981 1851 1592 2321 497 423 1689 1885 2382 1317 781 2570 0 402 2239 1188 1377 1664 1629 1747 447 1159 2291 232 1352 1114 2390 1056 1748 1602 980 1773 1723 2338 1433 1617 576 1881 1251 1422 846 947 1656 656 1560 2314 500 957 2280 1179 1320 537 852 1375 1778 2380 1051 353 1872 2137 436 1907 692 1557 1972 428 1470 1003 1738 986 1191 343 1811 1182 1071 1625 1612 1459 783 1131 775 465 1652 1261 2267 2255 1278 562 1485 1473 1433 702 1830 1918 596 1149 2196 1469 1900 1783 1859 1417 2040 1214 1609 2435 785 1170 1374 431 614 1273 2375 1607 817 878 561 559 1041 840 1125 2295 1445 1185 1321 1050 790 1701 1579 904 518 1043 1360 708 578 1571 681 752 1088 2241 1446 1524 1684 1607 669 2008 1479 1974 1518 1986 1659 701 1515 1623 668 1194 540 339 1794 1423 1323 2318 1728 1824 1772 1732 1798 1952 1966 2524 1438 1048 1500 1722 578 1672 886 1871 1841 2230 1883
1427 1331 1608 827 1790 1193 742 986 1244 1882 1622 1937 1631 692 425 1458 292 1538 2070 1655 1526 1584 1995 761 752 1363 1559 2192 1153 744 2291 402 0 1913 927 1051 1656 1621 1422 716 833 1965 504 1205 970 2064 913 1558 1276 654 1447 1533 2012 1108 1467 845 1732 1102 1096 1111 621 1330 330 1411 1988 174 632 1954 1030 1076 177 708 1363 1452 2059 725 622 1546 1811 76 1582 377 1408 1646 757 1144 677 1413 1099 1047 451 1485 933 1072 1617 1286 1310 831 1336 495 729 1748 935 1941 1929 952 573 1680 1465 1107 815 1504 1592 864 921 1870 1279 1574 1457 1851 1091 1714 889 1283 2109 856 844 1225 693 883 1262 2049 1495 815 552 825 233 963 698 799 1969 1119 859 996 1030 464 1552 1571 1169 787 717 1352 387 842 1562 968 815 762 1915 1438 1515 1358 1710 344 1682 1471 1648 1368 1660 1333 342 1507 1297 342 941 804 668 1468 1233 997 1992 1720 1498 1446 1406 1790 1626 1640 2199 1289 722 1318 1572 847 1523 560 1545 1515 1904 1557
1302 800 2388 1362 1247 1045 1955 1748 1050 1128 1861 24 1871 1468 1625 1698 1667 1436 1935 1577 632 2364 1076 2188 2414 1117 874 2051 1584 1919 2065 2239 1913 0 1687 1379 2361 2401 1162 2552 1486 1029 2340 1744 1756 1838 1747 1719 1516 1307 554 1689 273 1350 2006 2681 2271 1518 1335 2360 1532 1085 1678 1950 1440 1739 1302 969 1570 1583 1925 1761 2014 910 1834 1510 2365 1786 514 1914 826 1768 1701 359 2527 869 1269 1652 2112 1748 2191 1382 1692 1857 2398 1184 1725 1957 2368 1642 2192 2528 1619 2180 1194 1269 2149 2692 2245 1372 2182 1735 1831 2701 1612 450 1440 559 915 2631 1334 1488 1638 1115 544 2172 1387 1764 2303 2719 1875 1824 2034 1990 1372 2177 1685 1807 2029 1539 1744 1401 1355 1307 1835 1496 1731 2351 2418 2513 1227 2132 1800 2060 2343 2805 2005 1301 1569 2218 2296 1569 2490 1678 1336 2251 522 1784 988 780 1778 2287 825 1633 1701 2144 2463 980 1394 1563 382 2500 853 1686 1645 2373 1524 450 850 1704 1440 1306 2111 2683 1733 1438 771 765 1194 1454
917 1105 1039 554 1563 967 607 244 1018 1372 1395 1710 1405 268 703 1232 737 1029 1392 1429 1282 1016 1485 839 1492 877 1043 1514 377 571 1702 1188 927 1687 0 577 1087 1053 905 1229 311 1456 1315 487 248 1554 348 880 1050 402 1221 855 1786 881 749 1595 1013 340 869 1011 453 844 692 692 1762 753 410 1462 311 315 1003 375 714 1226 1513 282 1443 1320 1585 962 1077 753 688 1420 1554 918 479 1186 764 289 856 959 6 508 1049 777 590 609 1020 629 843 1179 195 1715 1703 803 1227 1343 896 880 833 1278 1366 1671 146 1643 601 1347 1231 1282 658 1204 139 827 1883 823 477 507 1381 1681 611 1529 777 641 421 828 699 425 680 340 1460 597 524 536 454 528 832 1002 1069 1164 483 783 770 712 994 1775 657 488 1689 869 947 1132 1141 691 1455 903 1422 649 1434 1107 856 939 1071 711 21 795 1466 952 555 434 1766 1151 1272 1220 1179 1116 1117 1413 1972 547 320 632 854 1505 804 437 1121 1186 1395 1047
566 983 1421 364 1451 762 989 739 891 1021 1304 1403 1314 435 764 1140 806 677 1278 1337 937 1398 1134 1221 1552 512 698 1401 613 953 1430 1377 1051 1379 577 0 1469 1435 561 1611 308 1104 1479 869 742 1203 807 767 958 425 914 742 1478 790 1131 1819 1395 724 778 1393 637 479 816 1075 1650 877 430 1111 693 518 1064 794 1139 1114 1199 466 1503 1228 1277 1053 732 899 759 1112 1665 796 417 1095 1146 784 1286 624 583 890 1431 425 902 991 1402 773 1225 1561 511 1623 1591 712 1287 1725 1278 789 1215 1187 1274 1839 609 1336 479 1040 1118 1665 264 853 521 433 1692 1205 214 889 1441 1857 999 1189 1159 1023 511 1211 824 860 1063 361 1109 152 268 146 868 634 790 1384 1451 1546 382 1165 931 1094 1376 1943 1039 335 1598 1251 1329 1040 1524 816 1360 1285 1115 847 1322 985 917 1321 949 772 591 1177 1601 608 455 271 1550 1533 1160 1129 1088 1498 765 1106 1860 798 401 386 1216 1822 791 569 776 841 1043 696
1554 1964 648 1436 2433 1833 986 990 1884 2009 2278 2385 2287 1161 1585 2114 1619 1665 1619 2311 1918 295 2122 1226 2025 1515 1680 1742 1081 953 1930 1664 1656 2361 1087 1469 0 649 1542 1616 1204 2092 1730 718 993 1859 946 1230 1932 1284 1895 1481 2460 1763 616 1982 338 914 1752 1207 1343 1482 1574 700 2631 1569 1292 2099 839 1084 1792 969 682 2095 1741 1170 1955 2202 2259 1691 1713 1365 1113 2094 2030 1777 1362 2068 753 998 1467 1595 1093 891 622 1413 911 996 1009 1448 1230 788 1099 2597 2572 1685 2045 1068 496 1762 1220 2160 2248 2065 994 2318 1238 2022 2100 688 1525 1841 1088 1512 2674 1210 1370 698 2032 2071 759 1757 436 943 1304 1215 1581 861 1062 1233 1827 1475 1417 1413 869 1411 1143 408 1192 1551 1365 481 1381 1099 386 2169 991 1370 2571 529 353 2014 750 1574 2338 425 2096 966 2303 1966 1738 457 1930 1593 1101 1182 1941 1589 1192 1327 2532 665 2141 2102 2062 137 1753 2088 2842 1145 1202 1269 815 1892 1086 1319 1758 1822 2031 1684
