NAME: zurich_200_10
COMMENT: TSP instance with 200 nodes. City: Zurich, Switzerland, Seed: 52
TYPE: TSP
DIMENSION: 200
EDGE_WEIGHT_TYPE: EXPLICIT
EDGE_WEIGHT_FORMAT: FULL_MATRIX
NODE_COORD_SECTION:
1 47.3485762 8.7261691
2 47.2296856 8.6705983
3 47.4122291 8.4639416
4 47.5261125 8.5443336
5 47.2943962 8.3579983
6 47.5494696 8.7390518
7 47.4030679 8.4048732
8 47.4989749 8.4551374
9 47.3421707 8.4829274
10 47.3986853 8.6046741
11 47.3028695 8.6884092
12 47.4086027 8.3178868
13 47.4212318 8.3161469
14 47.4495062 8.6993198
15 47.3771776 8.5338267
16 47.2786663 8.3388102
17 47.2080162 8.7393276
18 47.4847142 8.7104963
19 47.2246386 8.6323251
20 47.4903555 8.5483125
21 47.3260954 8.4905162
22 47.3669792 8.7867888
23 47.2604114 8.5979963
24 47.4941306 8.2775779
25 47.4165836 8.4501
26 47.3058775 8.5515374
27 47.4142965 8.4575525
28 47.3739396 8.5353072
29 47.508685 8.5381393
30 47.2609205 8.5963011
31 47.3942803 8.533652
32 47.344676 8.6186074
33 47.228132 8.386005
34 47.3231966 8.3863661
35 47.3157679 8.590367
36 47.2693406 8.6513207
37 47.403467 8.5305653
38 47.2385185 8.6107184
39 47.3379157 8.4575519
40 47.5321316 8.5789557
41 47.2500623 8.7042724
42 47.2489605 8.7805052
43 47.2464064 8.7106212
44 47.4110621 8.5901772
45 47.307313 8.6018049
46 47.4584966 8.4090165
47 47.4806645 8.7606572
48 47.2335261 8.3185996
49 47.50209 8.8028863
50 47.3624992 8.7904234
51 47.3564142 8.5893271
52 47.3213773 8.3811979
53 47.4707953 8.486088
54 47.3135903 8.7931693
55 47.4808235 8.5077672
56 47.3487931 8.5960011
57 47.4812666 8.4640974
58 47.2794902 8.4466726
59 47.2600419 8.4266833
60 47.3329726 8.6155715
61 47.4179671 8.6236169
62 47.3944622 8.5254291
63 47.4190911 8.4164005
64 47.2680785 8.6789591
65 47.3890251 8.5411364
66 47.4960342 8.2770858
67 47.3664003 8.5121645
68 47.2016514 8.6376359
69 47.4306634 8.7685848
70 47.5136982 8.5368422
71 47.3869985 8.7537303
72 47.4260402 8.6826615
73 47.3803259 8.560779
74 47.4104592 8.722081
75 47.491888 8.7422495
76 47.4412456 8.3865624
77 47.4231936 8.5765576
78 47.425827 8.6082407
79 47.3404803 8.6696582
80 47.271061 8.6725097
81 47.3912829 8.5231155
82 47.3370355 8.6149171
83 47.3837827 8.2984191
84 47.3718945 8.3048084
85 47.3251426 8.5355663
86 47.4954798 8.7372407
87 47.2693034 8.5825099
88 47.5259144 8.7928428
89 47.4377327 8.3521415
90 47.3725489 8.5175245
91 47.4640107 8.3244333
92 47.2697095 8.4929202
93 47.2110598 8.6231465
94 47.2748717 8.7273265
95 47.374488 8.4957091
96 47.3823422 8.7151026
97 47.3074926 8.6091101
98 47.1977134 8.7683304
99 47.3205752 8.424552
100 47.2020965 8.5755211
101 47.3120242 8.2793737
102 47.3983162 8.4413947
103 47.4227311 8.6838768
104 47.3830218 8.6566957
105 47.3933897 8.4988731
106 47.3689788 8.6290008
107 47.3072301 8.766248
108 47.3743513 8.7900924
109 47.3267855 8.6000571
110 47.2247907 8.4608751
111 47.3682519 8.3433046
112 47.2882152 8.3649637
113 47.4124878 8.414232
114 47.477608 8.7676161
115 47.5184844 8.3646547
116 47.3732328 8.6398232
117 47.2477434 8.5928953
118 47.405979 8.6478364
119 47.2460378 8.7072703
120 47.3854822 8.7575961
121 47.5164173 8.6787572
122 47.3284298 8.5804891
123 47.2448729 8.7987131
124 47.5362953 8.7361623
125 47.3401714 8.6700011
126 47.3122377 8.4026724
127 47.3580639 8.4984541
128 47.3366867 8.6702225
129 47.4963304 8.7427434
130 47.3342482 8.2798953
131 47.5215571 8.6953005
132 47.4615201 8.6383552
133 47.2736329 8.4423851
134 47.2063284 8.6877435
135 47.3793512 8.5598044
136 47.443966 8.6227261
137 47.2398844 8.7329918
138 47.4661389 8.330293
139 47.4990765 8.4907617
140 47.4603789 8.4242635
141 47.2757153 8.5718395
142 47.2646304 8.6829423
143 47.3882903 8.6787149
144 47.2241704 8.4602228
145 47.5018191 8.7225386
146 47.3183506 8.4236577
147 47.5001671 8.7191515
148 47.521105 8.3595842
149 47.5013224 8.7788987
150 47.2892343 8.694116
151 47.3122926 8.5272695
152 47.4488966 8.3692056
153 47.3510247 8.7134508
154 47.3513841 8.2764956
155 47.481909 8.2850869
156 47.2438273 8.6329016
157 47.2107669 8.6904773
158 47.4210531 8.6180994
159 47.3544002 8.6290802
160 47.2611116 8.7964021
161 47.2052069 8.4321173
162 47.3456393 8.7105013
163 47.3934336 8.3905087
164 47.5290754 8.7783309
165 47.5333215 8.2865137
166 47.4319412 8.6845389
167 47.435698 8.5572017
168 47.4085289 8.6055264
169 47.3472121 8.6029466
170 47.4210398 8.318405
171 47.4654165 8.3260446
172 47.4052767 8.629922
173 47.2054383 8.7520117
174 47.3256869 8.80537
175 47.4577288 8.308555
176 47.5004911 8.7424604
177 47.2038068 8.6859759
178 47.3870582 8.6138617
179 47.2029194 8.7537232
180 47.2395799 8.7333926
181 47.2391508 8.5378297
182 47.4152291 8.5863752
183 47.3102327 8.5542829
184 47.3745187 8.5146331
185 47.4259103 8.6167275
186 47.3285711 8.3431697
187 47.3702496 8.6383065
188 47.3163487 8.4614812
189 47.4738331 8.290006
190 47.4342934 8.7187753
191 47.4191787 8.5476423
192 47.5225636 8.5941218
193 47.2600418 8.3305323
194 47.4851647 8.2897182
195 47.2097777 8.7036884
196 47.3833275 8.5434056
197 47.2748104 8.6384863
198 47.4448832 8.6944293
199 47.5315166 8.6651363
200 47.5094756 8.508827
EDGE_WEIGHT_SECTION:
0 1986 1267 1271 2097 1390 1360 1491 1662 678 478 1998 1956 871 1031 2251 2297 904 1813 1072 1750 480 1886 1897 1245 1475 1305 1039 1180 1886 937 848 2358 1832 925 840 922 1696 1502 1513 963 875 977 690 985 1372 1169 2679 1427 458 933 1783 1236 479 1219 885 1335 1889 1895 760 529 951 1223 836 920 1938 1202 2037 712 1189 411 645 1043 505 1166 1484 830 643 518 810 991 764 2113 2050 1429 1119 1767 1384 1606 1118 1601 2073 1914 667 1177 283 956 2505 1690 2214 2582 1332 640 454 1142 643 417 519 856 2111 1939 2142 1273 1088 1888 552 1897 474 982 436 1062 1015 964 1301 515 1840 1329 547 1200 2362 1056 996 1795 1945 1025 815 1026 1594 1333 1335 1746 901 349 2100 1062 1767 1020 1924 1335 585 1457 1544 115 2129 1825 1874 1994 602 777 765 2364 120 1456 1333 2303 707 833 667 844 1920 1593 525 2393 495 1547 1166 1920 723 2385 1022 2188 773 1553 1142 605 2125 566 1640 1756 731 883 1385 2471 1823 2084 963 870 775 1201 1247
1986 0 1458 1940 1712 2383 1399 2126 1321 1489 1863 1764 1886 1864 981 1861 467 1898 280 1741 1237 2214 447 2071 1565 605 1496 973 1848 458 1225 1578 1763 1447 1544 2036 1271 315 984 2181 2372 2450 2363 1471 1671 1888 2306 2161 2486 2193 1381 1398 1871 2266 1887 1420 1942 1371 1377 1556 1536 1157 1549 2197 1137 2112 1028 429 2197 1857 2089 1865 1218 1947 2159 1659 1521 1617 1828 2142 1157 1555 1728 1665 771 2112 574 2378 1781 947 1776 1276 410 2101 1089 1904 1762 684 1239 793 2197 1367 1877 1877 1199 1639 2194 2253 1508 1295 1554 1685 1491 2332 2315 1739 519 1628 2357 2115 2055 1392 2522 2294 1831 1386 1073 1889 2193 1977 2049 1906 1277 221 1200 1772 2452 1769 2001 1941 711 2212 1746 1285 2055 1314 2013 2351 2329 1971 724 1719 1941 1744 2000 281 267 1608 1650 2354 1549 2008 1462 2326 2556 1830 1502 1535 1455 1880 1767 1592 563 2282 1722 2159 242 1564 563 2447 949 1486 683 984 1612 1740 1689 1122 1930 1909 1389 2053 1956 1997 223 1084 1974 1773 2194 1915
1267 1458 0 1130 1238 1664 423 933 809 770 1523 1157 1123 1145 608 1393 1768 1178 1285 931 927 1495 1358 1162 190 947 39 638 1038 1357 577 1237 1562 974 1230 1721 562 1167 674 1371 2042 2048 2048 779 1356 786 1587 1883 1767 1473 1025 925 687 1547 906 1079 749 1093 1099 1216 816 447 289 1882 566 1203 587 1509 1478 1047 1370 1146 729 1228 1440 602 725 928 1310 1827 487 1214 1254 1191 901 1393 1239 1658 774 540 867 1267 1386 1760 468 1185 1447 1976 832 1686 1724 271 1158 1172 352 1148 1590 1534 1194 1315 1081 1283 339 1613 1302 1091 1368 909 2042 1396 1336 1078 2138 1575 1313 981 697 1370 1474 1503 1330 1095 999 1416 711 962 2112 856 922 748 1218 1897 1027 1304 1336 909 1294 1338 1609 1630 929 712 1222 1271 1091 1345 1466 876 1276 1938 1568 1289 526 1607 1647 1111 568 786 1115 1079 854 873 1865 1563 813 1440 1392 921 1856 2107 1517 812 1025 528 893 1266 1071 834 1021 1190 618 1243 1631 1088 1556 610 1659 1054 1475 1053
1271 1940 1130 0 1959 1246 1223 539 1559 774 1635 1861 1819 1078 984 2113 2250 1091 1767 282 1676 1499 1840 1638 1108 1428 1168 993 218 1839 891 1379 2283 1695 1560 1997 875 1649 1395 365 2141 2053 2155 750 1686 996 1412 2603 1474 1478 1294 1646 646 1551 530 1370 551 1814 1820 1504 821 905 1086 1993 873 1679 1156 1991 1482 194 1374 1149 996 1232 1265 1245 619 800 1314 1966 944 1502 1975 1912 1383 1209 1720 1280 1469 1072 1381 1987 1868 1845 1131 1190 1777 2458 1552 2168 2445 1194 1127 1176 1096 1153 1595 1538 1523 2036 1802 2004 1136 1438 1090 1095 1850 913 2161 1400 808 1407 2142 1157 1317 1702 1282 1374 1298 2224 938 858 1720 1898 979 728 2204 1366 389 915 1700 2057 1031 2025 1092 1630 1091 1127 1422 1742 1411 1252 1226 1992 1662 1827 1948 867 1286 1942 2289 1293 1318 1229 1505 1115 606 790 1398 1783 1365 878 2346 1567 1410 1232 1874 925 2338 2200 2141 716 1507 1096 853 1987 1075 1555 1618 1195 716 421 2352 1568 2038 917 1981 1058 797 295
2097 1712 1238 1959 0 2494 1062 1789 1023 1599 2107 952 1072 1974 1224 260 2022 2008 1539 1760 1003 2325 1612 1734 1228 1200 1276 1216 1867 1611 1469 1821 646 368 1788 2279 1493 1421 811 2200 2615 2693 2606 1609 1914 1550 2416 793 2596 2303 1624 313 1533 2376 1753 1663 1605 683 576 1800 1646 1381 1212 2441 1381 1775 1271 1753 2307 1876 2200 1976 1461 2057 2270 1321 1555 1758 2072 2385 1381 1798 701 638 1155 2223 1492 2488 1444 1190 1438 928 1594 2344 1217 2015 2005 2230 549 1480 763 1030 1987 2001 1208 1882 2420 2363 1752 806 764 151 1154 2442 1978 1920 1622 1738 2600 2225 2166 1636 2766 2404 2075 445 1316 2132 2304 683 2159 1925 590 1670 1443 1791 2695 1431 1778 1604 1472 2455 1857 796 2165 568 2123 2014 2439 2214 1183 1381 2052 729 1663 1599 1720 1706 1893 2598 974 2118 1047 2437 2219 1941 1398 1615 1699 1066 1430 1703 2118 2392 1384 2270 1646 1750 2110 2691 1145 1644 1279 1227 1722 329 1901 769 1583 2020 1447 2073 499 1660 1810 1327 2217 1883 2304 1909
1390 2383 1664 1246 2494 0 1758 1703 2059 1075 1787 2395 2354 725 1428 2648 2694 596 2210 1294 2147 1423 2283 2294 1642 1872 1703 1437 1382 2283 1335 1667 2755 2229 2003 2150 1319 2093 1899 983 2260 2172 2274 1091 2129 1769 689 3076 710 1401 1582 2180 1633 1670 1612 1713 1715 2286 2292 1798 936 1348 1620 2146 1317 2335 1600 2434 1117 1358 1154 872 1440 954 564 1881 1227 1050 1602 2119 1388 1791 2510 2447 1827 508 2164 525 2004 1515 1998 2470 2312 1964 1574 1179 2187 2902 2087 2611 2979 1729 895 1290 1539 1441 1714 1428 1894 2508 2336 2539 1671 715 2254 1381 2294 1032 2279 1180 478 1851 2261 164 1605 2237 1726 1663 596 2759 404 1049 2193 2342 1422 1150 2323 1992 1553 1732 2143 2210 1143 2498 425 2165 424 2290 604 1894 1855 1941 1345 2527 2223 2271 2391 1008 1574 2061 2762 1412 1853 465 2669 837 1231 1068 1688 2318 1990 1003 2790 1686 1945 527 2317 1213 2782 2319 2585 1175 1950 1540 1012 2522 1363 2037 2153 916 1280 918 2868 2220 2481 1361 2180 780 462 1458
1360 1399 423 1223 1062 1758 0 1052 662 863 1709 824 789 1238 764 1216 1710 1272 1226 1024 779 1588 1299 886 406 888 461 806 1131 1299 799 1423 1385 797 1398 1889 758 1109 498 1464 2225 2142 2216 872 1524 703 1680 1706 1860 1567 1218 749 797 1640 1017 1265 868 916 923 1402 910 670 222 2051 789 927 764 1450 1571 1140 1463 1239 951 1321 1533 458 819 1021 1403 1995 687 1400 998 936 842 1487 1180 1752 500 718 591 1090 1328 1934 645 1279 1615 1918 655 1627 1468 220 1251 1265 483 1242 1684 1627 1362 1139 825 1107 164 1706 1131 1184 1310 1002 2210 1489 1429 1246 2231 1668 1406 805 874 1464 1568 1247 1423 1189 823 1358 933 1055 2293 584 1042 823 1159 2065 1120 1128 1429 733 1387 1167 1703 1816 871 518 1316 1015 815 1287 1407 970 1375 2031 1392 1382 130 1700 1372 1204 662 879 1300 746 583 967 1806 1656 537 1534 1333 1014 1798 2289 1341 907 966 706 986 1010 1164 657 746 1284 711 1337 1455 812 1497 832 1827 1147 1568 1173
1491 2126 933 539 1789 1703 1052 0 1388 994 1854 1518 1462 1369 1171 1943 2436 1402 1953 570 1506 1719 2026 1099 937 1615 971 1203 532 2025 1033 1598 2112 1524 1764 2217 909 1835 1225 821 2361 2272 2374 970 1890 625 1811 2433 1930 1697 1505 1475 367 1770 363 1575 216 1643 1649 1709 1040 1018 915 2213 1035 1140 1258 2177 1702 483 1594 1368 1191 1452 1664 874 839 1020 1534 2186 1058 1707 1765 1742 1569 1617 1907 1737 1139 1212 1010 1817 2054 2064 1139 1409 1981 2644 1382 2354 2274 1024 1346 1396 1024 1372 1814 1758 1727 1865 1631 1834 965 1837 552 1315 2036 1132 2380 1620 1265 1611 2362 1613 1537 1531 1368 1594 1698 2054 1394 1081 1550 2084 1173 947 2424 996 162 539 1886 2277 1251 1855 1543 1459 1518 588 1833 1961 1597 882 1446 1821 1124 2013 2134 1086 1506 2162 2119 1513 1148 1685 966 1335 734 1010 1603 1453 994 1097 2532 1787 1057 1664 2060 1145 2524 2419 2068 936 1693 1200 1073 1816 1295 1384 1119 1414 857 878 2182 1029 2224 1079 2186 1278 1253 293
1662 1321 809 1559 1023 2059 662 1388 0 1164 1600 1075 1197 1539 692 1177 1631 1573 1148 1360 117 1889 1220 1334 799 809 848 690 1467 1220 878 1315 1270 758 1281 1773 863 1030 396 1800 2109 2187 2100 1146 1408 1150 1981 1591 2161 1868 1113 709 1133 1941 1353 1157 1204 676 807 1293 1211 748 812 1934 846 1375 563 1371 1872 1476 1764 1540 950 1622 1834 921 1155 1292 1561 1879 748 1292 1039 976 764 1788 1101 2053 1043 558 1038 550 1249 1838 485 1580 1499 1839 521 1178 1508 623 1552 1566 656 1371 1931 1928 1245 1023 865 1068 754 2007 1578 1472 1231 1303 2094 1790 1730 1129 2259 1969 1564 671 603 1621 1869 1288 1724 1525 696 1279 932 1391 2189 1031 1378 1204 1080 1949 1422 1013 1730 599 1688 1614 2004 1708 784 981 1617 1055 1262 1208 1328 1283 1383 2091 1276 1683 725 2001 1819 1505 998 1189 1192 1191 1030 1268 1727 1957 984 1835 1254 1297 1719 2184 800 1161 887 582 1287 1051 1422 382 1193 1585 1011 1673 1386 1260 1418 801 1711 1448 1869 1509
678 1489 770 774 1599 1075 863 994 1164 0 906 1501 1459 556 533 1754 1799 589 1316 575 1252 906 1389 1399 748 977 808 542 682 1388 440 650 1860 1335 1050 1269 424 1198 1004 1015 1425 1459 1438 168 1190 875 997 2181 1177 884 565 1286 739 957 721 696 838 1391 1397 781 227 454 726 1265 422 1440 705 1540 889 691 781 557 476 639 851 987 298 336 586 1238 493 774 1615 1552 932 804 1269 1069 1109 621 1104 1575 1417 1169 680 596 1171 2007 1193 1717 2085 835 568 492 645 424 1001 945 878 1613 1442 1644 776 1024 1391 367 1399 319 1444 807 747 898 1549 986 589 1342 831 646 885 1864 741 694 1298 1447 458 513 1495 1097 835 837 1249 1329 429 1603 746 1270 704 1427 1020 1013 960 1047 633 1632 1328 1376 1497 271 558 1349 1867 700 958 1018 1805 522 336 153 671 1423 1096 215 1895 973 1050 851 1423 196 1887 1490 1690 253 1056 645 304 1627 347 1142 1258 601 386 888 1974 1325 1587 466 1252 464 886 749
478 1863 1523 1635 2107 1787 1709 1854 1600 906 0 2159 2281 1268 963 2256 2174 1301 1690 1436 1632 877 1763 2227 1608 1352 1561 945 1543 1763 1094 442 2235 1842 535 363 1152 1573 1379 1876 519 653 532 1012 596 1735 1566 2556 1824 855 719 1793 1599 496 1582 478 1698 1766 1772 353 926 1108 1586 358 996 2268 1127 1914 1109 1552 807 1041 909 902 1563 1815 1155 1040 320 332 1108 358 2123 2060 1302 1516 1644 1781 1937 1043 1932 1950 1792 304 1184 680 567 2382 1634 2091 2592 1528 1037 754 1268 538 398 916 449 1988 1949 2080 1636 1485 2251 607 1774 871 538 833 1459 609 726 1698 317 1781 1253 293 1597 2372 1453 1393 1673 1822 891 1212 589 1925 1696 1698 1623 423 745 1978 1458 1709 1416 2287 1732 107 1335 1875 458 2140 2156 1751 1871 999 530 558 2242 426 1796 1730 2666 1104 1197 985 438 2251 1924 922 2270 673 1878 1563 1797 769 2262 584 2065 1095 1380 1080 1002 2135 570 1517 2087 1127 1240 1748 2351 2153 1961 941 393 1172 1598 1610
1998 1764 1157 1861 952 2395 824 1518 1075 1501 2159 0 124 1876 1277 1107 2075 1909 1591 1662 1147 2226 1664 829 1135 1253 1195 1269 1769 1663 1420 1873 1493 743 1840 2331 1392 1473 863 2102 2667 2745 2658 1510 1966 1006 2318 1639 2498 2204 1676 689 1401 2278 1618 1715 1404 1281 1281 1852 1547 1290 951 2493 1409 870 1323 1815 2209 1778 2101 1877 1514 1959 2171 983 1457 1659 2041 2437 1307 1850 251 363 1207 2124 1545 2389 835 1243 680 1455 1692 2397 1269 1916 2058 2282 969 1992 1078 1001 1889 1903 1103 1879 2321 2265 1804 1503 329 997 893 2344 1073 1822 1674 1640 2652 2127 2067 1688 2818 2306 2044 864 1369 2101 2205 858 2061 1826 1188 1722 1496 1693 2748 707 1577 1126 1524 2508 1758 1493 2067 987 2025 1109 2340 2266 1235 910 1953 530 758 1651 1772 1607 1945 2650 1686 2020 755 2338 1315 1842 1299 1517 1751 118 676 1604 2171 2294 675 2171 1698 1652 2162 2743 1706 1545 1331 1280 1624 751 1802 1022 640 1921 1349 1974 1345 755 1862 1380 2269 1785 2206 1708
1956 1886 1123 1819 1072 2354 789 1462 1197 1459 2281 124 0 1834 1343 1226 2197 1868 1713 1620 1270 2184 1786 773 1101 1375 1161 1383 1727 1786 1378 1995 1612 865 1962 2454 1350 1596 985 2060 2790 2738 2781 1468 2089 950 2276 1759 2456 2163 1795 811 1355 2236 1572 1837 1348 1403 1403 1974 1506 1248 917 2615 1367 814 1392 1937 2167 1736 2059 1835 1529 1917 2129 937 1415 1617 1999 2560 1265 1972 371 483 1330 2083 1667 2348 801 1317 624 1577 1815 2518 1276 1875 2180 2405 1091 2114 1198 967 1847 1861 1062 1838 2280 2223 1926 1626 452 1117 859 2302 1017 1780 1797 1598 2775 2085 2025 1810 2827 2264 2002 986 1489 2060 2164 978 2019 1785 1310 1845 1512 1651 2869 651 1521 1070 1646 2630 1716 1615 2025 1109 1983 1054 2299 2388 1358 854 1911 650 702 1774 1894 1566 1971 2627 1808 1978 733 2296 1259 1800 1258 1475 1872 44 620 1563 2293 2252 619 2130 1820 1610 2285 2864 1828 1503 1453 1336 1582 871 1760 1144 584 1880 1307 1932 1465 699 1984 1411 2392 1743 2164 1652
871 1864 1145 1078 1974 725 1238 1369 1539 556 1268 1876 1834 0 908 2129 2175 240 1691 950 1627 903 1764 1774 1123 1353 1183 917 1057 1763 815 1147 2236 1710 1484 1630 799 1573 1379 965 1741 1652 1754 571 1610 1250 648 2556 828 882 1062 1661 1114 1150 1097 1194 1213 1766 1773 1278 416 829 1101 1626 797 1815 1080 1915 684 1066 634 352 921 434 501 1362 707 530 1083 1599 868 1271 1990 1928 1307 454 1645 720 1484 996 1479 1950 1792 1444 1055 659 1668 2382 1568 2092 2460 1210 376 770 1020 921 1194 909 1375 1989 1817 2019 1151 674 1766 862 1774 512 1760 660 397 1332 1741 636 1086 1717 1207 1143 535 2239 391 616 1673 1822 903 652 1804 1472 1210 1212 1624 1691 623 1978 397 1645 355 1802 671 1375 1335 1422 826 2007 1703 1751 1872 489 1055 1542 2242 893 1334 668 2180 317 711 549 1168 1798 1471 484 2271 1166 1425 502 1798 694 2262 1799 2065 656 1431 1020 493 2002 844 1517 1633 397 761 877 2349 1700 1962 841 1660 260 536 1125
1031 981 608 984 1224 1428 764 1171 692 533 963 1277 1343 908 0 1374 1291 942 808 785 750 1258 881 1283 714 470 647 63 892 880 259 677 1352 960 669 1161 299 690 496 1225 1481 1549 1486 515 796 1024 1350 1673 1530 1237 465 911 915 1310 931 519 987 883 889 656 580 227 802 1318 186 1324 218 1032 1241 901 1133 909 287 991 1203 871 566 661 912 1267 227 654 1240 1177 424 1157 762 1422 993 134 988 1067 909 1200 275 949 887 1499 752 1209 1710 589 921 935 323 723 1294 1297 633 1106 1067 1198 744 1376 1527 823 891 672 1482 1159 1099 517 1622 1338 915 899 344 973 1238 1489 1093 950 790 939 270 816 1551 981 1045 986 741 1337 791 1095 1099 827 1057 1563 1373 1070 452 931 986 1257 1212 868 989 652 735 1454 1359 1052 851 1370 1768 874 546 580 555 1307 979 637 1387 1326 934 1204 915 642 1379 1547 1182 530 548 171 656 1252 774 634 1142 954 420 1098 1469 1209 1079 133 1099 817 1238 959
2251 1861 1393 2113 260 2648 1216 1943 1177 1754 2256 1107 1226 2129 1374 0 2172 2162 1688 1915 1157 2479 1761 1888 1382 1350 1431 1366 2022 1760 1618 1970 673 522 1937 2428 1647 1571 938 2355 2764 2843 2755 1763 2063 1705 2571 649 2751 2457 1773 468 1688 2530 1907 1812 1759 775 668 1949 1800 1535 1366 2590 1530 1929 1420 1862 2462 2031 2354 2130 1611 2212 2424 1476 1709 1912 2221 2534 1535 1947 856 793 1304 2377 1642 2642 1598 1340 1593 1020 1686 2494 1371 2169 2155 2379 704 1572 592 1184 2142 2156 1363 2031 2574 2518 1901 898 918 294 1308 2597 2132 2075 1771 1892 2749 2380 2320 1785 2915 2559 2224 599 1466 2281 2458 512 2314 2079 681 1819 1593 1946 2845 1586 1932 1758 1621 2605 2011 888 2320 722 2278 2168 2593 2363 1332 1536 2206 692 1817 1748 1869 1860 2042 2747 1030 2273 1201 2591 2373 2095 1552 1770 1848 1220 1584 1857 2268 2547 1539 2424 1795 1905 2260 2840 1236 1798 1428 1377 1877 484 2055 923 1738 2174 1602 2227 376 1814 1959 1477 2366 2038 2459 2063
2297 467 1768 2250 2022 2694 1710 2436 1631 1799 2174 2075 2197 2175 1291 2172 0 2208 609 2051 1548 2525 819 2382 1876 915 1807 1284 2159 829 1536 1888 2092 1758 1855 2346 1582 626 1294 2491 2682 2760 2673 1781 1981 2198 2616 2471 2796 2503 1691 1709 2181 2576 2198 1730 2252 1681 1688 1867 1846 1467 1860 2508 1448 2423 1338 733 2507 2168 2400 2176 1528 2258 2470 1969 1832 1927 2139 2452 1467 1865 2038 1975 1082 2423 894 2688 2091 1258 2086 1605 737 2411 1400 2215 2072 353 1550 1123 2508 1677 2187 2188 1509 1949 2505 2563 1819 1624 1865 1996 1802 2642 2626 2050 829 1938 2667 2425 2366 1703 2833 2604 2142 1697 1384 2199 2504 2287 2360 2216 1588 359 1511 2082 2762 2079 2312 2252 1031 2522 2057 1614 2365 1625 2323 2662 2639 2281 1034 2029 2252 2055 2310 671 382 1919 1960 2665 1878 2318 1773 2637 2867 2141 1812 1846 1766 2191 2078 1903 206 2592 2032 2470 379 1875 206 2758 1278 1796 994 1295 1922 2050 2000 1432 2241 2220 1699 2364 2267 2308 270 1394 2284 2083 2504 2226
904 1898 1178 1091 2008 596 1272 1402 1573 589 1301 1909 1868 240 942 2162 2208 0 1724 984 1661 937 1797 1808 1157 1386 1217 951 1091 1797 849 1181 2269 1743 1517 1664 833 1607 1413 851 1774 1686 1788 605 1644 1283 408 2590 595 915 1096 1695 1147 1184 1130 1227 1246 1800 1806 1312 450 863 1135 1660 831 1849 1114 1948 718 1100 668 386 954 468 262 1396 741 564 1116 1633 902 1305 2024 1961 1341 221 1678 605 1518 1029 1512 1984 1826 1478 1089 693 1701 2416 1601 2125 2493 1243 410 804 1053 955 1228 942 1408 2022 1850 2053 1185 434 1799 895 1808 546 1794 694 283 1365 1775 507 1119 1751 1240 1177 296 2273 277 541 1707 1856 936 643 1837 1506 1244 1246 1657 1724 657 2012 219 1679 177 1835 438 1408 1369 1455 859 2041 1737 1785 1905 522 1088 1575 2276 926 1367 554 2214 351 745 583 1202 1832 1504 517 2304 1200 1459 268 1831 727 2296 1833 2099 689 1464 1054 526 2036 877 1551 1667 430 794 763 2382 1734 1995 875 1694 294 422 1158
1813 280 1285 1767 1539 2210 1226 1953 1148 1316 1690 1591 1713 1691 808 1688 609 1724 0 1568 1064 2041 335 1898 1392 432 1323 800 1675 345 1052 1405 1527 1274 1371 1863 1098 129 811 2008 2199 2277 2190 1298 1498 1714 2133 1980 2313 2020 1208 1225 1698 2093 1714 1247 1769 1198 1204 1383 1363 984 1376 2024 964 1939 855 268 2024 1684 1916 1692 1045 1774 1986 1486 1348 1444 1655 1969 984 1382 1555 1492 598 1939 411 2204 1608 774 1603 1040 152 1928 916 1731 1589 817 1066 558 2024 1194 1704 1704 1026 1466 2021 2080 1335 1060 1381 1512 1318 2159 2142 1566 346 1455 2184 1942 1882 1219 2349 2121 1658 1213 900 1716 2020 1804 1876 1733 1104 257 1027 1599 2279 1596 1828 1768 547 2039 1573 1049 1882 1141 1840 2178 2156 1798 551 1546 1768 1571 1827 172 307 1435 1477 2181 1313 1835 1289 2153 2383 1657 1329 1362 1282 1707 1594 1419 705 2109 1549 1986 233 1391 697 2274 713 1313 510 811 1439 1567 1516 949 1757 1736 1216 1880 1783 1824 397 911 1801 1600 2021 1742
1072 1741 931 282 1760 1294 1024 570 1360 575 1436 1662 1620 950 785 1915 2051 984 1568 0 1478 1300 1641 1560 909 1229 969 794 209 1640 692 1180 2084 1496 1361 1798 676 1450 1196 517 1942 1854 1956 551 1487 1003 1392 2405 1522 1279 1095 1447 534 1352 352 1172 576 1615 1621 1305 622 706 887 1794 674 1601 957 1792 1283 239 1175 931 798 1033 1245 1148 420 585 1115 1767 745 1303 1776 1713 1184 1199 1522 1328 1270 873 1265 1789 1669 1646 932 991 1578 2259 1354 1969 2246 996 908 977 897 954 1396 1339 1324 1837 1603 1805 937 1418 1121 896 1651 714 1962 1201 856 1208 1943 1205 1118 1503 1083 1176 1280 2025 986 642 1521 1699 780 508 2005 1258 420 939 1501 1859 833 1826 1135 1431 1099 1157 1415 1543 1212 1208 1028 1793 1489 1628 1749 660 1087 1743 2090 1094 1119 1277 1536 916 407 591 1199 1584 1256 679 2147 1368 1211 1246 1675 726 2139 2001 1942 517 1308 897 638 1788 876 1356 1419 996 517 495 2153 1486 1839 718 1782 859 845 325
1750 1237 927 1676 1003 2147 779 1506 117 1252 1632 1147 1270 1627 750 1157 1548 1661 1064 1478 0 1977 1137 1451 917 726 965 742 1585 1136 983 1346 1163 783 1313 1804 980 947 289 1918 2140 2219 2131 1234 1439 1268 2069 1484 2249 1956 1149 733 1251 2029 1470 1188 1322 569 700 1325 1299 866 929 1966 906 1492 681 1288 1960 1594 1852 1628 987 1710 1922 1039 1252 1380 1597 1911 866 1323 1111 1048 680 1876 1018 2141 1161 676 1156 443 1154 1870 602 1668 1531 1755 456 1071 1580 741 1640 1646 774 1407 1963 2016 1277 916 937 1008 871 2095 1695 1508 1130 1391 2125 1878 1818 1161 2291 2057 1600 603 720 1657 1957 1360 1812 1642 589 1196 969 1509 2221 1149 1495 1321 992 1981 1510 906 1818 531 1776 1731 2092 1740 677 1099 1705 1128 1380 1124 1245 1371 1419 2123 1170 1771 842 2089 1936 1593 1115 1277 1224 1263 1147 1356 1644 2045 1102 1923 1171 1333 1636 2216 693 1249 804 700 1375 1102 1458 275 1310 1673 1113 1790 1279 1377 1335 853 1742 1536 1957 1626
480 2214 1495 1499 2325 1423 1588 1719 1889 906 877 2226 2184 903 1258 2479 2525 937 2041 1300 1977 0 2114 2125 1473 1703 1533 1267 1408 2113 1165 1098 2586 2060 1324 1239 1149 1924 1730 1662 1316 1100 1330 918 1384 1600 1047 2907 1306 62 1161 2011 1464 596 1447 1168 1563 2117 2123 1159 757 1179 1451 1235 1148 2166 1430 2265 590 1417 269 781 1271 503 1144 1712 1058 871 917 1209 1219 1163 2341 2278 1657 1152 1995 1417 1834 1346 1829 2300 2142 1019 1405 509 1355 2732 1918 2442 2810 1560 794 682 1370 871 720 157 1255 2339 2167 2370 1501 966 2116 780 2124 702 1335 275 1094 1406 1189 1333 914 2067 1557 946 1206 2590 1088 1203 2023 2173 1253 1043 1379 1822 1561 1563 1974 1300 577 2328 1094 1995 1052 2152 1252 984 1685 1772 500 2357 2053 2101 2222 830 1005 989 2592 519 1684 1365 2531 785 1061 895 1118 2148 1821 753 2621 592 1775 1199 2148 951 2613 1374 2416 1001 1781 1370 833 2352 794 1868 1984 722 1111 1574 2699 2051 2312 1191 1269 766 1233 1475
1886 447 1358 1840 1612 2283 1299 2026 1220 1389 1763 1664 1786 1764 881 1761 819 1797 335 1641 1137 2114 0 1971 1465 488 1396 873 1748 11 1125 1478 1697 1347 1444 1935 1171 209 884 2081 2272 2350 2262 1370 1571 1787 2206 2061 2386 2092 1281 1298 1770 2166 1787 1319 1842 1271 1277 1456 1435 1057 1449 2097 1037 2012 927 553 2097 1757 1989 1765 1118 1847 2059 1559 1421 1517 1728 2042 1057 1455 1628 1565 671 2012 127 2277 1681 847 1675 1150 430 2001 989 1804 1662 1027 1139 728 2097 1267 1777 1777 1099 1538 2094 2153 1408 1229 1454 1585 1391 2232 2215 1639 288 1528 2257 2015 1955 1292 2422 2194 1731 1286 973 1788 2093 1877 1949 1805 1177 467 1100 1672 2352 1669 1901 1841 264 2112 1646 1219 1955 1214 1913 2251 2228 1871 621 1619 1841 1644 1900 262 516 1508 1550 2254 1483 1908 1362 2226 2456 1730 1402 1435 1355 1780 1667 1492 915 2182 1622 2059 442 1464 907 2347 883 1386 492 884 1512 1639 1589 1022 1830 1809 1289 1953 1856 1897 606 984 1874 1673 2094 1815
1897 2071 1162 1638 1734 2294 886 1099 1334 1399 2227 829 773 1774 1283 1888 2382 1808 1898 1560 1451 2125 1971 0 1140 1560 1200 1325 1631 1970 1318 1942 2057 1469 1917 2408 1290 1780 1170 1920 2743 2678 2735 1408 2043 819 2216 2378 2396 2103 1737 1420 1248 2176 1426 1783 1165 1588 1594 1920 1446 1188 909 2570 1307 46 1332 2122 2107 1582 1999 1775 1470 1857 2069 845 1355 1557 1939 2514 1206 1919 1076 1189 1514 2023 1852 2288 837 1258 422 1762 1999 2459 1217 1815 2134 2589 1327 2299 1904 995 1787 1801 1002 1778 2220 2163 1880 1810 1157 1779 898 2242 649 1720 1981 1538 2729 2025 1966 1764 2767 2204 1942 1477 1445 2000 2104 1683 1959 1725 1495 2029 1452 1591 2816 444 1261 939 1831 2584 1657 1800 1965 1404 1923 686 2239 2335 1542 723 1852 1355 287 1958 2079 1506 1911 2567 2064 1918 947 2236 779 1740 1198 1415 1819 764 413 1503 2478 2192 412 2070 2005 1550 2469 2811 2013 1444 1638 1276 1522 1576 1700 1329 405 1820 1247 1873 2127 151 2169 1351 2346 1683 2104 1392
1245 1565 190 1108 1228 1642 406 937 799 748 1608 1135 1101 1123 714 1382 1876 1157 1392 909 917 1473 1465 1140 0 1054 228 756 1016 1465 720 1353 1551 963 1348 1839 643 1275 664 1349 2115 2027 2129 757 1474 790 1565 1872 1745 1452 1163 915 682 1525 902 1215 753 1082 1089 1351 795 590 267 1967 709 1181 721 1616 1456 1025 1348 1124 871 1206 1418 580 704 906 1288 1933 626 1350 1244 1181 1008 1371 1346 1637 752 675 845 1256 1493 1819 603 1163 1565 2084 821 1793 1713 260 1136 1150 433 1126 1569 1512 1312 1305 1070 1273 317 1591 1306 1069 1476 887 2134 1374 1314 1196 2116 1553 1291 971 831 1348 1453 1493 1308 1074 989 1524 854 940 2178 834 927 753 1325 2013 1005 1294 1314 899 1272 1342 1588 1716 1036 690 1200 1261 1069 1453 1573 855 1260 1916 1558 1267 504 1585 1626 1089 546 764 1250 1057 832 852 1972 1541 791 1419 1499 899 1964 2173 1507 792 1132 663 871 1256 1049 823 999 1168 596 1221 1621 1066 1663 753 1777 1032 1453 1058
1475 605 947 1428 1200 1872 888 1615 809 977 1352 1253 1375 1353 470 1350 915 1386 432 1229 726 1703 488 1560 1054 0 985 462 1337 480 714 1066 1329 936 1033 1524 760 314 472 1670 1860 1938 1851 959 1159 1376 1794 1649 1974 1681 869 887 1359 1754 1376 908 1431 859 866 1045 1024 645 1038 1686 626 1601 516 656 1685 1346 1578 1354 706 1436 1648 1147 1010 1105 1317 1630 645 1043 1216 1154 260 1601 361 1866 1270 436 1264 825 533 1589 578 1393 1251 1123 728 833 1686 856 1365 1366 687 1127 1683 1742 997 1082 1043 1174 980 1821 1804 1228 515 1116 1845 1604 1544 881 2011 1783 1320 875 562 1377 1682 1465 1538 1394 766 563 689 1260 1941 1257 1490 1430 340 1700 1235 1071 1543 803 1501 1840 1817 1459 164 1207 1430 1233 1488 492 613 1097 1138 1843 1335 1497 951 1815 2045 1319 990 1024 944 1369 1256 1081 1012 1770 1210 1648 539 1053 1003 1936 855 975 78 473 1101 1228 1178 610 1419 1398 877 1542 1445 1486 703 572 1462 1261 1683 1404
1305 1496 39 1168 1276 1703 461 971 848 808 1561 1195 1161 1183 647 1431 1807 1217 1323 969 965 1533 1396 1200 228 985 0 676 1076 1396 615 1276 1600 1012 1268 1759 600 1206 713 1409 2080 2087 2086 817 1394 824 1625 1921 1805 1512 1063 963 725 1585 945 1117 787 1131 1137 1254 855 486 327 1920 605 1241 625 1547 1516 1085 1408 1184 767 1266 1478 640 764 966 1348 1866 525 1253 1292 1230 939 1432 1277 1697 812 579 905 1305 1424 1799 506 1224 1486 2015 870 1724 1762 309 1196 1210 391 1187 1629 1572 1232 1353 1119 1321 378 1651 1340 1129 1407 947 2080 1434 1374 1116 2176 1613 1351 1019 735 1409 1513 1542 1368 1134 1037 1455 749 1000 2150 894 961 787 1256 1936 1065 1343 1374 947 1332 1376 1648 1669 968 750 1260 1309 1129 1384 1504 915 1314 1976 1607 1327 564 1645 1686 1149 607 824 1153 1117 892 912 1903 1601 851 1479 1430 959 1895 2145 1556 850 1063 567 931 1304 1109 872 1059 1229 656 1281 1670 1126 1594 648 1697 1092 1513 1092
1039 973 638 993 1216 1437 806 1203 690 542 945 1269 1383 917 63 1366 1284 951 800 794 742 1267 873 1325 756 462 676 0 901 872 279 659 1345 952 636 1128 337 683 489 1234 1461 1531 1455 524 763 1056 1359 1666 1539 1246 448 903 944 1319 940 501 1019 876 882 638 589 283 843 1289 192 1366 216 1024 1250 910 1142 918 285 1000 1212 912 575 670 895 1234 283 636 1232 1170 416 1166 754 1431 1035 132 1029 1059 901 1182 273 958 854 1491 744 1201 1702 617 930 933 361 706 1276 1306 600 1098 1059 1190 786 1385 1567 806 883 681 1449 1168 1108 484 1604 1347 898 891 342 956 1247 1482 1102 959 782 931 267 825 1533 1023 1054 1018 733 1304 800 1087 1108 819 1066 1603 1382 1052 444 972 995 1249 1254 860 981 661 718 1436 1351 1061 893 1379 1810 883 555 589 537 1349 1021 646 1380 1335 975 1213 907 631 1371 1529 1175 539 540 169 665 1244 757 626 1184 963 442 1107 1461 1251 1071 139 1066 826 1247 968
1180 1848 1038 218 1867 1382 1131 532 1467 682 1543 1769 1727 1057 892 2022 2159 1091 1675 209 1585 1408 1748 1631 1016 1337 1076 901 0 1747 799 1287 2191 1603 1468 1905 783 1557 1304 501 2050 1961 2063 658 1594 989 1499 2512 1610 1386 1202 1554 622 1459 446 1279 545 1722 1728 1412 729 813 994 1901 782 1672 1064 1899 1390 128 1283 1057 905 1140 1353 1238 527 708 1222 1875 853 1411 1883 1821 1291 1306 1629 1416 1377 980 1367 1896 1776 1753 1039 1098 1685 2366 1461 2076 2353 1103 1035 1084 1004 1061 1503 1446 1432 1944 1710 1912 1044 1525 1084 1004 1758 821 2069 1308 944 1316 2050 1292 1225 1610 1191 1283 1387 2133 1074 770 1628 1806 887 636 2113 1352 383 908 1608 1966 940 1934 1228 1538 1206 1120 1522 1650 1319 1246 1135 1900 1596 1735 1856 775 1194 1851 2198 1201 1227 1365 1499 1024 514 698 1306 1691 1351 786 2255 1475 1318 1353 1782 833 2246 2108 2050 624 1415 1004 761 1895 984 1463 1527 1103 624 557 2261 1562 1946 825 1889 966 933 288
1886 458 1357 1839 1611 2283 1299 2025 1220 1388 1763 1663 1786 1763 880 1760 829 1797 345 1640 1136 2113 11 1970 1465 480 1396 872 1747 0 1125 1477 1688 1346 1444 1935 1171 218 883 2080 2271 2349 2262 1370 1570 1787 2205 2060 2385 2092 1280 1298 1770 2165 1786 1319 1841 1270 1276 1456 1435 1056 1448 2097 1037 2011 927 562 2096 1756 1988 1764 1117 1846 2058 1558 1421 1516 1727 2041 1056 1454 1627 1564 671 2012 119 2277 1680 846 1675 1142 440 2000 989 1804 1661 1036 1138 719 2096 1266 1776 1777 1098 1538 2094 2152 1407 1221 1453 1584 1391 2231 2214 1638 279 1527 2256 2014 1954 1291 2422 2193 1731 1286 972 1788 2093 1876 1948 1805 1177 476 1099 1671 2351 1668 1900 1841 255 2111 1646 1210 1954 1213 1912 2250 2228 1870 613 1618 1841 1644 1899 273 526 1507 1549 2253 1474 1907 1361 2225 2456 1729 1401 1435 1354 1780 1667 1492 925 2181 1621 2059 452 1463 916 2346 874 1385 483 883 1511 1639 1589 1021 1829 1809 1288 1953 1855 1896 616 983 1873 1672 2093 1814
937 1225 577 891 1469 1335 799 1033 878 440 1094 1420 1378 815 259 1618 1536 849 1052 692 983 1165 1125 1318 720 714 615 279 799 1125 0 809 1597 1204 840 1331 161 935 741 1132 1613 1681 1626 422 966 886 1257 1918 1437 1144 590 1155 777 1217 838 650 849 1128 1134 787 487 168 744 1453 111 1359 431 1276 1148 808 1040 816 273 898 1110 906 473 568 973 1415 207 786 1485 1422 669 1064 1006 1329 1028 347 1023 1312 1154 1332 394 856 1057 1744 996 1453 1954 644 828 842 359 812 1261 1204 803 1350 1311 1442 779 1283 1402 754 1136 579 1632 1066 1006 687 1753 1245 976 1143 557 1034 1145 1734 1000 857 1035 1184 255 723 1683 1016 952 848 985 1504 697 1340 1006 1071 964 1438 1280 1202 697 966 892 1502 1247 1113 1233 559 842 1585 1604 959 886 1277 1804 781 453 487 686 1342 1015 544 1632 1233 969 1111 1159 584 1624 1678 1427 437 792 368 563 1497 734 879 1177 861 309 1005 1713 1244 1323 155 1269 724 1145 866
848 1578 1237 1379 1821 1667 1423 1598 1315 650 442 1873 1995 1147 677 1970 1888 1181 1405 1180 1346 1098 1478 1942 1353 1066 1276 659 1287 1477 809 0 1949 1557 464 793 866 1287 1093 1620 960 1028 973 756 586 1480 1589 2270 1769 1076 421 1508 1343 871 1326 192 1443 1480 1486 135 790 822 1331 800 710 1983 841 1628 1228 1296 964 895 623 948 1443 1529 899 887 409 762 822 125 1837 1774 1017 1396 1358 1661 1651 757 1646 1664 1506 679 899 788 528 2096 1348 1805 2306 1242 891 500 982 253 772 1136 231 1702 1663 1794 1381 1568 1995 353 1488 782 979 990 1339 390 1101 1577 412 1496 967 470 1477 2086 1333 1269 1387 1536 606 1088 1030 1639 1440 1442 1337 853 596 1692 1338 1424 1296 2032 1612 549 1049 1589 823 1854 1870 1465 1586 822 200 932 1956 796 1510 1610 2410 958 941 729 143 1965 1638 678 1984 1048 1592 1443 1512 513 1976 1025 1779 839 1094 794 870 1849 304 1231 1801 1140 967 1492 2065 1868 1676 655 712 1048 1477 1354
2358 1763 1562 2283 646 2755 1385 2112 1270 1860 2235 1493 1612 2236 1352 673 2092 2269 1527 2084 1163 2586 1697 2057 1551 1329 1600 1345 2191 1688 1597 1949 0 908 1916 2407 1643 1493 911 2524 2743 2821 2734 1842 2042 1874 2677 580 2857 2564 1752 854 1857 2637 2077 1791 1928 748 508 1928 1907 1528 1535 2569 1509 2098 1399 1557 2568 2200 2461 2237 1589 2319 2531 1645 1865 1988 2200 2513 1528 1926 1242 1179 1283 2484 1621 2749 1767 1319 1762 981 1382 2472 1461 2276 2133 2300 991 1267 1079 1353 2248 2249 1532 2010 2566 2624 1880 529 1304 561 1478 2703 2301 2111 1478 1999 2728 2487 2427 1764 2894 2665 2203 899 1445 2260 2565 999 2421 2248 655 1740 1572 2115 2824 1755 2102 1928 1600 2583 2118 519 2426 1009 2384 2337 2700 2342 1311 1705 2313 1179 1986 1655 1789 1980 2021 2726 475 2380 1448 2698 2543 2202 1721 1890 1827 1606 1754 1964 2188 2653 1708 2531 1715 1936 2180 2819 932 1857 1407 1356 1983 870 2061 1046 1916 2281 1755 2396 579 1983 1879 1455 2345 2144 2566 2233
1832 1447 974 1695 368 2229 797 1524 758 1335 1842 743 865 1710 960 522 1758 1743 1274 1496 783 2060 1347 1469 963 936 1012 952 1603 1346 1204 1557 908 0 1523 2014 1228 1157 546 1936 2351 2429 2341 1344 1649 1286 2152 1055 2332 2038 1359 55 1269 2112 1489 1398 1340 649 650 1535 1381 1116 947 2176 1116 1510 1006 1498 2043 1612 1935 1711 1197 1793 2005 1057 1291 1493 1807 2121 1116 1533 715 652 890 1958 1228 2223 1179 926 1174 865 1375 2080 953 1750 1741 1965 330 1507 949 765 1723 1737 944 1617 2155 2099 1487 880 533 413 889 2178 1713 1656 1358 1474 2335 1961 1901 1371 2501 2140 1810 225 1052 1867 2039 807 1895 1660 663 1406 1179 1527 2431 1167 1514 1340 1207 2191 1592 869 1901 348 1859 1749 2174 1950 918 1117 1787 732 1398 1334 1455 1441 1629 2333 1047 1854 782 2172 1955 1676 1133 1351 1434 859 1166 1438 1854 2128 1120 2005 1381 1486 1846 2426 1156 1379 1014 963 1458 442 1636 550 1328 1755 1183 1808 761 1395 1545 1063 1952 1619 2040 1644
925 1544 1230 1560 1788 2003 1398 1764 1281 1050 535 1840 1962 1484 669 1937 1855 1517 1371 1361 1313 1324 1444 1917 1348 1033 1268 636 1468 1444 840 464 1916 1523 0 639 897 1254 1060 1801 975 1121 966 1090 167 1617 1926 2237 2106 1302 664 1474 1508 964 1507 425 1580 1447 1453 341 1155 853 1435 764 741 1958 808 1595 1555 1477 1254 1355 670 1349 1779 1504 1141 1237 624 687 853 380 1804 1741 983 1732 1325 1997 1627 724 1621 1631 1473 772 865 1126 258 2063 1315 1772 2273 1209 1350 960 953 712 866 1362 235 1669 1630 1761 1378 1929 2133 813 1455 1233 960 1280 1675 152 1194 1914 621 1462 934 586 1813 2053 1669 1525 1354 1503 652 1392 1123 1615 1621 1579 1304 778 1056 1659 1675 1390 1633 2169 1948 642 1016 1564 904 1821 1846 1432 1552 1228 659 1026 1923 873 1485 1946 2402 1418 1122 1129 459 1941 1613 1138 1951 1141 1567 1779 1478 925 1943 1119 1746 1106 1061 761 1232 1816 763 1198 1776 1529 1009 1673 2032 1843 1642 686 577 1393 1814 1535
840 2036 1721 1997 2279 2150 1889 2217 1773 1269 363 2331 2454 1630 1161 2428 2346 1664 1863 1798 1804 1239 1935 2408 1839 1524 1759 1128 1905 1935 1331 793 2407 2014 639 0 1389 1745 1551 2238 397 815 388 1374 565 2098 1928 2728 2187 1218 1082 1965 1962 858 1944 829 2061 1938 1944 704 1288 1344 1927 217 1232 2449 1299 2086 1471 1914 1170 1404 1209 1265 1925 1996 1518 1403 683 141 1344 709 2295 2232 1474 1879 1816 2144 2118 1215 2112 2122 1964 514 1356 1042 593 2554 1806 2263 2764 1700 1399 1117 1445 900 760 1278 795 2160 2121 2252 1869 1847 2614 970 1946 1234 382 1196 1821 712 868 2060 680 1954 1425 656 1960 2544 1815 1755 1845 1994 1191 1574 589 2106 2058 2060 1795 232 1108 2150 1821 1881 1779 2650 2095 360 1507 2055 820 2312 2337 1923 2043 1361 893 909 2414 788 1976 2092 2893 1467 1559 1348 789 2432 2104 1285 2442 1036 2059 1926 1969 1132 2434 585 2237 1458 1552 1252 1365 2307 932 1689 2267 1490 1500 2111 2523 2334 2133 1178 100 1535 1960 1973
922 1271 562 875 1493 1319 758 909 863 424 1152 1392 1350 799 299 1647 1582 833 1098 676 980 1149 1171 1290 643 760 600 337 783 1171 161 866 1643 1228 897 1389 0 981 787 1116 1671 1703 1684 406 1024 762 1241 1964 1421 1128 642 1179 654 1201 758 708 725 1174 1180 845 471 153 621 1511 169 1331 432 1322 1132 792 1024 800 324 882 1094 854 408 552 957 1473 192 843 1509 1446 715 1048 1052 1313 1000 354 995 1358 1200 1390 379 840 1115 1790 1042 1499 1978 629 812 826 344 796 1245 1188 861 1396 1335 1488 671 1267 1278 738 1182 563 1690 1050 990 745 1789 1229 960 1189 559 1018 1129 1758 984 841 1080 1230 307 707 1741 988 893 725 1031 1562 682 1386 990 1117 948 1314 1264 1260 743 938 877 1526 1219 1159 1279 543 893 1592 1650 943 853 1261 1693 765 372 471 744 1314 986 528 1678 1217 941 1095 1205 568 1670 1736 1473 413 838 353 547 1521 719 925 1149 845 199 989 1759 1216 1369 213 1327 708 1129 850
