NAME: zurich_200_26
COMMENT: TSP instance with 200 nodes. City: Zurich, Switzerland, Seed: 68
TYPE: TSP
DIMENSION: 200
EDGE_WEIGHT_TYPE: EXPLICIT
EDGE_WEIGHT_FORMAT: FULL_MATRIX
NODE_COORD_SECTION:
1 47.3310772 8.5394213
2 47.3518181 8.2778155
3 47.3936988 8.5389476
4 47.3256869 8.80537
5 47.3053751 8.6848462
6 47.380599 8.3198098
7 47.4296784 8.5739791
8 47.3657646 8.508015
9 47.4188115 8.3615413
10 47.3690377 8.3390785
11 47.1991605 8.5263439
12 47.3915533 8.4838777
13 47.4986808 8.7965766
14 47.3324243 8.4417869
15 47.3837827 8.2984191
16 47.4075907 8.5860348
17 47.2110997 8.7039738
18 47.5194727 8.5162214
19 47.3195325 8.7953098
20 47.2271321 8.6645351
21 47.3054385 8.7622497
22 47.5082209 8.720865
23 47.3623316 8.5504782
24 47.2078467 8.5266122
25 47.3748293 8.296903
26 47.4089614 8.4684944
27 47.359198 8.6272232
28 47.2060484 8.5203977
29 47.2316845 8.6341165
30 47.3551255 8.6267313
31 47.4570023 8.5266495
32 47.4954531 8.7327103
33 47.4059098 8.5483728
34 47.3301758 8.2963669
35 47.5224738 8.7878121
36 47.4457206 8.6938104
37 47.2600419 8.4266833
38 47.3443172 8.7015845
39 47.3946912 8.4191852
40 47.3447724 8.2797161
41 47.5020543 8.7258135
42 47.5174062 8.5435554
43 47.4299125 8.3704747
44 47.259516 8.6995571
45 47.392238 8.6311972
46 47.3298714 8.6229119
47 47.3789453 8.5291124
48 47.3053 8.3158142
49 47.2218391 8.3441081
50 47.3280682 8.6230061
51 47.4864842 8.3348477
52 47.3445871 8.6185577
53 47.423384 8.3171209
54 47.3654739 8.3641328
55 47.3607684 8.623216
56 47.5201308 8.3308768
57 47.2652329 8.6595809
58 47.3732747 8.3025333
59 47.3935699 8.4147968
60 47.4081312 8.60117
61 47.4090241 8.4629221
62 47.358404 8.5837022
63 47.4043899 8.2790554
64 47.5176833 8.6406828
65 47.4783622 8.7679918
66 47.350782 8.569192
67 47.3943869 8.5370355
68 47.5255657 8.516302
69 47.2656198 8.7316269
70 47.3766216 8.5183265
71 47.4125257 8.4492111
72 47.3945708 8.3883369
73 47.4172339 8.5441018
74 47.4216602 8.4359083
75 47.516118 8.5403662
76 47.3443004 8.701542
77 47.3544974 8.5553725
78 47.3130584 8.4670889
79 47.1990944 8.3593467
80 47.4110734 8.6354984
81 47.3215304 8.5866754
82 47.4515173 8.4381056
83 47.3138541 8.5945394
84 47.3845272 8.5483377
85 47.4454023 8.5870128
86 47.3579425 8.5088676
87 47.4246058 8.3002296
88 47.4606672 8.5844122
89 47.3573892 8.7293896
90 47.1971766 8.7308658
91 47.3784462 8.4320458
92 47.4847918 8.4977864
93 47.2019947 8.7891089
94 47.4829371 8.4623532
95 47.486403 8.4520604
96 47.5256347 8.5787917
97 47.3952888 8.7794565
98 47.2999006 8.6852274
99 47.5103646 8.5941687
100 47.405176 8.3045533
101 47.211374 8.3633848
102 47.5452972 8.6999883
103 47.5013126 8.7328979
104 47.2784326 8.3626892
105 47.4715173 8.3063731
106 47.4824524 8.7665638
107 47.522168 8.3304181
108 47.3697208 8.5166262
109 47.2492269 8.463844
110 47.2861112 8.4365865
111 47.4860005 8.457617
112 47.449161 8.5845682
113 47.4863044 8.2973832
114 47.3848334 8.5316735
115 47.2668924 8.3389153
116 47.3506376 8.3511953
117 47.4920839 8.2866503
118 47.3583125 8.7336881
119 47.2768378 8.329929
120 47.2926234 8.5670327
121 47.3948785 8.6419486
122 47.3926652 8.5420525
123 47.3316617 8.5380082
124 47.3349222 8.4620801
125 47.4190297 8.3764163
126 47.3767413 8.5453726
127 47.2072518 8.6980455
128 47.546311 8.7128232
129 47.521058 8.5513523
130 47.3615195 8.7471444
131 47.1999326 8.6721534
132 47.3935843 8.6881263
133 47.3625464 8.5512257
134 47.4065553 8.5540026
135 47.3808793 8.7159595
136 47.4474246 8.3881676
137 47.3823419 8.3224179
138 47.3776532 8.5186656
139 47.4218684 8.4154263
140 47.2563768 8.7645583
141 47.4448517 8.3270602
142 47.2725588 8.4144786
143 47.3065953 8.6846644
144 47.5113336 8.5471254
145 47.2051825 8.6895282
146 47.3878574 8.6933765
147 47.3095761 8.5207258
148 47.4556567 8.7739161
149 47.3700803 8.3077378
150 47.2003274 8.6750642
151 47.3609296 8.5669335
152 47.5093627 8.6977853
153 47.4281793 8.469072
154 47.3564185 8.5535394
155 47.3668404 8.5510618
156 47.4408967 8.3688423
157 47.4436828 8.4589731
158 47.4438554 8.5284257
159 47.4371794 8.2994326
160 47.2420693 8.4677793
161 47.4080149 8.7284241
162 47.5228571 8.5839439
163 47.3498306 8.7215167
164 47.2452353 8.6087659
165 47.3382043 8.4386958
166 47.5119578 8.7163334
167 47.5143711 8.6414081
168 47.3894409 8.632134
169 47.2574376 8.605226
170 47.4226258 8.777057
171 47.2819946 8.6140146
172 47.3680693 8.5447486
173 47.4295629 8.6699527
174 47.5485235 8.7143516
175 47.2502779 8.496153
176 47.3842037 8.7167278
177 47.2951544 8.395944
178 47.486942 8.7704331
179 47.264129 8.420735
180 47.3296925 8.3136496
181 47.3898004 8.4335651
182 47.4054011 8.4001622
183 47.387317 8.4843597
184 47.398086 8.4487108
185 47.2695596 8.7421394
186 47.301081 8.5165306
187 47.303417 8.7653301
188 47.4269894 8.6889437
189 47.5035757 8.5462867
190 47.3763455 8.5294721
191 47.4972263 8.5497499
192 47.3261311 8.7449017
193 47.3685092 8.5197714
194 47.1977621 8.6481523
195 47.3993588 8.501589
196 47.3740825 8.3036107
197 47.197403 8.5158523
198 47.5208705 8.7581516
199 47.3729255 8.5227089
200 47.4848511 8.4857643
EDGE_WEIGHT_SECTION:
0 1163 611 1709 1243 1115 927 450 1101 951 1167 649 1891 675 1155 856 871 1336 1656 739 1591 1532 482 1186 1133 895 983 1217 534 1016 1136 1519 687 1315 1773 1195 805 1448 799 1239 1497 1323 1082 1663 1097 977 441 1313 1419 1011 1434 971 1328 861 971 1734 1510 1091 794 922 858 721 1409 1648 1771 682 598 1421 1562 386 894 926 798 1023 1298 1448 547 610 1541 970 858 1260 977 600 1006 365 1344 1030 1312 996 748 1435 1315 1395 1414 1537 1683 1296 1380 1268 1449 1709 1552 1043 1216 1747 1758 402 859 803 1445 991 1356 507 1308 827 1458 1354 1335 371 1123 612 27 414 961 538 798 1688 1377 1394 764 1226 482 711 1311 1142 1076 394 1051 1688 1237 780 1245 1260 768 1231 318 1722 1049 762 585 1532 988 523 496 1038 1165 1084 1398 901 1386 1502 1390 497 572 1601 1626 1115 648 1716 1205 435 1209 1718 917 1313 970 1751 813 1276 798 849 606 818 1654 356 1632 1276 1246 414 1269 1550 359 829 794 1104 1231 1795 365 1440
1163 0 1451 2416 2117 651 1543 1289 1060 532 1792 1327 2598 942 274 1661 1851 1951 2363 1719 2448 2239 1357 1855 237 1277 1858 1739 1514 1891 1629 2226 1527 243 2480 1901 1191 2154 1119 101 2204 1939 1182 2538 1803 1851 1281 476 1071 1885 1286 1846 659 625 1845 1586 2385 290 1117 1597 1242 1596 528 2263 2478 1557 1437 2037 2436 1225 1153 951 1513 1253 1913 2154 1422 1054 1194 1677 1733 1562 1852 1454 1621 1204 657 1646 2018 1975 1007 1758 2295 1654 1673 2153 2389 2170 1995 490 1102 2416 2259 813 1068 2454 1610 1242 1313 1175 1703 1607 1208 1346 797 410 1310 2060 726 1351 1829 1452 1136 868 1133 1383 1778 2395 1993 2100 1744 1933 1357 1551 2018 1401 618 1234 1272 2563 1283 1039 2120 1875 1748 1938 1311 2429 292 1742 1459 2239 1364 1398 1370 1296 1424 1576 760 1355 2093 2118 2096 1476 840 2307 2242 1821 1627 2422 2080 1310 1915 2424 1496 2020 910 2458 1171 298 1057 1009 1297 1088 2529 1349 2492 1983 1862 1254 1884 2256 1198 1808 1428 272 1774 2502 1204 1713
611 1451 0 1190 1040 1403 397 405 895 1239 1595 473 1372 963 1443 337 1299 817 1137 1167 1223 1013 332 1614 1421 561 740 1573 962 774 617 1000 141 1603 1254 675 1092 929 635 1527 978 804 876 1460 577 774 195 1601 1707 807 1228 768 1318 1056 728 1519 1372 1379 635 403 524 497 1686 1128 1252 521 21 902 1359 271 608 897 237 672 778 929 408 898 1829 451 720 743 838 134 486 466 1352 511 792 1424 813 916 1743 835 854 1018 1164 1093 861 1515 1737 1190 1033 1331 1010 1228 1543 346 1147 1091 884 472 1150 126 1596 1115 1252 834 1623 799 603 87 584 702 754 244 1226 1169 858 874 1192 707 332 181 792 906 1364 262 779 1485 1031 1068 1042 740 1196 712 759 1203 1337 1190 382 1013 492 384 301 831 605 560 1245 1188 867 983 870 925 860 1081 1107 595 1076 1196 1066 281 689 1198 1337 794 1258 1232 1101 1564 734 791 446 576 1451 798 1266 757 727 248 749 1030 353 1257 339 1391 1607 1276 305 894
1709 2416 1190 0 698 2368 1139 1513 1795 2204 2693 1577 1674 1954 2408 1016 2397 1535 116 2265 427 1407 1432 2712 2386 1577 1037 2671 2060 1047 1336 1394 1108 2568 1648 1065 2190 604 1529 2492 1372 1523 1776 833 930 936 1303 2566 2805 925 2127 1047 2217 1949 1040 2349 1044 2344 1529 931 1543 1223 2595 1553 1368 1299 1193 1621 716 1379 1471 1787 1208 1486 1497 604 1391 1996 2927 807 1172 1565 1131 1241 1134 1574 2252 1230 459 2522 1706 1635 2841 1656 1675 1737 764 713 1580 2415 2835 1584 1427 2429 1909 1432 2373 1455 2245 2189 1706 1191 2050 1234 2691 2080 2151 442 2680 1897 812 1192 1682 1800 1654 1355 2324 1563 1577 502 2290 729 1432 1080 558 1780 2329 1371 1593 714 1931 2166 719 1459 2294 625 1857 1136 2302 2288 1299 1407 1366 1410 1400 1731 1426 1283 2145 2286 796 1702 509 2023 1852 1476 1574 929 2174 990 1162 1380 1047 1592 2435 593 2322 1481 2199 2529 1659 1634 1551 1598 795 1895 393 938 1446 1357 1468 438 1455 2355 1443 2356 2705 1670 1414 1644
1243 2117 1040 698 0 2070 1176 1129 1817 1905 2261 1295 1826 1629 2110 1005 1966 1577 588 1834 427 1533 819 2281 2087 1519 482 2239 1629 492 1378 1520 1117 2269 1774 1191 1759 413 1557 2194 1498 1564 1798 433 850 317 987 2267 2374 306 2150 427 2239 1815 505 2390 447 2045 1557 914 1482 700 2363 1679 1521 679 1026 1662 398 1036 1513 1819 1231 1528 1539 411 772 1564 2495 933 552 1607 512 945 1241 1140 2256 1271 539 2090 1702 1676 2410 1698 1717 1779 998 66 1621 2222 2404 1710 1553 1998 1931 1585 2414 1064 1813 1758 1748 1233 2072 1006 2262 1781 2174 581 2289 1465 934 1033 1215 1369 1676 923 1893 1689 1619 653 1859 854 815 1110 684 1821 2031 1043 1635 525 1953 1734 20 1501 1863 751 1426 1289 2004 1857 680 1533 1408 790 780 1753 1468 1325 2167 1855 922 1744 472 1591 1527 1602 1700 838 1742 1143 515 858 1173 1718 2004 719 1924 1634 1767 2231 1627 1676 1256 1468 490 1464 468 1064 1488 988 1510 469 1040 1923 1297 2058 2274 1796 1021 1686
1115 651 1403 2368 2070 0 1495 1241 699 221 1744 1280 2550 895 377 1614 1803 1904 2315 1671 2401 2191 1309 1807 482 1229 1810 1691 1466 1843 1581 2178 1479 848 2432 1854 1204 2107 987 747 2156 1891 822 2490 1756 1804 1233 904 1483 1837 1042 1798 415 577 1797 1342 2337 473 971 1549 1194 1548 464 2215 2430 1509 1389 1989 2389 1177 1105 903 1465 1134 1865 2107 1374 1006 1606 1629 1685 1398 1804 1407 1574 1156 431 1598 1970 1928 959 1710 2247 1606 1625 2105 2342 2123 1948 311 1514 2368 2211 989 824 2406 1366 1194 1265 1119 1656 1559 964 1298 1214 353 1066 2012 1185 1303 1782 1404 1088 820 773 1335 1730 2347 1945 2052 1696 1885 1309 1503 1970 1154 50 1186 1152 2515 991 1060 2072 1827 1700 1890 1263 2381 500 1694 1412 2191 1316 1350 1322 1074 1376 1528 516 1307 2045 2070 2049 1429 792 2260 2194 1773 1580 2374 2032 1262 1868 2376 1440 1972 856 2410 1192 805 1009 919 1249 1040 2481 1301 2444 1935 1814 1206 1836 2208 1150 1760 1381 471 1726 2454 1156 1666
927 1543 397 1139 1176 1495 0 731 922 1331 1908 783 1320 1082 1535 219 1614 541 1086 1482 1171 961 653 1929 1513 705 819 1861 1277 828 379 948 267 1695 1203 624 1380 877 656 1620 926 528 903 1602 521 1088 521 1693 1995 1121 1255 948 1345 1077 822 1476 1623 1471 656 269 670 816 1722 853 1201 842 399 626 1485 596 599 915 228 613 503 877 729 1175 2116 399 1040 692 1159 453 211 791 1379 235 741 1739 834 677 2058 753 803 743 1112 1242 585 1542 2025 1138 981 1612 1036 1176 1500 672 1434 1369 802 196 1177 452 1837 1207 1279 783 1807 1114 547 404 899 987 781 572 1541 1118 583 823 1507 655 653 279 741 907 1456 588 720 1548 1058 1355 1179 465 1512 661 1074 1151 1429 1505 702 961 493 705 622 858 553 364 1272 1476 815 707 819 1240 979 1030 832 539 1391 1145 1387 597 638 1147 1627 742 1449 1180 1388 1657 787 762 757 726 1577 1113 1215 705 452 574 474 979 673 1572 646 1484 1895 1225 631 686
450 1289 405 1513 1129 1241 731 0 950 1077 1433 365 1695 753 1281 660 1137 1140 1460 1006 1477 1336 368 1453 1259 612 865 1411 801 899 935 1323 483 1441 1577 999 931 1252 674 1365 1301 1127 931 1550 901 863 223 1439 1545 897 1283 857 1373 987 852 1583 1396 1217 687 726 575 603 1535 1452 1575 569 391 1225 1448 140 641 939 563 767 1102 1252 433 736 1667 774 745 976 863 445 810 85 1395 834 1116 1262 715 1221 1582 1115 1134 1341 1487 1182 1184 1394 1576 1513 1356 1170 1065 1551 1607 100 985 929 1164 795 1205 285 1434 953 1307 1157 1461 637 927 406 422 541 810 374 1064 1492 1181 1198 1031 1030 368 515 1115 991 1202 149 902 1575 1086 906 1131 1063 1035 1035 597 1526 1175 1029 471 1336 705 409 380 887 884 877 1300 1027 1190 1306 1194 763 651 1405 1430 919 914 1520 1091 321 1013 1522 1176 1117 1096 1555 939 1402 683 808 316 534 1540 636 1518 1080 1050 197 1073 1353 121 1095 514 1230 1446 1599 162 1185
1101 1060 895 1795 1817 699 922 950 0 718 1730 743 1976 899 786 1040 1789 1330 1742 1657 1827 1618 1064 1793 890 673 1479 1677 1452 1488 1007 1605 946 1303 1859 1280 1197 1533 473 1161 1583 1317 158 2238 1182 1551 850 1401 1812 1585 708 1546 502 698 1482 1009 2093 882 457 976 638 1288 873 1642 1857 1265 874 1415 2130 820 567 422 892 507 1292 1533 1130 992 1933 1056 1441 773 1559 974 1000 998 616 1024 1397 1914 648 1137 2233 1021 1038 1532 1768 1870 1374 698 1842 1795 1637 1429 505 1833 1033 901 1251 1186 1070 986 645 836 1654 850 747 1439 1624 1289 1208 928 1074 806 146 1042 1716 1774 1372 1479 1682 1311 1064 966 1397 490 649 811 526 2204 361 1172 1819 1254 1686 1317 1249 1808 909 1680 1159 1617 728 1106 1076 410 803 955 635 1293 1472 1496 1475 1415 796 1686 1621 1200 1566 1801 1788 1018 1294 1803 1444 1399 1266 1836 1205 1302 591 292 723 546 2222 1287 1871 1362 1241 878 1263 1635 908 1747 801 880 1712 1881 893 1092
951 532 1239 2204 1905 221 1331 1077 718 0 1580 1115 2385 730 461 1449 1639 1739 2151 1507 2236 2027 1145 1642 501 1065 1646 1527 1302 1679 1417 2014 1315 684 2268 1689 1040 1942 907 608 1992 1726 840 2326 1591 1639 1069 740 1318 1673 1060 1634 434 413 1633 1361 2173 460 892 1385 1030 1384 549 2051 2266 1345 1225 1824 2224 1013 941 738 1301 1041 1701 1942 1210 842 1441 1465 1521 1350 1639 1242 1409 992 450 1434 1806 1763 794 1546 2083 1442 1461 1941 2177 1958 1783 373 1350 2204 2046 825 842 2242 1385 1030 1101 954 1491 1395 982 1134 1050 189 1084 1848 1020 1139 1617 1240 924 656 791 1171 1566 2183 1781 1888 1532 1721 1145 1339 1806 1172 182 1022 1060 2351 1009 896 1908 1663 1536 1726 1099 2217 418 1530 1247 2027 1151 1186 1158 1084 1212 1364 534 1143 1881 1906 1884 1264 628 2095 2030 1609 1415 2210 1868 1098 1703 2212 1276 1808 692 2245 1028 641 845 797 1085 876 2316 1137 2280 1771 1650 1042 1672 2044 986 1596 1216 472 1562 2290 992 1501
1167 1792 1595 2693 2261 1744 1908 1433 1730 1580 0 1633 2874 1294 1784 1840 1110 2314 2640 960 2609 2516 1500 126 1761 1646 2002 166 755 2035 1998 2503 1671 1676 2757 2178 769 2431 1489 1854 2481 2301 1711 2682 2080 1995 1425 1517 1297 2029 2062 1990 1957 1490 1989 2363 2529 1720 1486 1905 1612 1739 2037 2625 2755 1701 1581 2399 2580 1369 1522 1554 1781 1652 2275 2431 1566 1084 1291 1954 1877 1932 1995 1598 1983 1348 1973 2008 2295 1235 1376 2128 1555 2024 2043 2515 2666 2314 2358 1897 1200 2693 2535 1062 1844 2731 2387 1386 558 869 2073 1969 1985 1490 1327 1455 2086 2337 1354 1043 2106 1596 1139 983 1589 1527 1037 2672 2355 2377 850 2209 1500 1695 2295 1771 1705 1378 1679 2707 1866 799 2264 2237 1008 2215 1042 2706 1678 867 1603 2515 1733 1542 1514 1666 1794 1946 2026 481 2370 2480 2373 754 1191 2584 2604 2098 905 2699 2224 1454 2192 2701 506 2297 1083 2734 777 1634 1427 1477 1589 1458 2672 1068 2651 2260 2224 1398 2246 2533 1342 865 1776 1732 115 2779 1348 2083
649 1327 473 1577 1295 1280 783 365 743 1115 1633 0 1759 800 1320 724 1337 1204 1524 1205 1610 1400 534 1652 1297 428 1030 1611 1000 1064 954 1387 528 1479 1641 1063 1130 1316 463 1404 1365 1191 724 1715 965 1029 339 1478 1745 1062 1075 1023 1165 851 1017 1376 1562 1255 431 790 391 768 1543 1516 1639 734 451 1289 1614 287 364 661 599 493 1166 1316 599 931 1867 838 910 792 1029 552 874 410 1200 898 1180 1461 559 1046 1781 932 950 1405 1551 1347 1248 1363 1775 1577 1420 1369 857 1615 1400 333 1184 1129 981 859 998 396 1621 991 1099 1221 1591 837 991 506 622 740 602 539 1264 1556 1245 1262 1230 1094 534 569 1179 784 1241 288 624 1740 879 1106 1297 1128 1234 1099 797 1590 1214 1228 636 1400 521 575 545 679 701 919 1093 1226 1254 1370 1258 962 697 1469 1494 983 1114 1584 1257 487 1077 1586 1357 1181 1176 1619 1138 1441 415 531 89 257 1706 835 1653 1144 1114 351 1137 1418 343 1294 330 1268 1645 1663 338 1001
1891 2598 1372 1674 1826 2550 1320 1695 1976 2385 2874 1759 0 2136 2590 1197 2579 1669 1640 2447 1747 529 1617 2894 2567 1759 1619 2852 2242 1628 1518 405 1290 2749 281 854 2372 1452 1710 2674 475 1502 1957 2178 1299 1906 1485 2748 2987 1940 2309 1748 2399 2131 1622 2530 2223 2525 1710 1112 1724 1656 2776 886 460 1807 1374 1677 2061 1561 1653 1969 1390 1668 1510 1452 1694 2177 3108 1027 2005 1746 2123 1422 1324 1756 2434 1411 1303 2703 1888 1816 3023 1838 1857 1227 1049 1842 1160 2596 3017 742 426 2611 2091 402 2554 1636 2426 2371 1887 1372 2231 1416 2872 2261 2333 1359 2861 2078 1255 1373 1864 1982 1836 1536 2506 721 1472 1245 2472 1197 1617 1262 1164 1961 2511 1552 1774 2124 2112 2347 1812 1562 2476 1231 2039 538 2484 2470 1667 690 1547 1670 1587 1913 1608 1465 2326 2468 925 1192 1381 2204 2033 589 907 1317 2355 859 2291 1561 992 750 2617 1150 2504 389 2380 2711 1841 1816 1732 1780 2153 2077 1791 935 1557 1538 1559 1555 1637 2536 1625 2538 2887 438 1595 1825
675 942 963 1954 1629 895 1082 753 899 730 1294 800 2136 0 935 1195 1363 1490 1902 1231 1964 1777 869 1357 912 815 1370 1241 1026 1403 1167 1764 1039 1094 2019 1440 761 1693 658 1019 1742 1477 879 2050 1342 1363 793 963 1347 1397 1231 1358 1107 640 1357 1532 1897 870 655 1135 781 1108 1188 1802 2017 1069 949 1575 1948 737 691 723 1051 821 1452 1693 934 403 1470 1215 1245 1101 1364 966 1160 716 1124 1184 1557 1487 524 1297 1807 1193 1212 1691 1928 1682 1534 1047 1378 1954 1797 856 1013 1992 1556 749 815 596 1242 1145 1153 858 1081 606 1255 1599 1052 863 1368 964 648 351 758 895 1290 1934 1531 1639 1256 1471 869 1063 1557 939 856 746 848 2075 1035 736 1632 1414 1260 1477 823 1967 828 1254 971 1777 902 910 882 835 962 1115 1184 857 1631 1656 1635 988 103 1846 1780 1360 1139 1961 1592 822 1454 1963 873 1558 560 1996 769 1049 587 646 751 626 2041 861 2008 1521 1400 766 1423 1795 710 1320 967 883 1276 2041 716 1252
1155 274 1443 2408 2110 377 1535 1281 786 461 1784 1320 2590 935 0 1654 1843 1944 2355 1711 2441 2231 1349 1847 105 1269 1850 1731 1506 1883 1621 2218 1519 518 2472 1894 1171 2147 1058 376 2196 1931 908 2530 1796 1844 1273 708 1287 1878 1012 1838 385 618 1838 1312 2377 96 1026 1589 1234 1588 256 2255 2470 1549 1429 2029 2429 1217 1145 943 1505 1220 1905 2147 1414 1046 1410 1669 1725 1422 1844 1447 1614 1196 383 1638 2010 1968 999 1751 2287 1617 1634 2145 2382 2163 1988 216 1318 2408 2251 793 793 2446 1336 1234 1305 1167 1666 1599 934 1338 1018 402 1036 2052 989 1343 1822 1444 1128 861 859 1375 1770 2387 1985 2093 1736 1925 1349 1543 2010 1207 343 1226 1239 2555 1009 1020 2112 1867 1740 1930 1303 2421 123 1734 1452 2231 1356 1390 1363 1128 1416 1568 486 1347 2085 2110 2089 1469 832 2300 2234 1813 1620 2415 2072 1302 1908 2416 1489 2012 891 2450 1152 573 1049 1000 1289 1080 2521 1341 2484 1975 1854 1246 1877 2248 1190 1801 1421 94 1766 2494 1196 1702
856 1661 337 1016 1005 1614 219 660 1040 1449 1840 724 1197 1195 1654 0 1544 745 963 1412 1048 839 582 1859 1631 810 648 1818 1207 657 581 826 251 1813 1080 501 1337 754 774 1738 804 733 1021 1439 351 934 450 1811 1952 968 1373 777 1463 1195 651 1594 1452 1589 774 148 774 685 1840 984 1078 772 339 831 1359 526 717 1033 301 732 707 754 659 1142 2074 277 970 810 1088 383 415 721 1498 440 618 1668 952 880 1988 902 921 947 989 1071 790 1660 1982 1015 858 1576 1155 1054 1618 602 1391 1336 951 401 1295 381 1840 1325 1397 660 1867 1044 377 334 829 947 900 502 1471 995 787 700 1437 532 582 222 618 1025 1575 518 838 1425 1176 1313 1008 669 1441 538 1004 1029 1548 1435 632 838 611 635 552 977 672 529 1390 1433 693 912 696 1169 1092 907 1005 369 1320 1022 1311 526 511 1024 1582 620 1503 1057 1345 1775 905 880 698 827 1451 1042 1092 583 656 504 678 856 602 1501 590 1602 1852 1102 560 889
871 1851 1299 2397 1966 1803 1614 1137 1789 1639 1110 1337 2579 1363 1843 1544 0 2024 2344 274 2314 2220 1205 1130 1820 1583 1706 1226 368 1739 1824 2207 1375 2003 2461 1882 1492 2136 1486 1927 2185 2011 1770 2386 1784 1700 1129 2001 2107 1733 2122 1694 2016 1549 1693 2422 2233 1779 1482 1610 1546 1444 2096 2335 2459 1405 1285 2109 2285 1073 1582 1613 1485 1711 1985 2136 1270 1297 2179 1658 1581 1947 1700 1303 1693 1052 2032 1718 1999 202 1435 2123 512 2083 2102 2225 2370 2019 2068 1956 2088 2397 2240 1731 1903 2435 2446 1090 1395 1491 2132 1679 2044 1194 1996 1514 2146 2041 2023 847 1810 1300 844 1102 1648 1231 98 2376 2065 2081 288 1914 1205 1399 1999 1830 1764 1082 1738 2411 1925 1468 1968 1947 162 1919 918 2410 1737 271 1307 2220 1676 1246 1218 1725 1853 1772 2085 1380 2074 2190 2077 465 1260 2288 2314 1802 593 2403 1928 1158 1896 2405 1272 2001 1658 2439 1501 1964 1486 1537 1294 1506 2377 943 2355 1964 1934 1102 1956 2237 1046 447 1482 1791 1174 2483 1052 2127
1336 1951 817 1535 1577 1904 541 1140 1330 1739 2314 1204 1669 1490 1944 745 2024 0 1482 1892 1568 1275 1062 2339 1921 1113 1219 2269 1687 1229 616 1339 735 2103 1419 1021 1788 1274 1064 2028 1255 236 1256 1999 923 1501 930 2101 2403 1534 1142 1349 1692 1485 1223 1101 2024 1879 1064 716 1078 1227 2090 783 1592 1252 819 101 1882 1006 1007 1323 726 1001 196 1274 1139 1584 2525 796 1450 756 1568 867 590 1201 1677 432 1138 2148 1242 369 2468 395 500 508 1509 1643 515 1889 2433 1154 1323 2020 1329 1567 1125 1081 1843 1777 444 517 1368 861 2245 1615 1417 1180 2215 1523 949 818 1309 1398 1190 981 1951 1248 256 1220 1917 1052 1062 707 1137 1034 1865 997 1128 1945 1360 1764 1580 276 1921 1058 1483 1548 1837 1915 1112 1138 794 1114 1031 1200 674 736 1570 1884 1212 543 1216 1649 1387 1262 854 941 1800 1542 1796 1006 1000 1264 2035 1139 1857 1571 1797 2065 1195 1170 1177 1134 1974 1522 1612 1102 265 983 355 1376 1082 1981 1070 1892 2303 1465 1040 472
1656 2363 1137 116 588 2315 1086 1460 1742 2151 2640 1524 1640 1902 2355 963 2344 1482 0 2212 317 1354 1329 2659 2333 1524 984 2618 2007 994 1283 1341 1055 2515 1595 1012 2137 551 1476 2439 1319 1470 1723 723 877 826 1250 2513 2752 815 2074 937 2164 1896 987 2296 934 2291 1476 878 1490 1170 2542 1500 1335 1189 1140 1568 606 1326 1418 1734 1155 1433 1444 551 1281 1943 2874 754 1062 1512 1021 1188 1081 1521 2199 1177 406 2469 1653 1582 2788 1603 1622 1684 730 603 1527 2362 2782 1531 1374 2376 1856 1399 2320 1402 2192 2136 1653 1138 1997 1181 2638 2027 2098 389 2627 1844 759 1139 1629 1747 1601 1302 2271 1510 1524 468 2237 676 1324 1027 505 1727 2276 1318 1540 604 1878 2113 609 1406 2241 572 1804 1102 2249 2235 1190 1354 1313 1300 1290 1678 1373 1231 2092 2233 743 1649 456 1970 1799 1423 1521 876 2121 957 1052 1327 994 1539 2382 540 2269 1448 2146 2476 1606 1581 1498 1545 685 1842 283 885 1393 1304 1415 377 1402 2302 1390 2303 2652 1617 1361 1591
739 1719 1167 2265 1834 1671 1482 1006 1657 1507 960 1205 2447 1231 1711 1412 274 1892 2212 0 2182 2088 1073 979 1689 1451 1574 1075 207 1608 1692 2075 1243 1871 2329 1751 1361 2004 1355 1795 2053 1879 1638 2255 1653 1568 997 1869 1975 1602 1990 1562 1884 1417 1562 2290 2102 1647 1350 1478 1414 1312 1965 2204 2327 1274 1154 1977 2153 942 1450 1482 1353 1579 1854 2004 1138 1166 2029 1526 1450 1815 1568 1171 1562 921 1900 1586 1868 476 1304 1991 786 1951 1970 2093 2239 1887 1936 1824 1937 2265 2108 1599 1772 2303 2314 958 1245 1359 2001 1547 1912 1063 1864 1383 2014 1909 1891 715 1679 1168 712 970 1517 1099 340 2244 1933 1950 251 1782 1073 1267 1867 1698 1632 950 1607 2280 1793 1336 1836 1815 316 1787 786 2278 1605 268 1176 2088 1544 1114 1087 1594 1721 1640 1954 1229 1942 2058 1946 333 1128 2157 2182 1670 448 2272 1796 1026 1765 2274 1122 1869 1526 2307 1369 1832 1354 1405 1162 1374 2245 811 2223 1832 1802 970 1825 2105 914 316 1350 1659 1024 2351 921 1996
1591 2448 1223 427 427 2401 1171 1477 1827 2236 2609 1610 1747 1964 2441 1048 2314 1568 317 2182 0 1440 1167 2629 2418 1610 830 2587 1977 839 1369 1427 1141 2600 1681 1098 2107 427 1561 2525 1405 1555 1808 556 963 665 1320 2599 2722 654 2160 775 2250 1982 853 2381 767 2376 1561 963 1575 1048 2627 1585 1442 1027 1225 1653 438 1383 1504 1820 1241 1519 1530 426 1119 1912 2843 840 900 1597 860 1273 1166 1488 2285 1262 474 2438 1739 1667 2758 1689 1708 1769 907 441 1612 2447 2752 1617 1459 2346 1942 1506 2405 1412 2161 2105 1738 1223 2082 1267 2610 2112 2184 475 2637 1813 844 1224 1563 1717 1687 1271 2240 1596 1609 574 2207 761 1163 1113 590 1812 2362 1383 1625 452 1963 2082 447 1492 2211 657 1773 1209 2335 2205 1028 1439 1398 1138 1128 1764 1459 1316 2177 2203 829 1734 436 1939 1862 1508 1606 962 2090 1064 890 1206 1079 1625 2352 626 2272 1555 2115 2562 1692 1667 1583 1631 522 1812 67 971 1478 1336 1501 222 1388 2271 1476 2389 2622 1703 1369 1676
1532 2239 1013 1407 1533 2191 961 1336 1618 2027 2516 1400 529 1777 2231 839 2220 1275 1354 2088 1440 0 1259 2535 2209 1400 1260 2494 1883 1270 1159 183 931 2391 436 495 2013 1146 1352 2315 86 1108 1598 1871 940 1547 1126 2389 2628 1581 1950 1389 2040 1772 1263 2172 1929 2167 1352 754 1366 1297 2418 492 426 1448 1016 1283 1753 1202 1294 1610 1031 1309 1116 1146 1335 1819 2750 668 1646 1388 1765 1064 966 1397 2075 1053 1009 2345 1529 1458 2664 1479 1498 833 1041 1548 765 2238 2658 349 125 2252 1732 402 2196 1278 2068 2012 1529 1014 1873 1057 2514 1903 1974 1051 2503 1720 897 1015 1505 1623 1477 1178 2147 328 1078 1089 2113 839 1259 903 891 1603 2152 1194 1416 1816 1754 1989 1518 1168 2117 880 1680 608 2125 2111 1308 277 1189 1311 1228 1554 1249 1106 1968 2109 687 798 1088 1846 1675 95 513 958 1997 929 1956 1203 634 357 2258 877 2145 406 2022 2352 1482 1457 1374 1421 1845 1718 1483 577 1163 1180 1165 1247 1278 2178 1266 2179 2528 411 1237 1467
482 1357 332 1432 819 1309 653 368 1064 1145 1500 534 1617 869 1349 582 1205 1062 1329 1073 1167 1259 0 1520 1326 784 572 1479 868 598 863 1246 412 1509 1500 921 998 1148 805 1433 1224 1049 1045 1240 747 553 250 1507 1613 587 1397 548 1487 1054 559 1698 1070 1285 805 648 747 309 1602 1374 1498 237 318 1147 1138 275 794 1066 524 923 1024 1148 107 803 1735 697 418 1048 537 261 732 379 1496 756 1038 1329 941 1161 1649 1140 1158 1263 1409 872 1106 1461 1643 1435 1278 1237 1179 1473 1722 303 1052 997 1189 717 1319 295 1501 1020 1421 1080 1528 705 836 325 454 608 924 215 1132 1415 1104 1120 1098 952 4 438 1038 1105 1270 282 1054 1265 1201 973 821 986 1102 958 665 1449 1243 1096 161 1258 797 84 81 1001 909 810 1414 1094 1113 1228 1116 830 766 1327 1353 764 981 1442 765 102 935 1444 1243 1040 1163 1477 1006 1470 866 961 495 707 1230 703 1208 1002 973 227 995 1209 279 1162 590 1297 1513 1522 260 1171
1186 1855 1614 2712 2281 1807 1929 1453 1793 1642 126 1652 2894 1357 1847 1859 1130 2339 2659 979 2629 2535 1520 0 1824 1709 2021 229 774 2054 2061 2522 1690 1739 2776 2198 832 2451 1552 1917 2500 2326 1773 2701 2100 2015 1444 1580 1360 2049 2125 2009 2020 1552 2009 2426 2548 1782 1549 1925 1675 1759 2100 2650 2774 1720 1600 2424 2600 1388 1585 1617 1800 1715 2300 2451 1585 1147 1354 1973 1896 1995 2015 1618 2009 1367 2036 2033 2314 1254 1439 2191 1574 2087 2106 2540 2686 2334 2383 1959 1262 2712 2555 1125 1907 2750 2450 1405 620 932 2136 1994 2048 1509 1390 1518 2149 2356 1417 1062 2125 1615 1159 1046 1652 1546 1057 2691 2380 2397 869 2229 1520 1714 2314 1833 1768 1397 1742 2727 1929 862 2283 2262 1027 2234 1062 2725 1741 886 1623 2535 1796 1561 1534 1729 1856 2009 2089 544 2389 2505 2393 773 1254 2604 2629 2117 924 2718 2243 1473 2212 2720 569 2316 1146 2754 840 1697 1490 1540 1609 1520 2692 1087 2670 2279 2249 1417 2272 2552 1361 884 1797 1795 177 2798 1367 2146
1133 237 1421 2386 2087 482 1513 1259 890 501 1761 1297 2567 912 105 1631 1820 1921 2333 1689 2418 2209 1326 1824 0 1246 1828 1709 1484 1861 1598 2195 1496 480 2450 1871 1149 2124 1089 338 2173 1908 1013 2508 1773 1821 1250 686 1264 1855 1116 1816 490 595 1815 1417 2355 73 1068 1567 1212 1565 358 2233 2448 1527 1407 2006 2406 1195 1122 920 1483 1222 1883 2124 1392 1024 1387 1647 1703 1484 1821 1424 1591 1174 488 1615 1988 1945 976 1728 2265 1624 1643 2122 2359 2140 1965 321 1295 2385 2228 771 898 2423 1441 1212 1283 1145 1673 1576 1039 1316 996 379 1140 2030 961 1320 1799 1421 1105 838 964 1353 1747 2365 1963 2070 1713 1902 1326 1521 1988 1312 448 1203 1241 2533 1114 997 2089 1845 1718 1908 1280 2399 101 1712 1429 2208 1333 1368 1340 1227 1394 1546 590 1324 2063 2087 2066 1446 809 2277 2212 1791 1597 2392 2049 1280 1885 2394 1466 1989 869 2427 1129 535 1027 979 1266 1057 2498 1319 2462 1952 1831 1223 1854 2226 1168 1778 1398 56 1743 2472 1174 1683
895 1277 561 1577 1519 1229 705 612 673 1065 1646 428 1759 815 1269 810 1583 1113 1524 1451 1610 1400 784 1709 1246 0 1240 1594 1246 1262 790 1387 617 1429 1641 1063 1113 1316 493 1353 1365 1100 670 1940 965 1253 582 1427 1728 1287 1112 1248 1102 793 1229 1413 1813 1205 488 758 37 982 1473 1425 1639 985 539 1198 1838 533 124 576 651 235 1075 1316 850 909 1850 838 1161 645 1279 640 783 656 1179 807 1180 1707 538 899 2027 784 803 1314 1551 1572 1157 1297 1758 1577 1420 1345 894 1615 1436 579 1168 1102 833 768 1034 540 1570 940 1136 1222 1540 1082 991 594 868 723 554 733 1510 1556 1154 1262 1476 1094 784 657 1179 672 1190 542 378 1965 900 1089 1522 1036 1480 1099 1043 1590 1163 1474 861 1400 373 826 776 618 553 738 1129 1209 1254 1279 1258 1208 713 1469 1403 983 1359 1584 1508 738 1077 1586 1360 1181 1183 1619 1122 1390 409 420 391 251 1930 1081 1653 1144 1023 605 1046 1418 589 1540 278 1217 1628 1663 584 854
983 1858 740 1037 482 1810 819 865 1479 1646 2002 1030 1619 1370 1850 648 1706 1219 984 1574 830 1260 572 2021 1828 1240 0 1980 1369 70 1020 1247 780 2010 1501 914 1499 661 1213 1934 1225 1207 1460 903 493 347 713 2008 2114 381 1811 189 1901 1556 58 2033 916 1786 1213 557 1204 262 2104 1406 1452 472 727 1305 801 772 1155 1471 883 1170 1181 661 561 1305 2236 648 532 1249 638 608 889 880 1936 914 640 1831 1390 1319 2150 1340 1359 1421 1002 535 1264 1963 2144 1437 1280 1738 1593 1475 2057 803 1554 1498 1390 875 1734 731 2003 1522 1835 681 2030 1206 582 725 956 1109 1338 647 1633 1416 1261 722 1599 578 567 752 639 1464 1771 779 1277 928 1615 1475 484 1143 1603 551 1166 1219 1744 1597 438 1260 1050 545 533 1415 1110 967 1829 1595 832 1386 718 1332 1267 1329 1427 482 1483 1139 778 598 874 1446 1744 633 1665 1479 1508 1971 1343 1318 992 1204 893 1205 871 765 1130 721 1152 815 781 1664 1019 1798 2014 1523 759 1328
1217 1739 1573 2671 2239 1691 1861 1411 1677 1527 166 1611 2852 1241 1731 1818 1226 2269 2618 1075 2587 2494 1479 229 1709 1594 1980 0 870 2013 1946 2481 1649 1624 2735 2156 716 2409 1436 1801 2459 2256 1658 2660 2058 1973 1403 1465 1244 2007 2010 1968 1904 1437 1967 2311 2507 1667 1434 1867 1559 1718 1985 2580 2733 1679 1559 2354 2558 1347 1470 1502 1759 1599 2231 2409 1544 966 1239 1932 1855 1880 1974 1576 1939 1326 1920 1963 2273 1350 1324 2076 1670 1971 1990 2470 2644 2292 2313 1844 1147 2671 2513 1010 1792 2709 2334 1364 505 816 2021 1924 1932 1468 1274 1403 2034 2315 1301 1158 2084 1574 1190 930 1537 1505 1153 2650 2310 2355 965 2188 1479 1673 2273 1718 1652 1356 1627 2685 1813 746 2242 2192 1123 2193 992 2684 1625 982 1581 2494 1681 1520 1492 1614 1741 1893 1974 429 2348 2435 2351 869 1139 2562 2559 2076 1020 2677 2202 1432 2170 2679 453 2275 1031 2712 724 1581 1374 1425 1567 1405 2651 1007 2629 2238 2179 1376 2202 2511 1320 980 1746 1680 148 2757 1326 2031
534 1514 962 2060 1629 1466 1277 801 1452 1302 755 1000 2242 1026 1506 1207 368 1687 2007 207 1977 1883 868 774 1484 1246 1369 870 0 1403 1487 1870 1038 1666 2124 1546 1156 1799 1150 1590 1848 1674 1433 2050 1448 1363 792 1664 1770 1397 1785 1357 1679 1212 1357 2085 1897 1442 1145 1273 1209 1107 1760 1999 2122 1069 949 1772 1948 737 1245 1277 1148 1374 1649 1799 933 961 1824 1321 1245 1610 1363 966 1357 716 1695 1381 1663 493 1099 1786 813 1746 1765 1888 2034 1682 1731 1619 1732 2060 1903 1394 1567 2098 2109 753 1040 1154 1796 1342 1707 858 1659 1178 1809 1704 1686 510 1474 963 507 765 1312 894 295 2039 1728 1745 259 1577 868 1062 1662 1493 1427 745 1402 2075 1588 1131 1631 1610 266 1582 581 2073 1400 260 971 1883 1339 909 882 1389 1516 1435 1749 1024 1737 1853 1741 128 923 1952 1977 1465 271 2067 1591 821 1560 2069 917 1664 1321 2102 1164 1627 1149 1200 957 1169 2040 606 2018 1627 1597 765 1620 1900 709 324 1145 1454 819 2146 716 1791
1016 1891 774 1047 492 1843 828 899 1488 1679 2035 1064 1628 1403 1883 657 1739 1229 994 1608 839 1270 598 2054 1861 1262 70 2013 1403 0 1029 1257 790 2043 1511 924 1533 670 1222 1967 1235 1216 1469 912 502 333 747 2041 2147 367 1821 175 1911 1589 92 2042 925 1819 1222 566 1226 296 2137 1415 1461 458 761 1314 811 806 1165 1481 893 1180 1191 670 551 1338 2269 658 518 1258 624 642 899 913 1946 923 649 1864 1400 1328 2184 1350 1369 1430 1012 544 1273 1996 2177 1447 1289 1771 1603 1485 2066 837 1587 1531 1399 884 1743 765 2036 1555 1845 691 2063 1239 591 759 989 1142 1348 681 1666 1426 1270 731 1632 587 594 762 649 1473 1804 813 1286 937 1624 1508 494 1153 1637 560 1199 1229 1777 1631 459 1269 1059 570 560 1425 1120 977 1838 1629 841 1395 727 1365 1300 1338 1436 492 1516 1149 787 631 884 1455 1777 642 1698 1488 1541 2004 1353 1328 1026 1238 903 1238 881 775 1139 755 1162 824 814 1697 1053 1832 2048 1533 793 1337
1136 1629 617 1336 1378 1581 379 935 1007 1417 1998 954 1518 1167 1621 581 1824 616 1283 1692 1369 1159 863 2061 1598 790 1020 1946 1487 1029 0 1146 499 1781 1400 821 1465 1074 741 1705 1124 585 988 1800 723 1301 730 1779 2080 1335 1267 1149 1430 1162 1023 1226 1824 1557 741 517 755 1028 1807 1086 1398 1052 620 717 1682 802 684 1000 403 690 560 1074 939 1261 2202 597 1250 595 1369 668 463 995 1465 504 938 1949 919 395 2268 442 547 845 1309 1443 819 1627 2110 1336 1179 1697 1122 1374 1250 876 1520 1454 491 448 1262 661 1922 1292 1364 980 1892 1324 749 619 1109 1075 867 782 1751 1315 640 1020 1717 853 863 505 938 883 1542 794 805 1745 1143 1441 1380 522 1721 858 1284 1349 1515 1715 912 1159 470 915 832 944 500 137 1357 1561 1013 881 1016 1450 1065 1227 1101 741 1601 1342 1597 807 835 1344 1712 940 1535 1378 1474 1742 872 847 918 811 1774 1323 1412 903 449 784 496 1176 877 1782 665 1569 1980 1422 841 391
1519 2226 1000 1394 1520 2178 948 1323 1605 2014 2503 1387 405 1764 2218 826 2207 1339 1341 2075 1427 183 1246 2522 2195 1387 1247 2481 1870 1257 1146 0 918 2378 416 482 2000 1132 1339 2302 129 1192 1585 1858 927 1534 1113 2376 2615 1568 1937 1376 2027 1759 1250 2159 1916 2154 1339 740 1353 1284 2405 575 273 1435 1002 1367 1740 1189 1281 1597 1018 1296 1199 1132 1322 1805 2737 655 1633 1375 1751 1050 953 1384 2062 1040 996 2332 1516 1444 2651 1466 1485 916 966 1535 849 2225 2645 481 79 2239 1719 249 2182 1265 2055 1999 1516 1001 1859 1044 2501 1889 1961 1038 2490 1707 884 1002 1492 1610 1464 1165 2134 460 1162 1076 2100 825 1246 890 877 1589 2139 1181 1403 1803 1741 1976 1505 1252 2104 867 1667 454 2112 2098 1295 319 1176 1298 1215 1541 1236 1093 1955 2096 674 881 1074 1833 1662 242 596 945 1984 776 1943 1190 621 489 2245 864 2132 252 2009 2339 1469 1444 1361 1408 1832 1705 1470 564 1246 1167 1248 1234 1265 2164 1253 2166 2515 310 1223 1454
687 1527 141 1108 1117 1479 267 483 946 1315 1671 528 1290 1039 1519 251 1375 735 1055 1243 1141 931 412 1690 1496 617 780 1649 1038 790 499 918 0 1679 1173 594 1168 847 683 1603 896 722 927 1540 496 854 277 1677 1783 887 1279 848 1369 1104 784 1514 1452 1455 683 316 580 560 1746 1047 1171 601 143 820 1433 351 645 944 130 659 697 847 489 973 1905 369 800 730 918 197 405 544 1403 429 711 1500 861 817 1819 822 841 936 1082 1172 779 1566 1813 1108 951 1407 1061 1146 1538 425 1223 1167 871 390 1201 209 1672 1190 1303 753 1699 875 522 148 660 778 805 329 1302 1087 776 793 1268 625 412 49 710 893 1440 342 766 1518 1082 1144 1119 659 1272 631 835 1121 1413 1266 456 931 480 465 381 882 592 433 1296 1264 785 901 789 1001 936 1000 1025 514 1152 1115 1146 356 608 1117 1413 712 1334 1150 1177 1640 790 807 502 632 1526 873 1185 675 645 331 668 949 425 1333 394 1467 1683 1194 388 826
1315 243 1603 2568 2269 848 1695 1441 1303 684 1676 1479 2749 1094 518 1813 2003 2103 2515 1871 2600 2391 1509 1739 480 1429 2010 1624 1666 2043 1781 2378 1679 0 2632 2053 1031 2306 1271 234 2356 2090 1425 2690 1955 2003 1433 272 866 2037 1529 1998 903 777 1997 1830 2537 533 1269 1749 1394 1748 771 2415 2630 1709 1589 2188 2588 1377 1305 1102 1665 1405 2065 2306 1574 1206 989 1829 1885 1714 2004 1606 1773 1356 900 1798 2170 2127 1158 1910 2447 1806 1825 2305 2541 2322 2147 734 897 2568 2410 649 1311 2606 1854 1394 1198 1065 1855 1759 1451 1498 592 554 1553 2212 521 1503 1981 1604 1288 1020 1317 1535 1930 2547 2145 2252 1896 2085 1509 1703 2170 1553 809 1386 1424 2715 1527 879 2272 2027 1900 2090 1463 2581 534 1894 1611 2391 1515 1550 1522 1448 1576 1728 1003 1239 2245 2270 2248 1628 992 2459 2394 1973 1779 2574 2232 1462 2067 2576 1390 2172 815 2609 1011 161 1209 1161 1449 1240 2680 1501 2644 2135 2014 1406 2036 2408 1350 1960 1580 515 1658 2654 1356 1865
1773 2480 1254 1648 1774 2432 1203 1577 1859 2268 2757 1641 281 2019 2472 1080 2461 1419 1595 2329 1681 436 1500 2776 2450 1641 1501 2735 2124 1511 1400 416 1173 2632 0 736 2255 1387 1593 2556 463 1252 1840 2112 1181 1788 1368 2630 2869 1822 2191 1631 2281 2014 1505 2413 2170 2408 1593 995 1607 1539 2659 636 531 1689 1257 1427 1995 1443 1536 1851 1272 1550 1260 1387 1576 2060 2991 909 1887 1629 2006 1305 1207 1638 2316 1294 1251 2586 1771 1683 2905 1715 1739 977 1224 1789 909 2479 2899 492 413 2493 1973 507 2437 1519 2309 2253 1764 1255 2114 1299 2755 2144 2216 1292 2744 1961 1138 1256 1746 1864 1718 1419 2388 471 1222 1331 2354 1080 1500 1144 1132 1844 2393 1435 1657 2058 1995 2230 1759 1312 2359 1122 1921 712 2366 2352 1549 494 1430 1552 1469 1795 1490 1348 2209 2351 928 942 1329 2087 1916 423 656 1199 2238 1034 2197 1444 875 500 2499 1118 2386 496 2263 2593 1724 1699 1615 1662 2087 1960 1724 818 1307 1421 1309 1488 1520 2419 1508 2421 2769 274 1478 1708
1195 1901 675 1065 1191 1854 624 999 1280 1689 2178 1063 854 1440 1894 501 1882 1021 1012 1751 1098 495 921 2198 1871 1063 914 2156 1546 924 821 482 594 2053 736 0 1676 796 1014 1978 460 1008 1261 1529 603 1201 789 2051 2290 1235 1613 1043 1703 1435 917 1834 1587 1829 1014 416 1028 960 2080 641 727 1110 678 1106 1412 865 957 1273 693 972 983 796 997 1481 2412 331 1309 1050 1427 726 628 1060 1737 715 668 2007 1192 1120 2327 1142 1161 939 658 1206 782 1900 2321 672 515 1915 1395 710 1858 940 1730 1674 1191 649 1535 720 2176 1565 1637 709 2165 1382 559 677 1167 1286 1140 840 1809 651 1062 722 1776 446 921 566 508 1265 1815 856 1078 1475 1416 1651 1176 945 1780 488 1342 611 1787 1774 971 495 851 973 890 1217 912 769 1630 1772 304 904 746 1508 1337 564 662 621 1659 633 1609 865 148 681 1921 494 1807 714 1684 2015 1145 1120 1036 1084 1504 1381 1141 184 931 842 954 905 941 1840 929 1842 2191 758 899 1129
805 1191 1092 2190 1759 1204 1380 931 1197 1040 769 1130 2372 761 1171 1337 1492 1788 2137 1361 2107 2013 998 832 1149 1113 1499 716 1156 1533 1465 2000 1168 1031 2255 1676 0 1929 956 1212 1978 1775 1178 2180 1578 1493 922 872 660 1527 1530 1488 1417 957 1487 1830 2027 1107 953 1386 1079 1237 1425 2100 2252 1199 1079 1873 2078 867 990 1021 1279 1119 1750 1929 1063 643 781 1451 1375 1399 1493 1096 1458 846 1433 1482 1793 1617 843 1595 1937 1491 1510 1990 2164 1812 1832 1357 690 2190 2033 417 1311 2228 1854 884 291 344 1540 1444 1452 988 682 869 1554 1835 708 992 1604 1093 777 450 1056 1025 1419 2169 1830 1875 1383 1707 998 1192 1792 1238 1165 875 1146 2205 1333 154 1761 1712 1390 1712 952 2203 1065 1383 1101 2013 1200 1039 1012 1133 1261 1413 1487 332 1867 1954 1871 1118 658 2082 2079 1596 1269 2197 1721 951 1690 2199 482 1794 438 2232 77 988 894 944 1087 925 2170 991 2148 1757 1699 895 1721 2031 840 1411 1265 1120 751 2276 846 1550
