NAME: zurich_200_27
COMMENT: TSP instance with 200 nodes. City: Zurich, Switzerland, Seed: 69
TYPE: TSP
DIMENSION: 200
EDGE_WEIGHT_TYPE: EXPLICIT
EDGE_WEIGHT_FORMAT: FULL_MATRIX
NODE_COORD_SECTION:
1 47.2012313 8.7934876
2 47.5099444 8.4761079
3 47.4752206 8.4501355
4 47.3344256 8.5163632
5 47.3988047 8.6004135
6 47.2570707 8.683399
7 47.3265332 8.5775691
8 47.4990595 8.7078259
9 47.4007317 8.3936618
10 47.409972 8.4045184
11 47.3908665 8.4204131
12 47.2025617 8.5741319
13 47.4473765 8.3301907
14 47.4763272 8.7678556
15 47.2640853 8.339297
16 47.4774769 8.5216999
17 47.341097 8.4581813
18 47.5213224 8.7904754
19 47.29736 8.6967717
20 47.5375195 8.2927374
21 47.2652818 8.7275732
22 47.2651163 8.397401
23 47.3506652 8.4414766
24 47.4129102 8.382586
25 47.2526203 8.7765138
26 47.5235447 8.5533532
27 47.3946785 8.5410572
28 47.2673002 8.3261213
29 47.3687267 8.5217139
30 47.3073465 8.4475529
31 47.2231801 8.682485
32 47.249257 8.7058421
33 47.2752441 8.5658014
34 47.5222145 8.5189948
35 47.3651408 8.8003119
36 47.3768538 8.5206568
37 47.1951634 8.7117852
38 47.3106139 8.3280955
39 47.2797025 8.4461697
40 47.4460274 8.4041563
41 47.217434 8.6105137
42 47.4004256 8.5049511
43 47.4251279 8.6831239
44 47.3615858 8.6302286
45 47.3806252 8.5567075
46 47.2810714 8.6376111
47 47.3884267 8.5363587
48 47.3142351 8.7991277
49 47.3418216 8.6726119
50 47.3951443 8.5452734
51 47.2804284 8.4621039
52 47.2498006 8.3656745
53 47.4453826 8.405697
54 47.3031526 8.6945361
55 47.3046894 8.3109615
56 47.4715173 8.3063731
57 47.3104423 8.7599901
58 47.4868244 8.4494313
59 47.3615195 8.7471444
60 47.4911476 8.2863962
61 47.4480415 8.581878
62 47.2570471 8.7036255
63 47.5253249 8.7132777
64 47.2996191 8.393831
65 47.408187 8.3342583
66 47.3519509 8.7303074
67 47.3688169 8.5349271
68 47.3865372 8.32992
69 47.5490765 8.5302821
70 47.409431 8.7923405
71 47.2041663 8.5743902
72 47.4050983 8.7216669
73 47.424392 8.502924
74 47.1952148 8.5335737
75 47.4070163 8.5739245
76 47.3461871 8.6968326
77 47.4145852 8.5203808
78 47.2852228 8.5279909
79 47.3378597 8.4778158
80 47.3339011 8.5785825
81 47.2826628 8.4065606
82 47.4050105 8.2811108
83 47.3985738 8.4550205
84 47.3571713 8.7134972
85 47.2738989 8.6358761
86 47.3178285 8.5156998
87 47.196561 8.6797705
88 47.3816735 8.3228906
89 47.4737735 8.673655
90 47.427406 8.5699129
91 47.2994542 8.5588095
92 47.2752516 8.3297791
93 47.508618 8.3770929
94 47.3003248 8.5608994
95 47.2289408 8.6726133
96 47.4918517 8.5588678
97 47.3927776 8.5233307
98 47.4202735 8.3140088
99 47.4627149 8.3114488
100 47.3143509 8.5362176
101 47.4913427 8.4997328
102 47.4388297 8.5604436
103 47.4244915 8.3001384
104 47.5342287 8.7863305
105 47.4496144 8.3324516
106 47.5333498 8.7454746
107 47.2520229 8.6073191
108 47.3555977 8.3248161
109 47.4287698 8.5368446
110 47.2024675 8.5106741
111 47.4467515 8.358826
112 47.477268 8.3123981
113 47.3266249 8.6240314
114 47.5190125 8.5851682
115 47.2635979 8.6734879
116 47.491104 8.7103158
117 47.3993316 8.5858527
118 47.3632031 8.5593262
119 47.4259393 8.6336774
120 47.3604263 8.5218634
121 47.3922227 8.5300674
122 47.4928202 8.4958236
123 47.4736727 8.2836981
124 47.4114777 8.3163899
125 47.4786835 8.7009101
126 47.2920851 8.607167
127 47.4785029 8.5183687
128 47.4265424 8.7717451
129 47.3484629 8.293311
130 47.5060021 8.7179978
131 47.5404656 8.6795855
132 47.4073528 8.7221391
133 47.4372925 8.7662328
134 47.4052328 8.6219207
135 47.3950208 8.4522398
136 47.4464319 8.4677234
137 47.3901224 8.5454075
138 47.2849694 8.3632424
139 47.5191806 8.6611003
140 47.5349626 8.7096175
141 47.4773601 8.7569907
142 47.3590147 8.5251143
143 47.2289943 8.6016795
144 47.3588358 8.5064063
145 47.4535458 8.3170741
146 47.3730306 8.5473212
147 47.3711493 8.3621201
148 47.310631 8.7810272
149 47.3079358 8.6840471
150 47.531496 8.424415
151 47.4069763 8.5860223
152 47.4238797 8.3013606
153 47.2256895 8.6663133
154 47.2788054 8.5738523
155 47.3428949 8.484727
156 47.291093 8.3027623
157 47.3442872 8.403933
158 47.3682519 8.3433046
159 47.5109348 8.3795006
160 47.3778355 8.5076987
161 47.2269025 8.5531186
162 47.4668318 8.7782049
163 47.3971476 8.4829727
164 47.3782053 8.5610001
165 47.3129531 8.6730747
166 47.3570866 8.3664039
167 47.3870108 8.7650834
168 47.4266172 8.5082624
169 47.3521521 8.7107466
170 47.4109655 8.6049115
171 47.410678 8.5244038
172 47.412231 8.613286
173 47.4162884 8.3714621
174 47.2900109 8.7323876
175 47.5129132 8.7591991
176 47.3137315 8.3620186
177 47.4998194 8.3471152
178 47.3898556 8.5421615
179 47.3923559 8.5416976
180 47.4200671 8.6036811
181 47.5144403 8.5287663
182 47.4694393 8.3335275
183 47.4322875 8.6748596
184 47.3959942 8.3995153
185 47.5082667 8.545499
186 47.2701979 8.6577051
187 47.1983687 8.7158879
188 47.4422709 8.584597
189 47.3512427 8.721199
190 47.2650517 8.7251338
191 47.3858084 8.34947
192 47.4883539 8.2895541
193 47.2933611 8.8000307
194 47.3047003 8.5231168
195 47.4107638 8.331715
196 47.4370707 8.441787
197 47.1972193 8.5229538
198 47.4451202 8.3657309
199 47.2110997 8.7039738
200 47.369193 8.4918222
EDGE_WEIGHT_SECTION:
0 2710 2535 1526 2116 2811 2028 2654 2038 2105 1887 1455 2372 2955 2479 2376 1678 2956 2554 3113 2791 2104 1686 2099 3007 2608 1805 2526 1535 1775 694 2980 1265 2551 2840 1587 504 2389 1980 2384 1074 1921 2478 2192 1803 2555 1723 2870 2474 1858 2040 2366 2397 2525 2511 2393 2865 2599 2571 2623 2152 2840 2741 2075 2422 2541 1561 2215 2555 2976 1445 2602 2143 1572 2011 2629 1987 1509 1761 1952 2104 2573 1954 2516 2568 1443 745 2293 2654 2118 1290 2539 2942 1335 770 2424 1790 2483 2438 1383 2611 2115 2525 2871 2414 2961 1031 2089 2171 1741 2259 2477 2216 2666 2767 2559 2028 1745 2194 1474 1796 2603 2625 2404 2567 2398 2422 2825 2259 2688 2852 2607 2825 2179 2003 2322 1795 2249 2752 2779 2964 1485 1070 1569 2383 1659 2128 2890 2470 3090 2017 2528 854 1300 1964 2708 1796 2159 2956 1624 1455 3046 1885 1821 2409 1952 2761 2163 2547 2167 1958 2170 2187 2580 2920 2138 2814 1749 1785 2213 2440 2433 2419 1938 2430 2690 524 2168 2545 2782 2209 2589 2830 1360 2434 2347 1591 2287 558 1696
2710 0 381 1480 970 2310 1603 1497 1202 1095 1051 2371 1190 1793 2184 418 1307 1615 1885 1116 2094 1855 1307 1095 2215 521 1003 2199 1265 1516 2196 2299 1792 255 1685 1187 2367 1944 1731 885 1989 994 1302 1344 1122 2093 1039 1715 1513 980 1797 2117 881 1866 2067 1174 1802 330 1416 1217 710 2159 1401 1730 1569 1385 1202 1754 498 1821 2360 1447 776 2313 985 1474 869 1794 1512 1527 1855 1984 1112 1361 2143 1638 2108 1849 1281 774 1673 2186 639 1718 2129 563 1069 1597 1207 1604 189 689 1541 1531 1232 1581 1921 1645 826 2258 1003 1140 1723 808 2215 1404 1051 1255 1039 1311 1085 181 1405 1660 1412 1973 393 1669 1815 1404 1249 1452 1670 1024 1168 514 1047 1906 1079 1386 1801 1332 1985 1397 1201 1137 1462 1757 1788 426 936 1567 2100 1800 1516 2264 1352 1715 674 1220 2269 1891 1114 1159 1727 1433 1606 814 1391 986 914 988 1183 1863 1676 1694 884 1036 1020 1003 342 1143 1228 1105 466 2120 2321 776 1390 2085 1601 1210 1854 1645 1588 762 2225 1031 2220 1272
2535 381 0 1309 857 2197 1447 1386 922 815 771 2196 865 1686 1904 484 1027 1687 1772 991 1981 1575 1027 815 2102 732 810 1919 1066 1236 2021 2186 1618 572 1572 1002 2192 1664 1451 575 1815 714 1210 1231 955 1973 838 1602 1400 834 1516 1837 571 1753 1787 876 1689 123 1303 1092 793 2046 1473 1450 1273 1272 1052 1446 678 1708 2185 1334 496 2033 891 1361 589 1620 1232 1370 1575 1668 832 1248 1986 1467 1933 1557 1386 706 1498 1906 514 1544 1954 737 816 1281 882 1429 369 633 1224 1603 906 1693 1747 1365 583 1978 678 899 1570 1027 2102 1291 938 1099 926 1140 865 361 1108 1344 1299 1816 459 1556 1535 1420 1468 1339 1557 911 888 234 889 1626 1299 1510 1695 1165 1810 1122 875 980 1182 1644 1675 615 831 1251 1925 1625 1236 1984 1072 1435 549 955 1989 1778 834 993 1614 1153 1493 534 1278 873 634 875 903 1750 1652 1414 759 844 833 981 521 818 1150 825 646 2007 2146 811 1277 1972 1321 1073 1741 1471 1292 479 1945 705 2045 992
1526 1480 1309 0 886 1581 799 1425 910 977 759 1054 1242 1725 1351 1147 549 1726 1325 1983 1561 976 557 969 1777 1379 575 1398 305 647 1012 1750 567 1321 1611 357 1183 1260 852 1254 805 691 1249 963 573 1326 493 1640 1245 629 907 1238 1262 1296 1383 1263 1635 1372 1342 1492 922 1611 1511 947 1294 1311 331 1087 1325 1746 1043 1372 914 1163 781 1400 757 382 633 722 976 1445 724 1286 1339 199 923 1165 1424 888 467 1410 1763 520 945 1194 560 1355 1307 275 1381 885 1396 1641 1283 1731 737 961 941 1277 1129 1347 986 1436 1537 1329 798 515 964 246 566 1373 1494 1276 1338 1169 1192 1595 1131 1459 1623 1377 1596 949 773 1095 565 1121 1522 1549 1734 257 801 341 1253 430 1000 1660 1240 1861 787 1400 915 612 836 1580 668 1031 1799 394 1011 1816 655 591 1179 824 1531 934 1317 937 728 940 1057 1350 1691 1010 1683 520 555 984 1210 1303 1189 810 1200 1460 1137 939 1315 1552 1081 1459 1600 224 1306 1117 1182 1156 1036 468
2116 970 857 886 0 1394 929 772 961 853 809 1777 1127 1073 1913 637 1048 1074 966 1789 1228 1541 1065 854 1444 869 412 1957 671 1212 1602 1392 1198 811 958 593 1773 1702 1417 930 1395 603 597 425 455 1174 445 988 594 389 1492 1803 926 947 1825 1148 1075 921 689 1377 412 1252 859 1482 1327 659 608 1525 815 1094 1766 720 541 1893 261 741 545 1200 1198 827 1541 1820 866 634 1250 1044 1514 1607 772 382 1079 1944 1312 1124 1535 684 476 1487 1192 1010 871 375 1491 989 1168 1079 1327 1403 441 1944 1014 1232 810 926 1297 677 120 573 312 717 491 863 1379 1530 685 1162 682 943 1573 806 970 725 943 204 926 644 456 1664 870 897 1082 737 1391 803 1137 533 1220 1030 869 1358 169 1512 1506 1206 1230 2022 1110 1473 1347 627 1776 1164 774 434 808 1191 879 590 665 220 520 222 941 1017 1038 1452 1557 443 428 362 701 1188 537 863 690 1201 1727 429 663 1219 1359 1344 1127 1051 1346 774 1900 1041 1626 750
2811 2310 2197 1581 1394 0 843 1938 2115 2057 1963 2471 2274 2000 2611 1976 1809 2239 525 3015 354 2236 1818 2001 592 2208 1472 2658 1373 1907 2297 183 1893 2151 1349 1390 2468 2520 2112 2250 2090 1663 1514 999 1378 366 1409 821 875 1492 2187 2498 2245 586 2643 2295 740 2260 1126 2524 1752 161 2025 2207 2474 988 1280 2347 2155 1586 2461 1338 1820 2588 1609 936 1663 1895 1893 927 2236 2705 1782 1048 322 1739 2209 2425 1916 1722 1774 2670 2651 1811 2230 2024 1520 2615 2339 1705 2211 1715 2614 2155 2315 2245 2022 2221 1781 2639 2161 2379 783 2266 107 1843 1468 1180 1464 1383 1480 2203 2526 2536 1851 597 2022 1602 2391 1972 2136 1388 1666 1430 1831 1983 1437 2381 2035 2062 2115 1375 2086 1521 2284 1253 2260 771 576 2697 1511 2628 2201 1901 1986 2840 1928 2291 2687 1452 2471 1908 1711 1377 622 2084 1371 1840 989 1534 1634 1504 2089 455 2204 2270 2715 1409 1447 1597 2040 2335 1631 2017 2030 268 2422 1768 956 336 2341 2491 711 1746 2493 2093 2595 2188 2321 1544
2028 1603 1447 799 929 843 0 1548 1333 1274 1180 1689 1491 1848 1829 1270 1027 1849 731 2233 967 1454 1035 1218 1183 1502 690 1876 591 1125 1515 1021 1111 1444 1472 608 1686 1738 1330 1467 1308 881 1247 566 573 587 627 1117 775 710 1405 1716 1463 702 1861 1513 1041 1510 1203 1742 1045 972 1634 1425 1692 1093 498 1565 1448 1610 1679 1279 1037 1806 904 997 881 1113 1111 102 1454 1923 1000 1108 600 957 1426 1643 1548 1011 992 1888 1901 1028 1448 1317 738 1833 1557 923 1504 1008 1832 1765 1533 1854 1240 1439 1065 1857 1379 1596 392 1559 799 1453 921 397 1087 600 697 1496 1744 1754 1461 430 1315 1616 1609 1582 1746 1330 1616 1026 1048 1233 655 1599 1645 1672 1857 593 1303 739 1502 471 1478 1066 646 1989 910 1846 1418 1119 1204 2058 1146 1509 1937 670 1688 1858 929 572 585 1302 1396 1057 1050 1054 852 1056 1306 757 1814 1488 1933 627 665 1107 1333 1553 1312 1234 1323 721 1639 1062 1017 959 1559 1709 1007 964 1711 1311 1813 1406 1538 761
2654 1497 1386 1425 772 1938 1548 0 1489 1382 1338 2315 1655 490 2452 1166 1577 610 1538 2317 1714 2079 1594 1382 1835 1141 947 2486 1210 1750 2141 1919 1737 1288 1109 1132 2312 2231 1956 1458 1934 1141 546 1133 1066 1797 984 1334 1302 925 2031 2342 1454 1509 2354 1676 1422 1450 1034 1906 941 1779 398 2017 1855 1005 1147 2053 1164 1101 2304 669 1070 2432 880 1094 1086 1739 1736 1471 2079 2349 1399 981 1869 1583 2052 2135 482 920 1617 2473 1840 1663 2073 1132 1014 2016 1721 1548 1400 904 2019 551 1697 541 1866 1932 970 2483 1543 1760 1518 844 1869 148 866 1200 654 1255 1030 1392 1908 2059 283 1869 1211 892 2102 215 578 674 883 724 1455 1172 992 2193 440 436 499 1277 1929 1341 1666 1082 1749 1377 1479 1860 750 2041 2044 1745 1768 2551 1639 2002 1876 1166 2314 598 1312 1104 1511 1719 886 1119 1011 766 1058 694 1470 1483 447 1981 2086 980 964 787 1216 1717 571 1392 1219 1774 2265 958 1010 1705 1887 1873 1474 1590 1875 1302 2439 1570 2164 1289
2038 1202 922 910 961 2115 1333 1489 0 190 251 1699 502 1790 1406 997 530 1791 1850 1319 2079 1078 530 134 2205 1352 859 1421 847 739 1524 2276 1120 1295 1675 766 1695 1148 954 574 1317 763 1313 1334 967 1859 809 1705 1503 887 1019 1340 587 1821 1250 600 1792 986 1406 829 896 2136 1576 953 614 1375 858 823 1299 1811 1688 1437 606 1536 994 1464 700 1122 734 1256 1077 1108 382 1351 1872 1021 1436 947 1489 809 1001 1409 1148 1046 1457 1168 705 789 644 932 1121 737 858 1706 550 1796 1249 767 801 1481 449 683 1512 1409 2071 1394 1041 1040 1029 833 811 1107 831 817 1402 1702 1042 1660 936 1523 1687 1442 1660 1014 438 709 894 1129 1586 1614 1798 844 1313 894 589 931 424 1747 1765 1478 934 870 1428 1128 739 1448 574 837 1162 751 1492 1881 566 1005 1704 479 1596 672 1381 976 744 978 229 1854 1755 917 1020 849 857 1085 1184 640 1254 100 1173 1994 1649 914 1380 2070 567 796 1844 973 633 749 1448 476 1548 767
2105 1095 815 977 853 2057 1274 1382 190 0 321 1766 524 1682 1474 889 597 1683 1768 1268 1977 1145 597 165 2098 1245 801 1489 776 806 1592 2182 1188 1187 1568 708 1763 1227 1022 522 1385 651 1206 1227 909 1801 751 1597 1395 829 1087 1408 535 1748 1330 548 1685 878 1299 777 788 2042 1468 1020 645 1268 799 854 1191 1703 1755 1329 499 1603 887 1357 592 1190 802 1198 1145 1139 307 1244 1814 1089 1503 978 1382 702 1069 1476 1096 1114 1524 1060 647 820 592 1000 1013 629 848 1598 568 1688 1317 846 693 1549 397 631 1453 1302 2013 1287 933 982 921 850 752 999 779 848 1295 1644 935 1552 1016 1416 1580 1334 1553 906 363 601 836 1196 1479 1506 1691 875 1380 832 537 872 524 1640 1670 1371 827 862 1495 1196 806 1527 642 916 1111 666 1560 1774 474 946 1609 559 1488 564 1274 868 637 871 260 1746 1648 984 968 791 799 977 1076 588 1146 179 1066 1936 1716 806 1272 1968 667 744 1737 1041 664 637 1515 425 1615 681
1887 1051 771 759 809 1963 1180 1338 251 321 0 1548 608 1638 1255 845 379 1639 1698 1349 1925 927 357 329 2054 1201 707 1270 693 588 1373 2123 969 1143 1524 614 1544 1016 803 620 1166 654 1162 1183 815 1707 657 1553 1351 735 868 1189 633 1669 1138 629 1641 834 1255 858 744 1984 1424 802 805 1224 705 843 1147 1659 1537 1286 455 1385 843 1313 548 971 583 1104 926 1201 213 1200 1720 870 1285 920 1338 658 850 1258 1177 895 1306 1016 553 923 673 781 969 585 945 1555 649 1644 1098 716 650 1330 495 713 1359 1258 1919 1243 889 888 877 682 658 955 860 952 1251 1550 891 1508 886 1372 1536 1290 1509 862 262 557 742 978 1435 1462 1647 693 1162 720 619 778 508 1596 1613 1327 783 959 1277 977 566 1335 423 787 1192 582 1341 1730 427 852 1552 479 1444 520 1230 824 593 827 420 1701 1604 766 1049 697 705 933 1032 669 1102 151 1022 1841 1498 762 1229 1916 647 825 1693 822 825 687 1297 522 1397 597
1455 2371 2196 1054 1777 2471 1689 2315 1699 1766 1548 0 2033 2615 1617 2037 1336 2616 2215 2774 2452 1152 1346 1760 2667 2269 1465 1664 1195 1167 923 2641 777 2212 2501 1248 1113 1739 1030 2045 433 1582 2139 1853 1464 2216 1384 2531 2135 1519 1004 1415 2058 2186 1762 2054 2525 2259 2232 2284 1813 2501 2402 1366 2083 2201 1222 1876 2215 2637 22 2263 1804 340 1672 2290 1647 820 1318 1613 1232 2234 1615 2177 2229 994 765 1954 2315 1779 886 1677 2602 912 856 2085 1451 2144 2098 956 2271 1775 2185 2532 2075 2622 685 1750 1832 510 1920 2138 1877 2326 2428 2220 1688 1405 1855 1134 1457 2263 2285 2065 2228 2059 2082 2485 1920 2349 2513 2268 2486 1840 1664 1982 1456 1387 2412 2439 2624 1145 416 1229 2044 1320 1789 2550 2130 2751 1677 2189 827 924 1249 1897 1457 1820 2617 1285 373 2707 1545 1482 2069 1613 2422 1824 2207 1827 1619 1830 1848 2241 2581 1591 2474 1410 1445 1874 2101 2094 2079 1598 2090 2350 1066 1829 2206 2443 1870 2250 2491 846 2095 2007 359 1947 965 1357
2372 1190 865 1242 1127 2274 1491 1655 502 524 608 2033 0 1956 1740 1163 864 1957 2009 921 2239 1412 864 368 2371 1518 1018 1756 1012 1073 1858 2435 1454 1381 1841 925 2029 1501 1288 560 1651 974 1479 1500 1126 2018 968 1871 1669 1046 1353 1674 573 1980 1593 249 1958 970 1572 479 1062 2295 1742 1287 646 1541 1016 824 1465 1977 2022 1603 772 1870 1160 1630 866 1457 1069 1415 1411 1040 758 1517 2031 1356 1770 948 1655 975 1335 1743 749 1380 1791 1334 864 654 223 1266 1178 903 597 1872 72 1962 1584 1160 967 1815 325 284 1670 1575 2230 1560 1207 1199 1195 1077 969 1170 480 717 1568 1861 1208 1826 1314 1689 1853 1608 1826 1180 818 769 1053 1463 1752 1780 1964 1103 1647 1091 129 1089 872 1913 1924 1452 1100 624 1762 1462 1073 1794 909 999 763 923 1826 2047 790 1163 1863 927 1762 838 1547 1142 910 1144 355 2016 1921 1251 621 1008 1016 1251 1330 291 1420 548 1339 2153 1983 1080 1546 2230 841 445 2010 1307 665 783 1782 427 1882 961
2955 1793 1686 1725 1073 2000 1848 490 1790 1682 1638 2615 1956 0 2752 1466 1878 536 1588 2618 1778 2380 1894 1683 1879 1439 1248 2786 1510 2051 2441 1982 2037 1586 1005 1432 2612 2532 2256 1759 2234 1442 822 1386 1366 1847 1284 1376 1553 1225 2331 2642 1755 1559 2654 1977 1485 1750 945 2206 1242 1843 584 2318 2156 1055 1447 2354 1462 681 2605 699 1370 2732 1181 1156 1387 2039 2037 1772 2380 2650 1699 1041 1918 1883 2353 2436 782 1220 1918 2774 2141 1963 2374 1492 1315 2316 2021 1849 1700 1204 2320 544 1997 523 2166 2232 1270 2783 1843 2061 1743 1141 1918 450 1166 1500 955 1556 1330 1692 2208 2359 584 1998 1511 469 2402 435 802 711 455 1025 1756 1473 1292 2493 738 622 178 1577 2230 1642 1967 1382 2049 1419 1529 2155 1050 2341 2345 2045 2069 2851 1939 2302 2177 1466 2615 170 1612 1404 1565 2020 782 1420 1072 1067 1358 995 1771 1547 378 2281 2386 1281 1265 1087 1512 2017 857 1692 1519 1823 2566 1258 1059 1769 2188 2173 1516 1890 2175 1603 2739 1870 2465 1589
2479 2184 1904 1351 1913 2611 1829 2452 1406 1474 1255 1617 1740 2752 0 1978 1023 2753 2355 2482 2591 514 1075 1467 2807 2334 1605 127 1335 907 1965 2780 1562 2276 2638 1387 2136 492 786 1753 1676 1721 2276 1992 1603 2355 1523 2667 2275 1659 873 285 1766 2325 375 1762 2665 1967 2369 1991 1877 2641 2538 661 1339 2338 1361 1130 2280 2773 1606 2399 1588 1367 1811 2427 1681 1425 1116 1752 543 1253 1408 2313 2369 1463 1877 1208 2452 1791 1442 263 2310 1487 1898 2149 1590 1374 1806 1373 2102 1718 1392 2668 1782 2758 1691 780 1782 1313 1628 1846 2016 2391 2567 2356 1828 1545 1991 1274 1596 2088 1983 1295 2365 2199 2023 2622 810 2486 2650 2404 2623 1976 1464 1690 1595 317 2549 2576 2761 1285 1659 1369 1751 1460 1157 2690 2270 2460 1817 1419 1869 1569 1337 510 929 1074 2325 1424 1361 2844 1569 1621 2209 981 2558 1653 2344 1926 1725 1929 1555 2380 2718 490 2182 1550 1585 2003 2165 1802 2216 1306 2155 2490 2090 1895 2342 2582 1238 1958 2630 1414 1350 1820 1279 1655 1989 1487
2376 418 484 1147 637 1976 1270 1166 997 889 845 2037 1163 1466 1978 0 1102 1467 1552 1355 1761 1649 1102 890 1882 474 669 1993 932 1311 1863 1966 1459 444 1352 854 2034 1739 1526 898 1656 859 990 1011 788 1759 706 1381 1179 647 1591 1912 894 1532 1861 1184 1469 488 1083 1414 493 1826 1252 1525 1363 1052 869 1561 448 1487 2026 1113 554 2108 639 1141 598 1461 1306 1193 1649 1857 907 1027 1810 1305 1774 1643 1033 439 1340 1981 878 1385 1795 269 734 1524 1228 1271 293 328 1527 1382 1205 1453 1588 1439 466 2053 1050 1268 1390 688 1882 1070 717 922 705 978 745 285 1415 1566 1079 1640 45 1336 1609 1200 1121 1118 1337 690 963 508 714 1700 951 1258 1475 999 1651 1063 1174 804 1257 1424 1454 812 611 1548 1766 1467 1311 2058 1146 1510 914 886 2036 1558 995 826 1393 1227 1272 497 1058 652 658 655 978 1530 1432 1488 1124 702 686 721 325 1215 930 899 253 1787 1987 514 1056 1752 1395 1380 1521 1312 1382 741 2020 1077 1886 1009
1678 1307 1027 549 1048 1809 1027 1577 530 597 379 1336 864 1878 1023 1102 0 1878 1553 1605 1790 682 192 591 2005 1457 803 1070 533 343 1164 1979 760 1399 1763 586 1335 880 559 876 957 862 1401 1191 801 1554 722 1793 1473 857 624 945 889 1524 1003 885 1827 1091 1494 1115 1001 1839 1664 589 914 1463 560 707 1403 1899 1326 1525 711 1140 1010 1552 804 762 339 951 682 1065 532 1439 1567 661 1075 785 1577 914 641 1083 1434 686 1097 1272 756 975 930 572 1225 841 1017 1794 906 1884 889 581 906 1086 751 969 1214 1514 1765 1482 1026 743 1117 472 789 1212 1116 896 1490 1397 1147 1748 751 1611 1775 1530 1748 1102 588 813 794 774 1674 1702 1886 483 953 567 875 658 620 1821 1468 1583 982 1020 1067 768 468 1200 288 651 1448 623 1097 1969 692 820 1407 444 1684 776 1469 1080 849 1083 679 1579 1843 630 1306 748 783 1180 1289 925 1342 430 1278 1688 1289 1018 1468 1781 701 1081 1829 613 926 943 1052 778 1188 594
2956 1615 1687 1726 1074 2239 1849 610 1791 1683 1639 2616 1957 536 2753 1467 1878 0 1840 2619 2015 2381 1895 1683 2136 1237 1248 2787 1511 2052 2442 2220 2038 1384 1410 1433 2613 2532 2257 1760 2235 1443 847 1434 1367 2098 1285 1636 1603 1226 2332 2643 1756 1811 2655 1978 1723 1751 1335 2207 1242 2080 350 2318 2157 1306 1448 2355 1260 1154 2606 971 1371 2733 1182 1395 1388 2040 2038 1773 2381 2650 1700 1282 2170 1884 2353 2437 805 1221 1919 2774 2142 1964 2375 1290 1315 2317 2022 1850 1613 1205 2321 144 1998 273 2167 2233 1271 2784 1844 2062 1819 939 2170 577 1167 1501 956 1557 1331 1605 2209 2360 606 2171 1512 942 2403 491 568 975 928 1026 1756 1474 1293 2494 536 388 544 1578 2231 1642 1967 1383 2050 1678 1781 1956 1051 2342 2345 2046 2069 2852 1940 2303 2177 1467 2616 643 1613 1405 1812 2021 1187 1420 1312 1067 1359 996 1771 1784 242 2282 2387 1282 1266 1088 1317 2018 872 1693 1334 2075 2567 1259 1311 2006 2189 2174 1775 1891 2176 1604 2740 1871 2466 1590
2554 1885 1772 1325 966 525 731 1538 1850 1768 1698 2215 2009 1588 2355 1552 1553 1840 0 2703 372 1980 1561 1736 623 1784 1152 2402 1117 1651 2041 514 1637 1726 983 1134 2212 2264 1856 1845 1834 1343 1114 572 994 405 1089 604 447 1169 1931 2242 1841 125 2387 2030 523 1836 715 2260 1327 375 1625 1951 2209 605 1024 2091 1730 1175 2204 938 1456 2332 1181 508 1342 1639 1637 704 1980 2449 1526 620 477 1483 1952 2168 1517 1294 1518 2414 2227 1554 1973 1599 1199 2358 2075 1449 1786 1290 2358 1755 2051 1845 1766 1965 1356 2383 1896 2114 397 1841 428 1443 1041 829 1065 1126 1159 1778 2261 2280 1452 669 1597 1191 2135 1573 1737 989 1254 1003 1574 1558 1116 2125 1636 1663 1704 1119 1829 1265 2020 933 2004 553 148 2272 1084 2372 1944 1645 1730 2584 1672 2035 2262 1196 2214 1496 1446 993 195 1828 960 1505 561 1106 1314 1087 1824 244 1805 2014 2451 1088 1127 1197 1615 2070 1231 1752 1605 382 2165 1344 529 363 2085 2226 494 1490 2228 1688 2339 1923 2064 1287
3113 1116 991 1983 1789 3015 2233 2317 1319 1268 1349 2774 921 2618 2482 1355 1605 2619 2703 0 2912 2153 1605 1194 3033 1525 1741 2497 1754 1814 2600 3117 2196 1339 2503 1667 2771 2159 2030 1254 2393 1645 2141 2162 1867 2759 1709 2533 2331 1765 2095 2415 1267 2684 2203 720 2620 868 2234 652 1682 2978 2404 2028 1326 2203 1758 1419 1471 2639 2763 2265 1427 2611 1822 2292 1520 2198 1810 2156 2153 1588 1500 2179 2772 2097 2511 1543 2258 1637 2076 2484 490 2122 2532 1536 1606 1201 778 2007 1162 1565 1144 2534 962 2593 2325 1760 1515 2557 996 659 2412 1821 2971 2222 1869 1940 1857 1818 1711 1154 943 1264 2230 2602 1330 2488 1898 2351 2261 2270 2488 1842 1561 1165 1794 2204 2092 2398 2627 1844 2388 1832 931 1831 1675 2575 2606 1193 1762 1171 2503 2204 1814 2406 1650 1594 504 1665 2568 2709 1532 1905 2545 1685 2424 1465 2210 1804 1565 1806 1238 2682 2583 1992 430 1749 1756 1913 1315 871 2082 1365 1439 2894 2724 1730 2208 2904 1481 644 2672 2049 1324 1413 2523 1098 2623 1702
2791 2094 1981 1561 1228 354 967 1714 2079 1977 1925 2452 2239 1778 2591 1761 1790 2015 372 2912 0 2216 1798 1966 330 1993 1388 2638 1354 1887 2277 335 1873 1935 1125 1370 2448 2501 2093 2054 2070 1579 1290 808 1230 508 1325 597 710 1405 2167 2478 2050 446 2623 2261 516 2045 904 2490 1536 196 1801 2187 2439 764 1260 2327 1939 1364 2441 1114 1665 2568 1443 729 1579 1876 1873 941 2216 2685 1762 841 580 1720 2189 2405 1692 1515 1754 2651 2436 1791 2210 1808 1436 2595 2305 1685 1995 1499 2588 1931 2281 2021 2002 2201 1565 2619 2127 2344 634 2050 398 1619 1303 1066 1240 1363 1395 1987 2492 2516 1627 789 1806 1380 2371 1748 1912 1164 1444 1247 1811 1768 1352 2361 1811 1838 1893 1355 2066 1501 2250 1169 2240 547 451 2481 1342 2602 2181 1881 1966 2820 1908 2271 2471 1432 2451 1686 1683 1229 497 2064 1149 1714 782 1351 1550 1280 2054 231 1980 2250 2678 1325 1363 1373 1824 2301 1407 1979 1814 484 2402 1553 750 29 2321 2457 487 1726 2459 1898 2575 2154 2301 1524
2104 1855 1575 976 1541 2236 1454 2079 1078 1145 927 1152 1412 2380 514 1649 682 2381 1980 2153 2216 0 700 1139 2432 2005 1230 607 960 613 1590 2405 1186 1947 2265 1012 1761 703 411 1424 1211 1346 1904 1617 1228 1980 1148 2295 1899 1283 498 293 1437 1950 722 1433 2290 1639 1996 1663 1548 2266 2166 377 1292 1966 986 1083 1951 2401 1141 2027 1259 902 1436 2055 1352 1045 740 1377 249 1318 1080 1941 1993 1088 1502 1161 2079 1462 1067 622 1982 1112 1523 1820 1215 1351 1477 998 1773 1389 1393 2296 1454 2386 1316 845 1454 843 1299 1517 1641 2062 2192 1984 1453 1170 1619 899 1221 1759 1664 1272 1993 1823 1695 2250 1015 2114 2278 2032 2250 1604 1136 1361 1220 374 2177 2204 2389 910 1194 994 1423 1085 1082 2315 1895 2131 1442 1396 1494 1194 962 857 836 1027 1996 1049 896 2471 1240 1246 1834 905 2186 1324 1972 1580 1383 1582 1227 2005 2346 555 1854 1175 1210 1638 1836 1473 1844 978 1826 2115 1715 1566 1970 2207 1162 1629 2255 1039 1303 1491 814 1326 1614 1121
1686 1307 1027 557 1065 1818 1035 1594 530 597 357 1346 864 1894 1075 1102 192 1895 1561 1605 1798 700 0 591 2013 1457 811 1106 542 341 1172 1987 768 1399 1780 594 1343 878 576 876 965 886 1418 1199 810 1562 730 1810 1481 865 622 962 889 1532 1000 885 1857 1091 1511 1115 1001 1847 1681 550 912 1480 568 704 1403 1916 1336 1542 711 1158 1018 1569 804 770 337 959 684 1063 532 1456 1575 669 1084 782 1594 914 649 1094 1434 694 1105 1272 786 972 930 580 1225 841 1014 1811 906 1901 897 578 906 1103 751 969 1223 1514 1774 1499 1035 752 1134 480 793 1212 1117 893 1507 1405 1147 1764 748 1628 1792 1547 1765 1119 513 814 802 833 1691 1718 1903 492 961 558 875 666 618 1851 1477 1583 1011 1017 1076 776 356 1197 285 648 1448 596 1095 1986 692 828 1416 441 1701 776 1486 1081 849 1083 679 1587 1860 627 1306 756 792 1189 1289 925 1358 430 1278 1697 1297 1019 1485 1789 698 1081 1837 621 923 943 1070 778 1196 489
2099 1095 815 969 854 2001 1218 1382 134 165 329 1760 368 1683 1467 890 591 1683 1736 1194 1966 1139 591 0 2098 1245 745 1482 739 800 1585 2162 1181 1188 1568 652 1756 1220 1015 449 1378 701 1206 1227 853 1745 695 1598 1396 773 1080 1401 462 1707 1325 474 1685 879 1299 704 789 2022 1469 1014 480 1268 743 689 1192 1704 1749 1330 499 1597 887 1357 593 1184 796 1142 1138 974 393 1244 1758 1083 1497 813 1382 702 1062 1470 1022 1107 1518 1061 591 655 518 993 1014 630 727 1599 416 1689 1311 846 694 1542 324 558 1397 1302 1957 1287 934 926 922 804 696 1000 705 683 1295 1588 935 1553 1016 1416 1580 1335 1553 907 449 602 780 1190 1479 1507 1691 830 1374 818 464 816 504 1640 1651 1371 827 736 1489 1189 800 1522 636 864 1037 650 1553 1774 508 890 1590 559 1489 565 1274 869 637 871 95 1743 1648 978 894 735 743 978 1077 514 1147 180 1066 1880 1710 807 1273 1957 647 670 1737 1034 499 671 1509 351 1609 688
3007 2215 2102 1777 1444 592 1183 1835 2205 2098 2054 2667 2371 1879 2807 1882 2005 2136 623 3033 330 2432 2013 2098 0 2114 1604 2854 1569 2103 2493 518 2089 2056 1118 1586 2664 2716 2308 2174 2286 1795 1410 1024 1446 761 1541 544 925 1598 2383 2694 2170 661 2839 2392 600 2166 1006 2622 1657 446 1921 2403 2571 885 1476 2543 2060 1384 2657 1234 1786 2784 1596 913 1787 2091 2089 1156 2432 2901 1978 982 833 1935 2404 2621 1813 1636 1970 2866 2556 2006 2426 1929 1651 2732 2437 1901 2116 1620 2735 2052 2413 2141 2218 2417 1686 2835 2259 2476 849 2171 649 1740 1518 1281 1361 1578 1611 2108 2624 2732 1748 1042 1927 1481 2587 1869 2033 1285 1545 1368 2026 1888 1568 2577 1932 1959 1995 1571 2282 1717 2382 1385 2456 499 667 2602 1466 2757 2396 2097 2182 3036 2124 2487 2592 1648 2666 1787 1898 1445 713 2280 1210 1835 924 1478 1759 1401 2186 427 2101 2466 2802 1540 1579 1493 1945 2433 1528 2108 1935 738 2617 1674 891 312 2537 2589 363 1942 2591 2018 2791 2286 2517 1739
2608 521 732 1379 869 2208 1502 1141 1352 1245 1201 2269 1518 1439 2334 474 1457 1237 1784 1525 1993 2005 1457 1245 2114 0 901 2349 1164 1666 2095 2198 1691 289 1584 1086 2266 2094 1881 1235 1888 1096 1195 1243 1020 1991 938 1613 1411 879 1946 2267 1231 1764 2217 1540 1701 735 1315 1627 608 2058 1022 1880 1718 1284 1101 1917 276 1719 2258 1345 933 2386 886 1373 959 1693 1662 1425 2004 2212 1262 1259 2042 1537 2006 1998 925 677 1572 2336 1048 1617 2027 407 968 1879 1557 1503 510 640 1882 1152 1560 1202 1820 1795 827 2408 1354 1550 1622 430 2114 1106 949 1154 937 1210 984 502 1771 1922 1103 1872 503 1568 1965 1026 870 1350 1569 922 1318 864 946 2056 701 1007 1448 1231 1883 1295 1529 1036 1612 1656 1686 861 835 1904 1998 1699 1666 2414 1502 1865 1084 1120 2268 1547 1266 1058 1625 1582 1504 967 1290 884 979 887 1333 1762 1297 1844 1293 934 918 902 223 1494 1121 1255 250 2019 2219 675 1288 1984 1750 1619 1753 1544 1738 1112 2375 1381 2118 1243
1805 1003 810 575 412 1472 690 947 859 801 707 1465 1018 1248 1605 669 803 1248 1152 1741 1388 1230 811 745 1604 901 0 1652 360 901 1291 1577 887 844 1133 271 1462 1514 1106 830 1084 299 771 744 200 1217 96 1163 957 111 1181 1492 826 1122 1637 1039 1250 873 864 1269 445 1438 1034 1201 1218 833 297 1341 848 1269 1455 895 400 1582 307 922 243 889 887 613 1230 1699 563 809 1230 733 1202 1419 947 402 768 1664 1264 813 1224 717 172 1379 1083 699 904 407 1382 1164 1060 1254 1016 1215 456 1633 905 1123 813 959 1428 852 323 342 487 406 148 896 1270 1421 860 1060 714 1118 1385 981 1145 900 1118 472 692 596 119 1375 1044 1072 1256 427 1080 481 1029 221 1118 1205 1067 1366 311 1403 1194 895 923 1834 922 1285 1300 323 1464 1339 470 237 1006 1074 1054 420 839 461 215 463 833 1177 1213 1264 1460 73 34 506 733 1079 712 761 722 1351 1416 461 838 1379 1256 1235 1302 740 1237 674 1589 932 1315 446
2526 2199 1919 1398 1957 2658 1876 2486 1421 1489 1270 1664 1756 2786 127 1993 1070 2787 2402 2497 2638 607 1106 1482 2854 2349 1652 0 1382 954 2012 2827 1608 2291 2672 1434 2183 485 833 1768 1723 1768 2310 2039 1650 2402 1570 2701 2322 1705 920 412 1781 2372 369 1777 2712 1982 2403 2006 1892 2688 2572 695 1354 2372 1408 1145 2295 2807 1653 2433 1603 1414 1858 2461 1696 1471 1163 1799 590 1268 1423 2347 2416 1510 1924 1223 2485 1806 1489 160 2325 1534 1945 2164 1637 1389 1821 1420 2117 1733 1407 2702 1797 2792 1738 795 1797 1360 1643 1861 2063 2406 2614 2390 1875 1592 2025 1321 1643 2103 1999 1311 2399 2245 2038 2656 804 2520 2684 2438 2656 2010 1480 1705 1642 364 2583 2610 2795 1332 1706 1416 1766 1507 1172 2732 2317 2475 1864 1434 1916 1616 1383 504 944 1090 2340 1471 1408 2877 1584 1668 2256 996 2592 1668 2378 1972 1740 1975 1570 2427 2752 505 2197 1597 1632 2050 2180 1817 2250 1321 2170 2537 2137 1910 2376 2629 1253 1973 2677 1461 1366 1835 1326 1670 2036 1504
1535 1265 1066 305 671 1373 591 1210 847 776 693 1195 1012 1510 1335 932 533 1511 1117 1754 1354 960 542 739 1569 1164 360 1382 0 631 1021 1543 617 1106 1396 123 1192 1244 836 1015 814 451 1034 755 366 1118 278 1425 1037 414 911 1222 1020 1088 1367 1034 1427 1130 1127 1263 707 1403 1296 931 1212 1096 116 1071 1110 1531 1185 1157 674 1312 566 1185 517 619 617 515 960 1429 482 1071 1131 463 932 1149 1209 673 498 1394 1521 543 954 979 320 1339 1078 429 1166 670 1345 1426 1054 1516 746 945 726 1363 900 1117 779 1221 1330 1114 583 307 749 101 338 1158 1265 1260 1123 961 977 1380 1115 1244 1408 1162 1381 734 506 852 350 1105 1307 1334 1519 126 810 193 1023 215 984 1452 1032 1622 572 1359 924 625 635 1564 652 1015 1556 127 1195 1601 412 384 971 808 1316 694 1102 722 489 725 827 1143 1476 994 1454 305 340 769 995 1074 974 755 985 1252 1146 724 1100 1345 1065 1230 1393 470 1232 874 1319 927 1045 192
1775 1516 1236 647 1212 1907 1125 1750 739 806 588 1167 1073 2051 907 1311 343 2052 1651 1814 1887 613 341 800 2103 1666 901 954 631 0 1261 2076 857 1608 1936 683 1432 768 278 1085 1054 1017 1575 1288 899 1651 819 1966 1570 954 298 876 1098 1621 891 1094 1961 1300 1667 1324 1209 1937 1837 300 1123 1637 657 916 1612 2072 1156 1698 920 1017 1107 1726 1013 690 359 1048 364 1274 741 1612 1664 759 1173 994 1750 1123 738 952 1643 783 1194 1481 886 1184 1138 669 1434 1050 1226 1967 1115 2057 986 790 1115 962 960 1178 1312 1723 1863 1655 1124 841 1290 570 892 1421 1325 1105 1664 1494 1356 1921 960 1785 1949 1703 1921 1275 797 1022 891 677 1848 1875 2060 581 1050 665 1084 756 829 1986 1566 1792 1113 1229 1165 865 485 1088 497 860 1657 720 895 2142 901 917 1505 653 1857 985 1643 1242 1048 1244 888 1676 2016 564 1515 846 881 1309 1497 1134 1515 639 1487 1786 1386 1227 1641 1878 910 1290 1926 710 1135 1152 929 987 1285 785
694 2196 2021 1012 1602 2297 1515 2141 1524 1592 1373 923 1858 2441 1965 1863 1164 2442 2041 2600 2277 1590 1172 1585 2493 2095 1291 2012 1021 1261 0 2466 751 2037 2327 1073 378 1875 1467 1871 542 1407 1965 1678 1289 2041 1209 2356 1961 1344 1526 1853 1884 2011 1997 1880 2351 2085 2058 2109 1638 2327 2227 1562 1909 2027 1047 1701 2041 2462 912 2088 1630 1040 1497 2116 1473 995 1247 1438 1590 2060 1440 2002 2055 929 287 1779 2140 1604 776 2025 2428 821 100 1910 1276 1969 1924 869 2097 1601 2011 2357 1900 2447 505 1575 1657 1209 1746 1963 1702 2152 2253 2045 1514 1231 1680 960 1282 2089 2111 1890 2054 1884 1908 2311 1745 2175 2339 2093 2311 1665 1489 1808 1281 1736 2238 2265 2450 971 537 1055 1869 1146 1615 2376 1956 2576 1503 2014 184 759 1450 2194 1282 1646 2442 1110 922 2532 1371 1307 1895 1438 2247 1650 2033 1653 1444 1656 1673 2066 2407 1624 2300 1236 1271 1700 1926 1920 1905 1424 1916 2176 332 1655 2031 2268 1696 2076 2316 846 1920 1833 1058 1773 136 1182
2980 2299 2186 1750 1392 183 1021 1919 2276 2182 2123 2641 2435 1982 2780 1966 1979 2220 514 3117 335 2405 1987 2162 518 2198 1577 2827 1543 2076 2466 0 2062 2140 1330 1560 2637 2690 2282 2258 2259 1769 1494 998 1419 545 1514 802 873 1594 2357 2668 2254 584 2812 2456 721 2250 1109 2685 1741 141 2005 2377 2635 968 1449 2516 2144 1569 2630 1318 1870 2757 1607 932 1768 2065 2062 1106 2405 2875 1951 1044 501 1909 2378 2594 1897 1720 1943 2840 2640 1980 2399 2013 1625 2784 2500 1874 2200 1704 2784 2136 2476 2225 2192 2390 1770 2809 2322 2540 823 2255 286 1824 1466 1255 1445 1552 1585 2192 2687 2705 1832 775 2011 1585 2560 1953 2117 1369 1649 1428 2000 1972 1542 2551 2016 2043 2098 1545 2255 1691 2445 1358 2430 752 574 2686 1509 2798 2370 2070 2156 3009 2097 2461 2676 1621 2640 1890 1872 1418 620 2253 1354 1919 985 1532 1739 1485 2249 436 2185 2439 2876 1514 1552 1577 2029 2496 1612 2178 2019 447 2591 1758 953 317 2511 2652 692 1915 2654 2102 2765 2349 2490 1713
1265 1792 1618 567 1198 1893 1111 1737 1120 1188 969 777 1454 2037 1562 1459 760 2038 1637 2196 1873 1186 768 1181 2089 1691 887 1608 617 857 751 2062 0 1633 1923 670 922 1471 1055 1467 538 1004 1561 1274 885 1637 805 1952 1557 941 937 1449 1480 1608 1593 1476 1947 1681 1654 1705 1234 1923 1823 1158 1505 1623 644 1298 1637 2058 766 1685 1226 893 1093 1712 1069 333 843 1034 1186 1656 1037 1599 1651 508 662 1375 1737 1200 223 1621 2024 249 684 1506 872 1565 1520 456 1693 1197 1607 1954 1496 2043 380 1172 1253 1063 1342 1560 1298 1748 1849 1642 1110 827 1276 556 879 1685 1707 1487 1650 1481 1504 1907 1341 1771 1935 1689 1908 1261 1085 1404 877 1332 1834 1861 2046 567 393 651 1465 742 1211 1972 1552 2173 1099 1611 654 172 1010 1791 878 1242 2039 707 776 2129 967 903 1491 1034 1843 1246 1629 1249 1041 1252 1269 1662 2003 1221 1896 832 867 1296 1522 1516 1501 1020 1512 1772 876 1251 1627 1864 1292 1672 1912 359 1516 1429 912 1369 775 778
2551 255 572 1321 811 2151 1444 1288 1295 1187 1143 2212 1381 1586 2276 444 1399 1384 1726 1339 1935 1947 1399 1188 2056 289 844 2291 1106 1608 2037 2140 1633 0 1526 1028 2208 2037 1824 1076 1830 1038 1143 1185 963 1934 880 1556 1354 821 1889 2210 1072 1707 2159 1392 1643 553 1257 1441 551 2000 1169 1823 1661 1226 1043 1859 336 1662 2201 1288 875 2328 828 1315 901 1635 1604 1368 1947 2135 1204 1202 1984 1479 1949 1941 1072 619 1514 2279 862 1559 1970 400 911 1781 1398 1445 357 582 1740 1299 1422 1349 1762 1737 770 2351 1194 1364 1564 577 2056 1243 892 1096 880 1152 926 349 1624 1828 1245 1814 473 1510 1907 1173 1017 1293 1511 865 1261 704 888 1998 848 1154 1595 1173 1826 1238 1392 978 1554 1598 1629 596 777 1767 1941 1641 1609 2356 1444 1807 898 1062 2211 1694 1208 1000 1568 1525 1447 918 1232 827 921 829 1276 1704 1444 1786 1108 877 861 844 194 1334 1069 1197 253 1961 2162 617 1231 1926 1693 1433 1695 1486 1680 953 2317 1221 2061 1185
2840 1685 1572 1611 958 1349 1472 1109 1675 1568 1524 2501 1841 1005 2638 1352 1763 1410 983 2503 1125 2265 1780 1568 1118 1584 1133 2672 1396 1936 2327 1330 1923 1526 0 1318 2498 2417 2142 1645 2120 1327 807 919 1252 1242 1170 616 979 1111 2217 2528 1640 954 2540 1863 785 1636 286 2092 1127 1190 1196 2203 2041 450 1333 2240 1530 427 2490 551 1256 2618 1066 627 1272 1925 1922 1382 2265 2535 1585 533 1314 1769 2238 2321 1064 1106 1804 2659 2026 1849 2259 1399 1200 2202 1907 1734 1586 1090 2205 1326 1883 1416 2052 2118 1156 2669 1729 1946 1138 1610 1314 1014 1052 1372 831 1441 1216 1578 2094 2245 1012 1393 1397 607 2288 1143 1307 563 671 838 1641 1358 1178 2379 1206 1234 1120 1463 2115 1527 1852 1268 1935 658 924 2072 936 2227 2230 1931 1954 2737 1825 2188 2062 1352 2500 913 1498 1290 960 1905 316 1305 533 948 1244 871 1656 894 1320 2167 2272 1166 1150 963 1415 1903 847 1578 1405 1219 2451 1144 455 1116 2073 2059 755 1776 2061 1488 2625 1756 2350 1475
1587 1187 1002 357 593 1390 608 1132 766 708 614 1248 925 1432 1387 854 586 1433 1134 1667 1370 1012 594 652 1586 1086 271 1434 123 683 1073 1560 670 1028 1318 0 1244 1297 889 938 867 370 956 767 356 1135 175 1347 1049 341 964 1275 951 1105 1419 947 1428 1066 1049 1176 629 1420 1218 984 1125 1018 133 1124 1032 1453 1237 1080 593 1364 488 1107 436 672 669 531 1012 1482 440 994 1148 516 985 1201 1132 595 550 1447 1456 595 1006 901 239 1286 991 481 1088 592 1289 1349 967 1438 799 997 648 1416 813 1030 795 1143 1346 1037 505 324 671 188 244 1080 1178 1313 1045 978 899 1302 1167 1166 1330 1084 1303 656 488 788 289 1158 1229 1256 1441 214 862 225 936 218 1025 1390 1049 1558 494 1311 977 677 666 1616 704 1068 1492 110 1247 1524 366 394 988 860 1238 613 1024 644 408 647 740 1159 1398 1047 1367 243 251 691 917 987 896 668 907 1269 1198 646 1023 1361 1118 1143 1409 522 1145 832 1372 840 1097 224
504 2367 2192 1183 1773 2468 1686 2312 1695 1763 1544 1113 2029 2612 2136 2034 1335 2613 2212 2771 2448 1761 1343 1756 2664 2266 1462 2183 1192 1432 378 2637 922 2208 2498 1244 0 2046 1638 2042 731 1578 2136 1849 1460 2212 1380 2527 2132 1515 1697 2024 2055 2182 2168 2051 2522 2256 2229 2280 1809 2498 2398 1733 2080 2198 1218 1872 2212 2633 1102 2259 1801 1229 1668 2287 1644 1166 1418 1609 1761 2231 1611 2173 2226 1100 403 1950 2311 1775 947 2196 2599 992 454 2081 1447 2140 2095 1040 2268 1772 2182 2528 2071 2618 688 1746 1828 1398 1917 2134 1873 2323 2424 2216 1685 1402 1851 1131 1453 2260 2282 2061 2225 2055 2079 2482 1916 2346 2510 2264 2482 1836 1660 1979 1452 1907 2409 2436 2621 1142 727 1226 2040 1317 1786 2547 2127 2747 1674 2185 539 957 1621 2365 1453 1817 2613 1281 1112 2703 1542 1478 2066 1609 2418 1821 2204 1824 1615 1827 1844 2237 2578 1795 2471 1407 1442 1871 2097 2091 2076 1595 2087 2347 90 1826 2202 2439 1867 2247 2487 1017 2091 2004 1248 1944 242 1353
