NAME: zurich_200_13
COMMENT: TSP instance with 200 nodes. City: Zurich, Switzerland, Seed: 55
TYPE: TSP
DIMENSION: 200
EDGE_WEIGHT_TYPE: EXPLICIT
EDGE_WEIGHT_FORMAT: FULL_MATRIX
NODE_COORD_SECTION:
1 47.4630474 8.6160261
2 47.4992918 8.4594165
3 47.2727462 8.6777881
4 47.4563022 8.7900469
5 47.4053123 8.7202278
6 47.4548383 8.2809235
7 47.1982012 8.4800827
8 47.5108618 8.5160274
9 47.4042482 8.5619389
10 47.431883 8.2946827
11 47.2214254 8.3437133
12 47.542636 8.787493
13 47.3149243 8.5415978
14 47.3916816 8.6351743
15 47.4226037 8.413507
16 47.4429283 8.578256
17 47.2533787 8.7017998
18 47.2616221 8.4187758
19 47.3450967 8.5314153
20 47.4947983 8.2758732
21 47.4254951 8.689393
22 47.4928489 8.7502813
23 47.3033614 8.6901113
24 47.5447388 8.4582844
25 47.2166838 8.5722863
26 47.3565309 8.2762155
27 47.5169048 8.6399386
28 47.5088502 8.5081078
29 47.2382526 8.2762076
30 47.2139382 8.3621
31 47.2010345 8.7883843
32 47.5101902 8.466807
33 47.4906515 8.4277957
34 47.5088062 8.6783428
35 47.2297387 8.3874379
36 47.282944 8.4553329
37 47.3794713 8.5314149
38 47.5022734 8.7721584
39 47.4079786 8.56547
40 47.3985165 8.4949409
41 47.2889146 8.4299887
42 47.3031956 8.6018599
43 47.3858323 8.3252614
44 47.2107687 8.6786808
45 47.4949413 8.3370425
46 47.448725 8.54192
47 47.5252176 8.6715997
48 47.3697382 8.5221077
49 47.4893502 8.2957137
50 47.4871837 8.6181134
51 47.2948103 8.6106118
52 47.2710725 8.3353211
53 47.4729565 8.3213715
54 47.2966972 8.533242
55 47.3366993 8.5697828
56 47.3751303 8.5455645
57 47.3445331 8.3583889
58 47.4052209 8.5714597
59 47.5018754 8.3473617
60 47.4848511 8.4857643
61 47.4935742 8.37509
62 47.2506672 8.5285175
63 47.2311306 8.6724902
64 47.5439822 8.7840098
65 47.3139805 8.4244227
66 47.2412801 8.7355924
67 47.4048391 8.6293489
68 47.4460173 8.6817653
69 47.5485126 8.7377849
70 47.4792898 8.4563397
71 47.4162716 8.381051
72 47.4305575 8.5781953
73 47.3138908 8.5231044
74 47.2508283 8.6027321
75 47.3069824 8.4456912
76 47.4172128 8.326254
77 47.3945751 8.5362098
78 47.4603952 8.7756391
79 47.4975555 8.341501
80 47.4082663 8.3257224
81 47.2437345 8.7199372
82 47.3602132 8.5678934
83 47.2654175 8.7912444
84 47.4294178 8.6454227
85 47.2757153 8.5718395
86 47.364492 8.3733433
87 47.4321483 8.6769561
88 47.2889087 8.7116528
89 47.2840572 8.6148508
90 47.4036072 8.4869503
91 47.5103097 8.6888075
92 47.3762047 8.5243991
93 47.3715416 8.3859737
94 47.2735185 8.4381043
95 47.3482144 8.6950513
96 47.2979998 8.6929261
97 47.2992662 8.3157144
98 47.4461645 8.367593
99 47.4083498 8.3328453
100 47.4145325 8.3988518
101 47.287363 8.7319083
102 47.3237828 8.7932725
103 47.3138967 8.3181255
104 47.4721972 8.3060015
105 47.2394752 8.3216443
106 47.3894482 8.6771919
107 47.3463242 8.6983296
108 47.4347498 8.566972
109 47.4857938 8.7707642
110 47.4847632 8.6962504
111 47.3480922 8.7184075
112 47.3941759 8.4140821
113 47.4837012 8.3886055
114 47.4520545 8.5689909
115 47.3735744 8.5428769
116 47.2630723 8.4236582
117 47.3851013 8.596259
118 47.4810657 8.5075644
119 47.5144482 8.4784505
120 47.5288107 8.7509372
121 47.4535918 8.7876925
122 47.465915 8.3265255
123 47.3941533 8.6805251
124 47.4392975 8.5725954
125 47.4572142 8.2880415
126 47.3019827 8.7494932
127 47.2767282 8.7610443
128 47.2565731 8.5934779
129 47.3718537 8.5597668
130 47.3464548 8.5896336
131 47.2060627 8.7449907
132 47.5167149 8.3707291
133 47.5189487 8.5155296
134 47.2059734 8.7007374
135 47.4827982 8.280612
136 47.4558836 8.4376631
137 47.2372503 8.3726105
138 47.3122868 8.5850342
139 47.4281684 8.6935264
140 47.2308219 8.6722726
141 47.4542444 8.2858333
142 47.40943 8.553819
143 47.2955547 8.6967702
144 47.3148104 8.7212424
145 47.4243279 8.5431666
146 47.2110997 8.7039738
147 47.4088149 8.6871382
148 47.3812528 8.5033026
149 47.2617793 8.7420121
150 47.3681007 8.5417729
151 47.3574032 8.526995
152 47.5014506 8.3470714
153 47.3854759 8.4751789
154 47.3950607 8.6728638
155 47.5023731 8.405395
156 47.4446913 8.6316033
157 47.4126243 8.7226776
158 47.5362316 8.6871109
159 47.5358323 8.2936808
160 47.4942366 8.7291544
161 47.2776018 8.3322289
162 47.4496133 8.5696935
163 47.5020444 8.3444889
164 47.3244841 8.4708933
165 47.3081187 8.6841186
166 47.3699385 8.535697
167 47.5247611 8.7905595
168 47.3801465 8.5279929
169 47.3224374 8.4747846
170 47.3389361 8.5247313
171 47.1982039 8.3900647
172 47.1962728 8.4755872
173 47.4040513 8.6194282
174 47.4248951 8.4090263
175 47.4775433 8.5066581
176 47.4800133 8.566986
177 47.2615164 8.7014066
178 47.1984126 8.4798808
179 47.5040028 8.4990555
180 47.4426532 8.6368528
181 47.3312847 8.5134214
182 47.5325578 8.5738817
183 47.2467967 8.6240957
184 47.4526171 8.5308211
185 47.5018786 8.3520486
186 47.3255671 8.5794641
187 47.4067419 8.7201186
188 47.3363268 8.3048257
189 47.3409066 8.5254588
190 47.2755293 8.7320142
191 47.4128704 8.6388719
192 47.2488571 8.3670254
193 47.3766374 8.5446099
194 47.5349379 8.6500159
195 47.2783342 8.449682
196 47.4604119 8.6333676
197 47.5159733 8.5938396
198 47.3693027 8.5172947
199 47.3206472 8.5215784
200 47.4351449 8.5652333
EDGE_WEIGHT_SECTION:
0 887 1687 1198 761 1370 2000 618 534 1590 2238 1107 1287 769 972 303 1740 1624 1096 1569 531 945 1379 1075 1850 1825 628 662 2533 2268 2303 907 1100 681 2020 1599 786 1054 604 954 1654 1519 1678 1763 1596 481 777 908 1485 169 1627 2025 1400 1362 1115 748 1501 615 1546 932 1420 1816 1778 1115 1435 1925 597 446 1142 962 983 415 1241 1530 1460 1657 662 1125 1573 1537 1861 963 1596 382 1499 1234 416 1439 1666 947 676 812 1190 1508 1027 1430 2002 1143 1476 979 1424 1196 1924 1377 2299 713 1004 347 1067 693 967 902 1561 304 837 1595 756 806 877 1140 1171 1251 710 333 1355 1293 1558 1598 861 1109 2049 1467 656 1793 1478 900 2160 1387 537 1778 1397 589 1461 1237 512 1855 651 883 1690 854 996 1540 1045 650 1255 203 695 854 1860 835 2033 274 1554 1407 1405 823 1097 745 1426 1153 2568 1978 615 985 770 411 1716 1995 700 259 1170 586 1676 574 1595 1243 758 1894 1133 1511 542 1984 735 820 1622 117 434 921 1216 357
887 0 2137 1913 1460 1164 2033 304 925 1384 2271 1682 1674 1160 1005 758 2223 1657 1487 1137 1341 1688 1838 434 2236 1858 1051 255 2566 2301 2689 121 214 1367 2053 1632 1173 1797 996 909 1687 1911 1710 2149 762 592 1288 1260 1028 961 2019 2057 1147 1748 1506 1140 1534 1007 659 270 534 1946 2164 1690 1468 2409 1069 1313 1678 241 1016 821 1627 1916 1493 1544 991 1840 695 1560 2345 1354 2080 1102 1886 1267 1256 1923 2058 842 1315 1198 1223 1541 1510 1880 2035 930 1509 1011 1908 1679 1957 1106 2332 1197 1488 739 1810 1480 1450 935 675 714 1228 1628 1148 338 206 1676 1886 998 1194 727 1149 1776 2041 1984 1248 1501 2436 580 347 2179 1143 500 2193 1778 1346 2164 1191 959 1911 1720 801 2241 1318 1093 2174 1246 1387 653 1117 1134 368 950 1381 1365 973 1578 2065 683 667 1439 1812 1214 1673 1131 1459 1540 2601 2011 1029 1017 366 656 2199 2028 186 1006 1557 741 2062 612 708 1635 1485 1927 1520 1995 1033 2017 1127 1331 1655 1003 817 1253 1603 737
1687 2137 0 1717 1150 2350 2461 1869 1390 2569 2699 2067 1674 1198 1984 1495 352 2085 1438 2549 1352 1927 330 2326 2282 2481 2014 1912 3047 2729 2735 2157 2184 1892 2481 2070 1335 2036 1400 1623 2125 662 2334 2195 2576 1572 1896 1347 2465 1838 509 2564 2380 1794 885 1177 2157 1371 2625 2023 2516 2248 2210 2075 2023 544 1234 1520 2102 1995 1963 1567 1673 1962 1930 2628 1366 1644 2574 2489 480 994 701 1385 1932 2165 1415 337 370 1667 1803 1324 2176 1969 753 307 2644 2123 2456 1958 394 866 2580 2357 2813 1110 754 1470 1931 1797 725 1888 2657 1519 1231 2056 1253 1897 2127 2100 1690 2231 1109 1457 2335 525 537 2030 1162 817 2482 2563 1906 2225 2458 1912 2621 701 1393 2210 2377 1490 309 511 1529 2287 1233 1445 413 1215 1339 2619 1608 1181 2351 1497 1229 1880 2956 1817 2597 1524 2634 1868 376 1227 2057 1315 1897 1524 3029 2439 1207 1997 1861 1742 328 2456 1951 1552 1603 2154 2108 1665 2678 802 1221 2550 1507 388 1191 2445 1190 2015 2083 1702 2002 1381 1648 1479
1198 1913 1717 0 588 2158 2725 1644 1231 2378 2964 941 1984 1206 1760 1271 1784 2349 1793 2357 791 523 1409 2101 2546 2613 1202 1688 3309 2993 2999 1933 1960 982 2745 2335 1483 612 1283 1651 2389 2035 2466 2459 2384 1347 1085 1605 2273 1298 1863 2812 2188 2059 1793 1445 2289 1254 2417 1799 2292 2513 2475 949 2223 1969 1061 843 1048 1771 1771 1342 1938 2227 2195 2445 1359 200 2383 2325 1905 1659 1620 1063 2196 2022 829 1473 1899 1644 942 1509 1978 2234 1069 1460 2790 1931 2264 1767 1468 1218 2712 2165 3075 937 1047 1245 492 1015 997 1690 2433 1295 1534 2320 1298 1672 1903 820 160 2039 872 1233 2143 1337 1602 2295 1554 1586 2746 2339 1682 2490 2266 1688 2886 1957 750 2475 2185 1291 1491 1267 1305 2552 747 1580 1734 1551 1693 2412 1742 1014 2127 1116 584 1046 2732 658 2820 1300 2426 2132 1435 1519 843 1442 2162 1850 3294 2704 1136 1773 1637 1518 1760 2721 1727 1111 1867 1561 2373 1441 2467 1844 621 2682 1830 1555 1014 2710 1432 1203 2348 1199 1381 1618 1913 1255
761 1460 1150 588 0 1704 2272 1191 777 1924 2511 958 1531 618 1307 818 1202 1896 1339 1903 254 818 841 1648 2093 2160 905 1234 2855 2540 2546 1480 1507 783 2292 1881 1030 922 830 1197 1936 1467 2012 2006 1931 894 788 1151 1819 888 1296 2359 1735 1606 1210 992 1835 801 1964 1345 1839 2059 2022 966 1769 1388 545 420 993 1318 1317 889 1484 1774 1742 1991 905 515 1929 1871 1324 1142 1059 579 1743 1569 345 902 1331 1190 694 1055 1525 1780 481 892 2337 1478 1810 1313 887 658 2259 1711 2621 349 459 792 802 678 429 1237 1979 841 1080 1867 844 1219 1449 991 561 1586 283 779 1689 755 1020 1842 1101 998 2293 1885 1229 2036 1812 1234 2433 1390 250 2022 1732 837 923 699 852 2098 159 1126 1153 1098 1239 1958 1289 484 1673 675 79 771 2278 708 2367 846 1972 1679 867 1066 949 988 1708 1397 2840 2250 627 1319 1183 1065 1178 2267 1273 670 1414 1264 1919 987 2013 1256 71 2228 1376 974 497 2256 979 906 1894 762 1084 1165 1460 801
1370 1164 2350 2158 1704 0 1786 1377 1170 291 1948 2073 1430 1405 761 1121 2448 1409 1361 495 1586 1933 2041 1527 1992 921 1860 1328 2164 1977 2445 1248 1037 1898 1776 1385 1096 2042 1241 864 1439 1888 650 1905 522 1072 1903 1123 411 1512 1995 1655 466 1505 1483 1184 978 1252 571 1172 897 1699 1920 2081 1220 2640 1314 1601 2108 1018 569 1175 1383 1673 1245 451 1085 2085 521 472 2576 1387 2324 1405 1642 875 1536 2137 2035 942 1809 1047 930 1294 1755 2092 1434 532 497 565 2141 1924 1388 255 1930 1442 1733 1072 2055 1804 1695 688 1159 1144 1223 1381 1392 1281 1303 2106 2131 312 1439 1083 56 2021 2286 1741 1324 1533 2192 749 1420 1935 404 722 1870 1755 1591 1920 46 1209 2123 1965 1030 1997 1563 977 2408 1195 1252 565 987 1378 892 1433 1625 1886 949 1823 1663 1148 580 1192 2037 1138 2063 1054 1212 1364 2277 1764 1274 728 1309 1366 2423 1781 1259 1489 1412 1778 1818 1166 624 1611 1729 1212 1367 2228 1278 1705 1171 2021 1408 1486 1626 1118 1441 1059
2000 2033 2461 2725 2272 1786 0 2123 1560 1929 1019 2641 1305 1973 1539 1751 2562 591 1255 1984 2153 2501 2155 2371 645 1682 2490 2141 1398 920 1885 2110 2020 2465 670 636 1330 2610 1630 1500 762 1993 1534 1245 2012 1702 2470 1218 1901 2142 2101 1116 1816 1171 1589 1325 1261 1641 2060 1930 2352 689 1342 2648 950 2754 1881 2169 2676 1831 1399 1805 1204 1131 872 1832 1474 2652 2010 1689 2690 1501 2589 1972 1347 1365 2104 2251 2140 1579 2377 1273 1405 542 2323 2206 1228 1559 1716 1394 2262 2492 1352 1793 1163 2009 2300 1702 2623 2371 2263 1147 2493 1774 1340 591 1740 1997 2130 2674 2698 1667 2006 1713 1770 2377 2459 1168 1446 1647 1632 2239 2160 1376 1893 1748 956 1861 2159 1342 1813 1611 2237 2381 1660 1438 2131 1334 2528 1304 1173 2055 1491 1946 2187 2050 2193 2454 2439 2390 1149 1778 2069 1000 2151 1252 2631 1310 984 1239 1212 59 1841 1552 1992 1996 2538 5 2072 2106 1289 2408 1245 1796 2114 1717 2297 1492 1242 2348 1846 849 1324 2589 619 2116 2256 1259 1227 1690
618 304 1869 1644 1191 1377 2123 0 657 1597 2361 1414 1410 892 1095 489 1955 1747 1219 1442 1072 1420 1570 493 1972 1948 782 75 2656 2391 2425 325 518 1098 2143 1722 909 1529 727 1050 1777 1642 1800 1885 1067 566 1020 1031 1332 693 1750 2147 1304 1485 1237 871 1624 738 964 414 838 1939 1901 1422 1558 2140 800 1045 1409 399 1106 553 1364 1653 1583 1724 785 1571 999 1660 2076 1085 1811 834 1622 1357 988 1654 1789 999 1046 935 1313 1631 1242 1611 2125 1087 1599 1101 1639 1411 2047 1379 2422 928 1219 470 1542 1211 1182 1025 979 445 960 1718 879 351 294 1407 1617 1155 925 459 1362 1508 1773 1721 984 1232 2172 885 182 1916 1447 657 2283 1510 1078 1901 1405 712 1642 1452 634 1978 1050 1006 1905 977 1119 958 1168 865 673 681 1112 1097 1278 1309 2155 414 972 1529 1543 945 1404 867 1549 1276 2691 2101 761 1107 378 388 1931 2118 118 737 1293 473 1799 598 1013 1366 1216 2017 1256 1726 765 2107 858 1062 1745 735 548 1044 1339 480
534 925 1390 1231 777 1170 1560 657 0 1390 1798 1146 818 444 773 283 1488 1183 627 1369 659 1006 1091 1114 1380 1580 1024 700 2146 1827 1833 946 972 971 1579 1169 317 1115 71 485 1223 1050 1432 1293 1397 360 976 439 1285 676 1158 1662 1200 893 646 279 1256 82 1430 811 1304 1347 1309 1154 1121 1680 387 674 1181 783 783 353 772 1061 1029 1457 193 1158 1395 1337 1616 494 1397 478 1030 1034 609 1203 1197 478 882 343 990 1068 828 1133 1743 944 1276 779 1214 997 1679 1177 1912 515 806 258 1128 877 768 702 1445 307 368 1155 401 685 915 1179 1204 1052 512 245 1155 1094 1359 1129 390 640 1580 1351 694 1324 1278 700 1720 918 664 1309 1198 115 1164 1038 285 1386 636 414 1480 385 527 1424 576 451 1139 573 698 959 1744 896 1695 312 1438 966 1065 353 1136 276 996 684 2128 1538 334 785 649 530 1464 1555 739 627 701 942 1207 453 1479 774 802 1649 664 1300 351 1544 266 1094 1182 650 790 452 747 267
1590 1384 2569 2378 1924 291 1929 1597 1390 0 1789 2293 1573 1625 980 1341 2667 1522 1523 688 1805 2153 2261 1747 2135 730 2079 1548 1973 1819 2588 1468 1230 2118 1677 1502 1316 2262 1460 1083 1465 2107 480 2048 715 1292 2122 1342 604 1732 2215 1464 674 1648 1703 1404 808 1471 764 1391 1090 1842 2064 2301 1262 2860 1534 1821 2328 1238 766 1395 1527 1816 1382 335 1304 2304 714 338 2795 1606 2544 1625 1785 741 1756 2357 2254 1162 2029 1267 872 1437 1975 2312 1243 751 363 785 2361 2144 1197 448 1739 1662 1952 1292 2275 2023 1915 908 1352 1364 1443 1507 1612 1501 1523 2326 2351 518 1658 1302 235 2241 2506 1884 1543 1753 2335 942 1640 2079 597 942 1712 1975 1811 2064 294 1429 2343 2185 1250 2141 1783 1197 2627 1415 1441 758 1207 1598 1085 1653 1845 2106 1142 2043 1472 1368 773 1336 2257 1358 2283 1274 1355 1508 2121 1907 1494 948 1528 1586 2643 1924 1479 1709 1558 1998 1962 1385 817 1831 1949 1021 1510 2448 1498 1570 1391 2241 1542 1706 1846 1338 1586 1279
2238 2271 2699 2964 2511 1948 1019 2361 1798 1789 0 2879 1544 2211 1778 1990 2800 615 1493 2223 2392 2739 2394 2610 1380 1118 2728 2379 519 164 2559 2348 2259 2704 348 931 1569 2848 1869 1739 912 2232 1429 1997 2251 1941 2709 1457 2139 2381 2340 474 2054 1618 1827 1563 1104 1880 2299 2169 2591 1182 2034 2887 1159 2992 2120 2407 2914 2070 1637 2044 1497 1787 1157 1721 1713 2891 2249 1585 2928 1739 2828 2211 1756 1374 2342 2490 2379 1817 2616 1512 1487 799 2561 2445 607 1798 1613 1633 2500 2730 802 2031 284 2248 2539 1941 2861 2610 2501 1385 2732 2013 1578 644 1978 2236 2369 2912 2937 1905 2245 1951 1924 2616 2698 1855 1684 1886 2306 2477 2399 2049 2132 1986 304 2099 2397 2034 1962 1849 2476 2620 1898 2111 2369 1573 2766 1543 1411 2293 1730 2185 2425 2289 2432 2692 2677 2629 507 2016 2308 1246 2390 1490 2870 1549 1274 1478 479 1004 2080 1790 2230 2235 2776 1014 2310 2345 1528 2647 1932 2034 2352 1956 2536 943 1480 2587 2084 279 1562 2827 913 2355 2495 1498 1557 1928
1107 1682 2067 941 958 2073 2641 1414 1146 2293 2879 0 1899 1194 1675 1186 2119 2264 1708 2272 839 506 1758 1784 2461 2528 690 1457 3224 2908 2914 1663 1875 569 2660 2250 1398 441 1198 1566 2304 2131 2381 2374 2299 1262 572 1520 2188 994 2134 2727 2103 1974 1727 1360 2204 1169 2332 1714 2207 2428 2390 27 2138 2304 976 855 472 1686 1686 1257 1853 2142 2110 2360 1274 857 2298 2240 2240 1575 1975 1050 2111 1937 835 1818 2226 1559 479 1424 1893 2149 1406 1809 2705 1846 2179 1682 1804 1575 2627 2080 2990 1088 1384 1160 600 727 1346 1605 2348 1210 1449 2236 1213 1587 1633 288 914 1954 1030 1148 2058 1672 1937 2210 1469 1713 2661 2254 1433 2405 2181 1603 2801 1999 845 2390 2100 1206 1840 1616 1220 2467 959 1495 2070 1466 1608 2327 1657 1029 2042 1052 879 501 2647 564 2735 1215 2341 2047 1784 1434 167 1357 2077 1765 3209 2619 1051 1688 1552 1274 2095 2636 1496 1047 1782 1048 2288 1356 2382 1855 983 2597 1745 1890 929 2625 1347 691 2263 1108 869 1533 1828 1170
1287 1674 1674 1984 1531 1430 1305 1410 818 1573 1544 1899 0 1230 1183 1037 1775 929 347 1629 1412 1759 1369 1867 864 1326 1777 1454 1891 1573 1363 1699 1664 1724 1325 914 589 1868 889 772 969 1207 1178 823 1656 1113 1729 477 1545 1430 1315 1408 1460 280 802 583 1001 900 1705 1560 1996 734 839 1907 867 1967 1140 1428 1935 1475 1043 1103 159 591 775 1477 733 1911 1654 1333 1903 714 1803 1231 512 1009 1363 1465 1354 850 1636 532 1044 813 1581 1420 1489 1203 1360 1038 1475 1750 1425 1437 1657 1268 1559 1011 1882 1630 1521 791 2137 1060 585 900 953 1438 1669 1933 1957 1311 1265 998 1415 1591 1673 652 659 861 1110 1883 1448 854 1538 1392 1466 1074 1417 839 1457 870 1451 1595 1022 915 1389 593 1741 536 432 1699 756 1205 1831 1328 1452 1713 2083 1649 1441 1065 1714 712 1365 510 1890 569 741 332 1873 1283 1100 1196 1403 1284 1751 1300 1492 1383 372 1696 736 1206 1758 931 1556 1394 334 1562 1104 1289 582 1848 927 1404 1544 518 222 1021
769 1160 1198 1206 618 1405 1973 892 444 1625 2211 1194 1230 0 1007 518 1295 1596 1003 1604 578 1054 899 1348 1794 1861 1141 935 2556 2240 2247 1180 1207 1019 1992 1582 730 1163 454 898 1636 1302 1713 1707 1632 595 1023 852 1520 911 1131 2060 1435 1306 941 692 1536 425 1665 1046 1539 1760 1722 1201 1470 1487 217 722 1229 1018 1018 590 1185 1474 1442 1692 606 1133 1630 1572 1423 752 1248 512 1443 1269 640 1011 1223 891 930 756 1225 1481 548 940 2038 1179 1511 1014 1022 847 1959 1412 2322 333 599 493 1176 924 618 937 1680 542 748 1568 355 920 1150 1227 1179 1286 335 480 1390 944 1210 1542 626 729 1993 1586 929 1737 1513 935 2133 1123 619 1722 1433 535 971 851 552 1799 459 827 1288 765 904 1659 990 373 1374 608 697 1007 1979 944 2068 547 1673 1379 872 767 1184 689 1409 1089 2541 1951 203 1020 884 765 1271 1968 974 662 1114 1177 1620 688 1714 987 689 1929 1072 1108 303 1957 679 1142 1595 813 1025 865 1160 502
972 1005 1984 1760 1307 761 1539 1095 773 980 1778 1675 1183 1007 0 723 2071 1163 1133 960 1188 1535 1686 1343 1746 1327 1462 1113 2072 1807 2199 1082 992 1500 1559 1139 891 1644 843 563 1193 1682 1096 1659 987 675 1505 898 876 1115 1790 1564 763 1258 1277 951 1002 854 1035 903 1324 1452 1674 1683 974 2256 916 1204 1710 803 360 777 1137 1426 999 1034 786 1687 985 914 2192 1165 1927 1007 1395 661 1139 1770 1829 496 1412 841 617 1047 1357 1727 1542 408 853 289 1755 1526 1464 768 1838 1044 1335 674 1657 1406 1297 424 1465 746 1016 1134 995 970 1102 1709 1733 614 1041 685 746 1623 1889 1494 1053 1312 1945 1214 1133 1689 869 708 1700 1549 1193 1674 788 811 1758 1567 632 1751 1165 732 2021 989 1030 1030 667 981 1159 1036 1228 1489 1414 1425 1572 750 1045 946 1659 933 1666 849 965 1118 2107 1517 876 55 964 969 2046 1534 1044 1091 1168 1381 1572 768 1089 1406 1332 1395 1120 1842 880 1524 938 1623 1161 1089 1228 891 1196 662
303 758 1495 1271 818 1121 1751 489 283 1341 1990 1186 1037 518 723 0 1582 1375 846 1320 699 1046 1196 946 1599 1576 833 532 2284 2019 2052 778 923 958 1771 1350 536 1155 354 703 1405 1269 1429 1512 1348 255 1016 657 1236 445 1377 1776 1151 1112 864 498 1252 365 1380 707 1255 1566 1528 1194 1186 1767 427 692 1221 734 734 122 990 1280 1211 1408 412 1198 1346 1288 1703 712 1438 481 1249 985 635 1281 1416 696 923 562 941 1259 868 1238 1753 894 1227 730 1266 1037 1675 1128 2050 555 846 82 1168 917 808 653 1396 134 586 1346 506 580 747 1220 1244 1002 552 40 1106 1134 1400 1348 610 859 1799 1302 527 1543 1229 651 1912 1136 704 1528 1149 339 1269 1078 268 1604 676 632 1532 604 745 1375 795 492 1090 329 739 1000 1695 936 1784 133 1389 1158 1170 572 1177 494 1177 903 2319 1729 387 736 545 363 1557 1746 571 385 920 752 1425 349 1430 993 843 1645 882 1353 391 1735 485 1096 1373 419 600 671 966 91
1740 2223 352 1784 1202 2448 2562 1955 1488 2667 2800 2119 1775 1295 2071 1582 0 2185 1539 2647 1404 1979 428 2412 2383 2582 2066 1998 3148 2830 2836 2244 2270 1944 2582 2171 1433 2088 1498 1724 2225 813 2435 2296 2674 1658 1949 1448 2563 1891 724 2665 2478 1895 1036 1275 2258 1469 2722 2109 2602 2349 2311 2127 2124 323 1291 1573 2154 2081 2061 1653 1774 2063 2031 2726 1463 1711 2672 2590 215 1091 579 1438 2033 2266 1467 353 600 1765 1856 1425 2274 2070 849 404 2745 2221 2554 2056 316 788 2681 2455 2914 1163 850 1556 1998 1850 821 1986 2743 1605 1329 2157 1350 1983 2213 2152 1757 2329 1161 1543 2433 447 414 2131 1260 914 2582 2649 1992 2326 2556 1998 2722 852 1445 2311 2475 1588 406 548 1615 2388 1285 1546 291 1316 1440 2716 1708 1234 2437 1550 1281 1933 3042 1869 2698 1610 2731 1968 474 1328 2110 1413 1998 1625 3130 2540 1305 2083 1947 1828 102 2557 2037 1604 1703 2240 2209 1751 2774 953 1274 2651 1608 311 1243 2546 1288 2067 2184 1755 2088 1482 1749 1565
1624 1657 2085 2349 1896 1409 591 1747 1183 1522 615 2264 929 1596 1163 1375 2185 0 879 1608 1777 2125 1779 1995 852 1196 2114 1764 990 644 1944 1734 1644 2089 396 316 954 2233 1254 1124 348 1617 1117 1404 1636 1326 2094 842 1524 1766 1725 623 1440 1004 1212 948 764 1265 1684 1554 1976 654 1420 2272 630 2378 1505 1793 2300 1455 1022 1429 882 1172 553 1417 1098 2276 1634 1273 2314 1125 2213 1596 1141 989 1728 1875 1764 1203 2001 897 1029 184 1946 1830 731 1183 1301 1018 1886 2116 854 1417 756 1633 1924 1326 2247 1995 1887 771 2117 1398 964 29 1364 1621 1754 2298 2322 1291 1630 1336 1394 2001 2083 1240 1069 1271 1691 1862 1784 1435 1517 1371 537 1485 1783 1420 1437 1235 1861 2005 1284 1496 1754 958 2152 928 797 1679 1115 1570 1811 1674 1817 2078 2063 2014 656 1402 1693 631 1775 875 2255 934 660 863 944 569 1465 1175 1616 1620 2161 586 1696 1730 913 2032 1317 1419 1738 1341 1921 994 866 1972 1469 361 947 2213 298 1740 1880 883 942 1313
1096 1487 1438 1793 1339 1361 1255 1219 627 1523 1493 1708 347 1003 1133 846 1539 879 0 1560 1221 1568 1133 1676 935 1276 1586 1262 1841 1523 1388 1508 1497 1533 1275 864 405 1677 698 617 919 971 1128 848 1588 922 1538 330 1476 1238 1078 1358 1391 427 566 364 951 708 1636 1373 1829 881 864 1716 817 1731 949 1236 1743 1308 974 912 306 616 725 1426 542 1720 1586 1283 1667 478 1567 1040 585 959 1171 1228 1118 695 1444 352 994 763 1371 1184 1438 1135 1310 970 1239 1559 1374 1368 1607 1077 1368 820 1690 1439 1330 741 1970 869 372 850 717 1247 1477 1741 1766 1242 1074 807 1346 1354 1436 684 423 625 1135 1814 1257 879 1469 1224 1415 838 1226 864 1389 678 1214 1359 831 941 1198 438 1505 300 213 1630 601 1013 1663 1136 1261 1521 2014 1458 1391 874 1645 662 1129 301 1699 385 691 117 1823 1233 909 1133 1211 1092 1515 1250 1301 1192 263 1504 762 1015 1689 694 1364 1344 100 1326 913 1239 377 1656 877 1213 1352 364 309 829
1569 1137 2549 2357 1903 495 1984 1442 1369 688 2223 2272 1629 1604 960 1320 2647 1608 1560 0 1785 2132 2240 1522 2191 1318 2059 1393 2518 2252 2644 1228 968 2097 2004 1584 1295 2241 1440 1063 1638 2087 1047 2104 480 1271 2102 1321 163 1711 2194 2009 572 1704 1682 1383 1375 1451 501 1314 827 1898 2119 2280 1419 2839 1513 1800 2307 1142 768 1374 1582 1872 1444 849 1284 2284 442 870 2775 1586 2523 1604 1841 1219 1735 2336 2234 1141 2008 1246 1175 1493 1954 2291 1831 726 894 764 2340 2123 1786 368 2284 1641 1932 1271 2254 2003 1894 887 1089 1343 1422 1579 1591 1439 1313 2305 2330 416 1638 1281 453 2220 2485 1940 1523 1732 2391 679 1485 2134 287 916 2145 1954 1790 2119 522 1408 2322 2164 1229 2196 1762 1176 2607 1394 1451 495 1186 1577 822 1632 1824 2085 768 2022 2017 1347 508 1391 2236 1337 2262 1253 1411 1563 2553 1963 1473 927 1467 1565 2622 1980 1324 1688 1611 1879 2017 1365 555 1810 1928 1609 1565 2427 1477 1969 1370 2220 1607 1685 1825 1317 1640 1258
531 1341 1352 791 254 1586 2153 1072 659 1805 2392 839 1412 578 1188 699 1404 1777 1221 1785 0 699 1043 1529 1974 2041 787 1116 2737 2421 2427 1361 1388 664 2173 1763 911 808 711 1079 1817 1565 1893 1887 1812 775 669 1032 1701 669 1394 2240 1616 1487 1204 873 1717 682 1845 1226 1720 1941 1903 847 1651 1590 489 221 875 1199 1199 770 1365 1655 1623 1872 787 718 1810 1753 1526 1087 1261 350 1624 1450 115 1104 1486 1071 576 937 1406 1661 681 1094 2218 1359 1692 1194 1089 860 2140 1593 2502 308 658 673 821 570 631 1118 1861 722 961 1748 725 1100 1331 873 764 1467 243 660 1571 957 1222 1723 982 992 2174 1766 1110 1918 1694 1115 2314 1386 67 1903 1613 719 1125 901 733 1980 172 1007 1355 979 1121 1839 1170 414 1554 446 238 653 2160 589 2248 711 1854 1560 1069 947 830 869 1589 1278 2722 2131 563 1200 1065 942 1380 2148 1154 441 1295 1086 1801 868 1895 1250 289 2110 1258 1176 434 2138 860 787 1775 533 934 1046 1341 683
945 1688 1927 523 818 1933 2501 1420 1006 2153 2739 506 1759 1054 1535 1046 1979 2125 1568 2132 699 0 1618 1840 2322 2388 745 1463 3084 2769 2775 1697 1735 529 2521 2110 1258 176 1058 1426 2164 1991 2241 2235 2160 1123 628 1380 2048 919 1994 2588 1963 1834 1587 1221 2064 1030 2193 1574 2067 2288 2250 514 1998 2165 836 705 609 1546 1546 1117 1713 2002 1970 2220 1134 439 2158 2100 2101 1435 1836 910 1972 1797 695 1679 2086 1419 489 1284 1753 2009 1266 1669 2565 1707 2039 1542 1664 1435 2487 1940 2850 948 1244 1021 196 566 1206 1465 2208 1070 1309 2096 1073 1448 1667 385 496 1814 890 1008 1918 1532 1797 2070 1329 1573 2521 2114 1456 2265 2041 1463 2661 1859 705 2250 1961 1066 1700 1476 1080 2327 819 1355 1930 1326 1468 2187 1518 889 1902 891 739 585 2507 212 2596 1075 2201 1908 1644 1295 451 1217 1937 1625 3069 2479 911 1548 1412 1226 1955 2496 1502 886 1642 1104 2148 1216 2242 1715 843 2457 1605 1750 789 2485 1207 746 2123 947 925 1393 1688 1030
1379 1838 330 1409 841 2041 2155 1570 1091 2261 2394 1758 1369 899 1686 1196 428 1779 1133 2240 1043 1618 0 2027 1976 2176 1705 1613 2741 2423 2429 1859 1885 1583 2175 1764 1026 1727 1101 1318 1819 720 2028 1889 2268 1273 1588 1042 2156 1530 548 2258 2071 1489 720 869 1851 1073 2316 1724 2217 1943 1905 1766 1717 620 930 1212 1793 1696 1654 1268 1367 1657 1625 2320 1057 1335 2266 2183 556 685 506 1077 1626 1859 1106 168 512 1358 1494 1019 1868 1663 445 73 2339 1815 2147 1650 179 629 2275 2048 2507 801 445 1171 1623 1489 417 1580 2358 1220 922 1750 944 1598 1828 1791 1382 1922 800 1158 2026 294 376 1725 853 508 2176 2264 1607 1920 2149 1613 2316 642 1084 1905 2069 1181 104 299 1230 1981 924 1139 445 909 1034 2310 1302 873 2052 1189 920 1571 2657 1508 2291 1225 2325 1562 83 921 1749 1006 1591 1219 2723 2133 908 1698 1562 1443 404 2150 1652 1243 1297 1855 1802 1366 2369 620 912 2244 1202 266 882 2140 882 1706 1777 1394 1703 1076 1343 1180
1075 434 2326 2101 1648 1527 2371 493 1114 1747 2610 1784 1867 1348 1343 946 2412 1995 1676 1522 1529 1840 2027 0 2429 2197 1153 422 2904 2639 2882 314 618 1469 2391 1970 1366 1944 1184 1247 2025 2099 2049 2342 1147 825 1390 1487 1413 1100 2207 2396 1485 1942 1694 1328 1872 1195 1044 608 919 2284 2358 1792 1806 2597 1257 1502 1780 580 1354 1010 1820 2110 1831 1908 1242 2028 1080 1898 2533 1542 2268 1290 2079 1605 1445 2111 2246 1180 1417 1392 1561 1879 1698 2068 2374 1268 1847 1350 2096 1867 2295 1491 2670 1385 1676 927 1967 1618 1638 1273 1060 902 1416 1966 1336 571 295 1778 2074 1336 1382 915 1512 1965 2230 2178 1440 1689 2629 965 461 2373 1528 838 2532 1967 1534 2358 1555 1168 2099 1908 1033 2435 1506 1432 2362 1434 1576 1038 1456 1322 753 1138 1569 1467 1358 1728 2404 871 1052 1778 2000 1402 1775 1324 1797 1733 2939 2349 1217 1356 598 845 2388 2366 419 1194 1750 843 2256 845 1093 1823 1673 2265 1713 2183 1221 2355 1315 1433 1993 1191 919 1501 1796 936
1850 2236 2282 2546 2093 1992 645 1972 1380 2135 1380 2461 864 1794 1746 1599 2383 852 935 2191 1974 2322 1976 2429 0 1888 2339 2016 1759 1282 1257 2261 2226 2286 1032 767 1151 2431 1451 1334 918 1814 1740 617 2218 1675 2291 1039 2107 1992 1922 1386 2022 664 1409 1146 1478 1462 2267 2122 2558 323 714 2469 1081 2575 1702 1990 2497 2037 1605 1665 752 503 1004 2039 1295 2473 2217 1895 2511 1322 2410 1793 719 1571 1925 2072 1961 1413 2198 1094 1606 774 2144 2027 1492 1765 1923 1601 2083 2313 1615 1999 1525 1830 2121 1573 2444 2192 2084 1353 2699 1623 1161 823 1561 2000 2231 2495 2519 1873 1827 1561 1977 2198 2280 540 1266 1468 1004 2445 2010 748 2100 1954 1318 1682 1980 714 2019 1432 2058 2202 1584 809 1952 1155 2349 1125 994 2261 1318 1767 2393 1890 2014 2275 2645 2211 1419 1627 2276 937 1972 1073 2452 1131 886 920 1573 636 1662 1758 1965 1846 2359 640 2055 1946 916 2258 617 1769 2320 1538 2118 1755 922 2169 1667 1177 1145 2410 780 1966 2106 1080 766 1583
1825 1858 2481 2613 2160 921 1682 1948 1580 730 1118 2528 1326 1861 1327 1576 2582 1196 1276 1318 2041 2388 2176 2197 1888 0 2315 1966 1275 1148 2341 1935 1845 2353 1150 1254 1351 2497 1651 1326 1217 2014 606 1801 1346 1528 2358 1239 1234 1968 2122 767 1305 1401 1609 1345 560 1662 1394 1756 1720 1595 1817 2536 1014 2775 1769 2057 2564 1657 1123 1630 1279 1569 1139 668 1495 2540 1344 618 2710 1521 2610 1860 1538 696 1992 2272 2161 1404 2265 1294 816 1190 2210 2227 513 1341 647 1163 2282 2380 543 1078 1041 1897 2188 1527 2511 2259 2150 972 1982 1600 1360 1188 1760 1823 1955 2562 2586 1149 1894 1538 865 2398 2480 1637 1466 1668 2088 1572 1986 1832 1227 1528 1041 1882 2047 1817 924 1625 2258 2402 1485 1893 2018 1355 2549 1325 1194 1388 1331 1834 1715 1889 2081 2342 1772 2278 754 1603 1403 1088 2172 1272 2519 1331 1108 1260 1450 1660 1729 1339 1817 1822 2558 1677 1897 1944 1310 2234 1714 1621 1447 1738 2185 291 1263 2369 1733 981 1344 2477 1299 1942 2082 1280 1339 1515
628 1051 2014 1202 905 1860 2490 782 1024 2079 2728 690 1777 1141 1462 833 2066 2114 1586 2059 787 745 1705 1153 2339 2315 0 825 3023 2758 2792 1031 1264 374 2510 2089 1276 849 1094 1444 2144 2009 2167 2252 1813 988 296 1397 1975 472 2081 2514 1890 1852 1604 1238 1991 1096 1710 1144 1584 2306 2268 698 1925 2252 923 802 685 1145 1473 920 1731 2020 1950 2146 1152 1118 1746 2027 2188 1452 1923 993 1989 1724 782 1766 2148 1436 322 1302 1680 1998 1353 1756 2492 1633 1966 1468 1751 1522 2414 1867 2789 1035 1331 837 875 600 1293 1392 1725 812 1327 2085 1160 992 1001 683 1175 1741 977 826 1845 1619 1885 2088 1351 1599 2539 1631 801 2283 1968 1389 2650 1877 792 2268 1887 1079 1787 1563 1001 2345 906 1372 2017 1344 1486 1704 1535 977 1419 801 826 373 2024 634 2522 781 1718 1896 1731 1312 680 1234 1916 1643 3058 2468 998 1474 1009 643 2042 2485 864 856 1660 420 2166 1081 1759 1733 930 2384 1623 1838 876 2474 1225 338 2112 714 237 1411 1706 847
662 255 1912 1688 1234 1328 2141 75 700 1548 2379 1457 1454 935 1113 532 1998 1764 1262 1393 1116 1463 1613 422 2016 1966 825 0 2674 2409 2469 275 469 1142 2161 1740 952 1572 771 1017 1795 1686 1818 1929 1018 556 1063 1074 1283 736 1793 2165 1255 1529 1281 915 1642 782 914 365 789 1982 1944 1465 1576 2184 844 1088 1453 349 1124 596 1407 1697 1600 1709 828 1615 950 1668 2120 1129 1854 877 1666 1375 1031 1698 1833 950 1090 978 1331 1649 1285 1655 2143 1038 1617 1119 1683 1454 2065 1330 2440 972 1263 513 1585 1254 1225 1043 930 488 1003 1736 923 301 245 1451 1661 1106 969 502 1313 1551 1816 1765 1027 1275 2216 836 137 1959 1398 608 2301 1553 1121 1944 1355 755 1685 1495 678 2021 1093 1049 1949 1020 1162 909 1206 908 624 725 1155 1140 1229 1353 2173 457 923 1547 1587 989 1448 911 1567 1320 2709 2119 804 1125 329 431 1974 2136 69 780 1336 516 1842 576 964 1409 1259 2035 1299 1769 808 2125 902 1106 1763 778 592 1088 1382 523
2533 2566 3047 3309 2855 2164 1398 2656 2146 1973 519 3224 1891 2556 2072 2284 3148 990 1841 2518 2737 3084 2741 2904 1759 1275 3023 2674 0 674 2907 2643 2553 3049 727 1278 1917 3193 2216 2033 1190 2580 1614 2360 2545 2236 3054 1805 2434 2676 2687 548 2349 1966 2175 1911 1288 2227 2594 2464 2885 1561 2382 3232 1347 3340 2465 2752 3259 2364 1932 2338 1845 2134 1435 1906 2061 3236 2543 1769 3276 2087 3175 2556 2103 1558 2687 2837 2727 2112 2960 1860 1672 1146 2906 2793 764 2092 1798 1927 2848 3075 959 2316 234 2593 2884 2235 3206 2955 2846 1680 3026 2307 1926 1019 2326 2530 2663 3257 3282 2200 2590 2246 2108 2963 3045 2202 2032 2234 2653 2772 2694 2397 2427 2281 679 2447 2742 2382 2168 2197 2823 2968 2193 2459 2714 1921 3114 1890 1759 2588 2038 2529 2720 2596 2776 3037 2972 2974 628 2311 2603 1575 2738 1838 3214 1896 1555 1826 989 1383 2425 2085 2525 2530 3124 1393 2605 2652 1876 2942 2280 2329 2647 2303 2880 1100 1828 2935 2429 655 1910 3172 1260 2650 2789 1846 1904 2223
2268 2301 2729 2993 2540 1977 920 2391 1827 1819 164 2908 1573 2240 1807 2019 2830 644 1523 2252 2421 2769 2423 2639 1282 1148 2758 2409 674 0 2539 2378 2288 2733 250 960 1598 2878 1898 1768 941 2261 1460 1898 2280 1970 2738 1486 2168 2410 2369 505 2084 1566 1856 1592 1135 1909 2328 2198 2620 1084 1996 2916 1190 3022 2149 2437 2944 2099 1666 2073 1526 1784 1187 1752 1742 2920 2278 1615 2958 1769 2857 2240 1785 1404 2372 2519 2408 1847 2645 1541 1518 828 2590 2474 637 1827 1644 1662 2530 2760 832 2061 440 2277 2568 1970 2891 2639 2531 1415 2761 2042 1608 673 2008 2265 2398 2942 2966 1935 2274 1980 1954 2645 2727 1822 1713 1915 2286 2506 2428 2029 2161 2016 284 2129 2427 1996 1992 1879 2505 2649 1928 2091 2398 1602 2796 1572 1441 2323 1759 2214 2455 2318 2461 2722 2707 2658 538 2046 2337 1275 2419 1519 2899 1578 1303 1507 345 906 2109 1819 2260 2264 2805 916 2340 2374 1557 2676 1898 2063 2382 1985 2565 973 1510 2616 2114 308 1592 2857 942 2384 2524 1527 1586 1957
2303 2689 2735 2999 2546 2445 1885 2425 1833 2588 2559 2914 1363 2247 2199 2052 2836 1944 1388 2644 2427 2775 2429 2882 1257 2341 2792 2469 2907 2539 0 2714 2679 2739 2289 1929 1604 2884 1904 1787 1984 2267 2193 687 2671 2128 2744 1492 2560 2445 2375 2423 2475 1399 1862 1599 2017 1915 2720 2575 3011 1579 728 2922 1882 3028 2155 2443 2950 2490 2058 2118 1313 962 1790 2492 1748 2926 2670 2348 2964 1775 2863 2246 1283 2024 2378 2525 2414 1866 2651 1547 2059 1828 2597 2480 2504 2218 2376 2054 2536 2766 2440 2452 2672 2283 2574 2026 2897 2645 2537 1806 3152 2076 1614 1915 2014 2453 2684 2948 2972 2326 2280 2014 2430 2651 2733 1030 1719 1921 262 2898 2463 524 2553 2407 2481 2135 2433 728 2472 1885 2511 2655 2037 515 2405 1608 2802 1578 1447 2714 1771 2220 2846 2343 2467 2728 3098 2664 2456 2080 2729 1727 2425 1526 2905 1584 1756 1373 2830 1876 2115 2211 2418 2299 2811 1880 2508 2398 1525 2711 972 2222 2773 1991 2571 2409 1375 2622 2120 2305 1598 2863 1942 2419 2559 1533 1376 2036
907 121 2157 1933 1480 1248 2110 325 946 1468 2348 1663 1699 1180 1082 778 2244 1734 1508 1228 1361 1697 1859 314 2261 1935 1031 275 2643 2378 2714 0 304 1348 2130 1709 1198 1806 1016 986 1764 1931 1788 2174 853 613 1269 1319 1118 966 2039 2135 1224 1774 1526 1160 1611 1027 750 347 624 2023 2190 1671 1545 2429 1089 1334 1659 319 1093 842 1652 1942 1570 1629 1058 1860 786 1637 2365 1374 2100 1122 1911 1344 1276 1943 2078 919 1296 1224 1300 1618 1530 1900 2112 1007 1586 1089 1928 1699 2034 1197 2409 1217 1508 759 1824 1484 1470 1012 765 734 1248 1705 1168 358 85 1657 1906 1075 1214 747 1233 1796 2062 2010 1272 1521 2461 671 339 2205 1233 577 2271 1799 1366 2190 1276 979 1931 1740 821 2267 1338 1171 2194 1266 1407 744 1195 1154 459 970 1401 1346 1064 1591 2143 703 758 1517 1832 1234 1654 1156 1536 1565 2678 2088 1049 1094 386 677 2219 2105 207 1026 1582 722 2088 632 799 1655 1505 2004 1545 2015 1053 2094 1147 1312 1732 1023 798 1330 1628 757
1100 214 2184 1960 1507 1037 2020 518 972 1230 2259 1875 1664 1207 992 923 2270 1644 1497 968 1388 1735 1885 618 2226 1845 1264 469 2553 2288 2679 304 0 1581 2040 1620 1163 1844 1043 896 1674 1914 1590 2139 593 758 1502 1248 858 1175 2022 2045 1053 1739 1510 1143 1521 1054 489 379 364 1933 2155 1883 1455 2456 1116 1403 1891 206 1003 977 1618 1907 1480 1391 979 1887 525 1412 2392 1357 2127 1207 1876 1254 1339 1970 2061 829 1528 1188 1210 1528 1557 1927 2023 889 1437 999 1955 1726 1944 936 2319 1244 1535 874 1857 1606 1497 922 505 913 1237 1615 1195 504 389 1889 1933 897 1241 885 995 1823 2089 1975 1246 1504 2426 410 561 2170 973 483 2181 1782 1393 2155 1065 1011 1958 1767 832 2232 1365 1081 2221 1254 1395 484 1105 1181 199 1164 1428 1579 804 1625 2053 874 498 1427 1859 1223 1866 1122 1446 1534 2588 1998 1076 1005 531 870 2246 2015 400 1219 1550 955 2053 749 539 1638 1532 1914 1513 2042 1080 2005 1130 1544 1642 1217 1031 1240 1596 862
681 1367 1892 982 783 1898 2465 1098 971 2118 2704 569 1724 1019 1500 958 1944 2089 1533 2097 664 529 1583 1469 2286 2353 374 1142 3049 2733 2739 1348 1581 0 2485 2075 1223 633 1023 1391 2129 1956 2205 2199 2124 1087 295 1345 2013 525 1959 2552 1928 1799 1551 1185 2029 994 2026 1454 1901 2253 2215 577 1963 2129 801 647 605 1461 1511 1070 1678 1967 1935 2185 1099 898 2062 2065 2065 1399 1800 875 1936 1762 660 1643 2051 1384 129 1249 1718 1974 1231 1634 2530 1671 2004 1507 1629 1400 2452 1905 2815 913 1208 983 655 328 1171 1430 2042 959 1274 2060 1038 1301 1318 603 955 1779 855 973 1883 1497 1762 2035 1294 1538 2486 1947 1117 2230 2006 1428 2626 1824 670 2215 1925 1031 1665 1441 1045 2292 784 1320 1895 1291 1433 2020 1482 854 1735 761 704 369 2340 414 2560 929 2034 1872 1609 1259 560 1181 1901 1590 3034 2444 876 1513 1319 832 1920 2461 1181 756 1607 733 2113 1181 2075 1680 808 2422 1570 1715 754 2450 1172 408 2088 767 553 1358 1653 993
2020 2053 2481 2745 2292 1776 670 2143 1579 1677 348 2660 1325 1992 1559 1771 2582 396 1275 2004 2173 2521 2175 2391 1032 1150 2510 2161 727 250 2289 2130 2040 2485 0 712 1350 2630 1650 1520 693 2013 1317 1648 2032 1722 2490 1238 1920 2162 2121 507 1836 1316 1608 1344 992 1661 2080 1950 2372 834 1746 2668 952 2774 1901 2189 2696 1851 1418 1825 1278 1534 939 1609 1494 2672 2030 1473 2710 1521 2609 1992 1537 1262 2124 2271 2160 1599 2397 1293 1375 580 2342 2226 639 1579 1501 1414 2282 2512 834 1813 493 2029 2320 1722 2643 2391 2283 1167 2513 1794 1360 425 1760 2017 2150 2694 2718 1687 2026 1732 1753 2397 2479 1572 1465 1667 2035 2258 2180 1779 1913 1768 286 1881 2179 1746 1790 1631 2257 2401 1680 1841 2150 1354 2548 1324 1193 2075 1511 1966 2207 2070 2213 2474 2459 2410 539 1798 2089 1027 2171 1271 2651 1330 1055 1259 548 655 1861 1571 2012 2016 2557 665 2092 2126 1309 2428 1648 1815 2134 1737 2317 975 1262 2368 1866 214 1344 2609 694 2136 2276 1279 1338 1709
1599 1632 2070 2335 1881 1385 636 1722 1169 1502 931 2250 914 1582 1139 1350 2171 316 864 1584 1763 2110 1764 1970 767 1254 2089 1740 1278 960 1929 1709 1620 2075 712 0 940 2219 1239 1100 202 1603 1097 1374 1612 1302 2080 828 1500 1742 1710 795 1415 850 1198 934 744 1250 1660 1530 1952 471 1405 2258 347 2363 1491 1778 2285 1431 998 1404 841 1157 269 1397 1084 2262 1610 1253 2299 1110 2198 1582 1126 964 1713 1860 1750 1178 1986 882 997 157 1932 1816 901 1158 1281 994 1871 2101 974 1392 1044 1619 1910 1301 2232 1981 1872 746 2092 1374 949 287 1349 1597 1729 2283 2308 1266 1616 1312 1370 1986 2068 1225 1055 1257 1676 1838 1760 1420 1493 1347 853 1470 1768 1405 1413 1220 1846 1991 1259 1482 1740 944 2137 913 782 1654 1077 1555 1786 1651 1802 2063 2038 2000 828 1377 1669 407 1761 861 2240 919 380 849 1260 614 1451 1151 1591 1596 2147 631 1671 1706 899 2008 1303 1395 1713 1326 1906 1114 851 1958 1455 676 933 2198 82 1716 1856 869 872 1289
