NAME: zurich_200_1
COMMENT: TSP instance with 200 nodes. City: Zurich, Switzerland, Seed: 43
TYPE: TSP
DIMENSION: 200
EDGE_WEIGHT_TYPE: EXPLICIT
EDGE_WEIGHT_FORMAT: FULL_MATRIX
NODE_COORD_SECTION:
1 47.2596627 8.6945336
2 47.5194994 8.7885507
3 47.3457364 8.6012544
4 47.301672 8.5219519
5 47.3123539 8.3928125
6 47.5044965 8.5413847
7 47.5048594 8.3720967
8 47.2345254 8.7581062
9 47.3783115 8.5417017
10 47.2695786 8.3380768
11 47.394746 8.3747248
12 47.402071 8.5015678
13 47.4328173 8.3534221
14 47.4001292 8.7701708
15 47.2920786 8.5572112
16 47.4073435 8.5529044
17 47.393062 8.5290934
18 47.529157 8.3228528
19 47.2050225 8.6259179
20 47.5073532 8.475184
21 47.3019447 8.5547231
22 47.393264 8.4949434
23 47.2665233 8.3396342
24 47.4010222 8.4483123
25 47.3096601 8.7441944
26 47.3219312 8.4152007
27 47.3608159 8.3681543
28 47.2510721 8.6289998
29 47.4792897 8.3210024
30 47.4132413 8.5323285
31 47.2450001 8.7678743
32 47.2574376 8.605226
33 47.4666684 8.3137593
34 47.4141272 8.5363599
35 47.5283547 8.465674
36 47.3105737 8.5282718
37 47.3675803 8.3626152
38 47.4246241 8.6207206
39 47.5299008 8.5861878
40 47.2252277 8.592604
41 47.522964 8.5426094
42 47.3753903 8.5614515
43 47.363002 8.4651272
44 47.5062075 8.7194962
45 47.3274221 8.6210949
46 47.5151215 8.3693589
47 47.4173814 8.5990159
48 47.4442077 8.6938997
49 47.2472749 8.3626546
50 47.4120917 8.5288146
51 47.2815167 8.7151679
52 47.4282012 8.5728714
53 47.4679796 8.3169952
54 47.4193092 8.5996626
55 47.372002 8.5090969
56 47.4069354 8.3917658
57 47.5337005 8.8017231
58 47.408475 8.3310447
59 47.4363888 8.2902952
60 47.5176463 8.5342641
61 47.3672594 8.5610683
62 47.4037071 8.5576823
63 47.44525 8.6534404
64 47.3079721 8.7648428
65 47.4068347 8.4811069
66 47.4014196 8.6257703
67 47.27308 8.7261443
68 47.2772296 8.4494852
69 47.2688371 8.715816
70 47.2705909 8.7172732
71 47.4194154 8.2811546
72 47.2565995 8.6890366
73 47.3077335 8.7243409
74 47.501715 8.748604
75 47.4817822 8.5666348
76 47.3808868 8.4835011
77 47.4231273 8.6309455
78 47.4976774 8.743546
79 47.2732249 8.3276522
80 47.3710261 8.5135368
81 47.4927493 8.74101
82 47.4616637 8.3935682
83 47.4149318 8.4834494
84 47.236387 8.6354707
85 47.1952217 8.7499421
86 47.4799311 8.5227973
87 47.3988095 8.5295869
88 47.5224717 8.5813808
89 47.2797643 8.7598903
90 47.3819851 8.6769263
91 47.3586689 8.5513843
92 47.3207467 8.5910712
93 47.5458965 8.713055
94 47.2701771 8.3091721
95 47.3040589 8.6905367
96 47.3653013 8.3299378
97 47.3631258 8.3590908
98 47.2014283 8.5134345
99 47.195628 8.7604202
100 47.3721163 8.6416632
101 47.3477082 8.7329957
102 47.2898592 8.675917
103 47.3910888 8.7794919
104 47.5375758 8.7843895
105 47.3341674 8.3083905
106 47.2981749 8.5592317
107 47.3485279 8.734667
108 47.4480415 8.581878
109 47.3453777 8.2879553
110 47.2490408 8.6309946
111 47.4760249 8.294232
112 47.2100676 8.6553336
113 47.5472845 8.3802289
114 47.4145606 8.559477
115 47.213832 8.606334
116 47.5148288 8.479108
117 47.3368156 8.5746551
118 47.3778158 8.5510133
119 47.4076328 8.4139161
120 47.3840715 8.6617093
121 47.3551187 8.3506319
122 47.5163618 8.5326462
123 47.3545129 8.444847
124 47.3606514 8.6225613
125 47.4228408 8.3105414
126 47.3453821 8.5770919
127 47.2835284 8.6139113
128 47.2802245 8.4048756
129 47.2009719 8.5235741
130 47.3107799 8.3238937
131 47.4895061 8.7097461
132 47.4744206 8.5166499
133 47.422007 8.3096201
134 47.3933022 8.5278722
135 47.2994997 8.600304
136 47.4210032 8.7676709
137 47.3378384 8.4577134
138 47.2782043 8.6289526
139 47.4780427 8.5626661
140 47.5027396 8.7539974
141 47.4624955 8.3221123
142 47.3535324 8.350525
143 47.4082189 8.565256
144 47.3585657 8.6299262
145 47.5299954 8.5840419
146 47.4116859 8.4532858
147 47.3584048 8.597035
148 47.3083004 8.5189999
149 47.4011815 8.4393469
150 47.2034832 8.7656541
151 47.4191581 8.5938421
152 47.30029 8.688056
153 47.5090624 8.5221898
154 47.4835182 8.701881
155 47.3274732 8.6303237
156 47.4362725 8.360012
157 47.4372987 8.4740226
158 47.4371447 8.4742459
159 47.2031664 8.7970894
160 47.2741483 8.6473907
161 47.3356795 8.4780233
162 47.5381024 8.4640021
163 47.5055959 8.7124645
164 47.2771123 8.758597
165 47.365818 8.5362278
166 47.4398517 8.2757544
167 47.5182061 8.790267
168 47.2588584 8.3758473
169 47.534274 8.7361103
170 47.371063 8.4198192
171 47.2712932 8.4400454
172 47.2837597 8.4017498
173 47.4305575 8.5781953
174 47.2651856 8.341783
175 47.3915247 8.6162823
176 47.4076606 8.583996
177 47.3551191 8.4364679
178 47.2729803 8.7203052
179 47.3565738 8.6261084
180 47.4555654 8.5289218
181 47.3868625 8.6551026
182 47.3625502 8.7876398
183 47.3449249 8.7110456
184 47.5003853 8.7915683
185 47.2577214 8.5936538
186 47.4716092 8.5070942
187 47.3750176 8.7815555
188 47.3316694 8.4424009
189 47.3348459 8.4612484
190 47.2619573 8.6792469
191 47.4478362 8.6325616
192 47.4746703 8.5160461
193 47.2385718 8.610883
194 47.4149288 8.385933
195 47.2540706 8.7615178
196 47.2850963 8.7516729
197 47.332125 8.6017668
198 47.2587806 8.5995885
199 47.4704142 8.6721515
200 47.3933284 8.4202258
EDGE_WEIGHT_SECTION:
0 2152 864 1847 2215 1900 2617 472 1339 2675 2398 1698 2292 1409 1807 1574 1524 2922 2280 2251 1801 1685 2666 1907 589 2139 2197 2237 2495 1661 477 2168 2391 1649 2327 1776 2255 1403 2322 2300 2032 1289 1830 1873 761 2643 1509 1555 2571 1674 304 1610 2411 1509 1541 2131 2121 2571 2606 1974 1215 1529 1701 602 1835 1324 287 2151 182 211 2774 120 558 1979 1869 1680 1357 1939 2692 1489 1949 2258 1860 2087 2828 1912 1604 2243 427 1098 1204 959 2043 2821 445 2328 2311 2636 2770 1018 927 392 1390 2118 2607 1866 924 1659 2539 2232 2519 2206 2845 1604 2206 2241 1033 1344 2012 1165 2172 1960 1964 980 2679 1068 513 2265 2695 2615 1730 1905 2709 1538 713 1422 1792 399 1826 2027 2350 2218 1522 901 2309 2008 1084 1867 1945 2702 1536 428 1987 1652 740 2272 1808 1807 2900 345 2037 2428 1902 404 1331 2589 2171 2458 2102 2001 2061 2320 1673 2677 1243 1438 1904 231 906 1802 1210 1199 855 2266 2141 1977 1243 2076 1792 97 1701 1909 1983 2048 421 435 915 2154 1790 2013
2152 0 1675 1936 2239 1361 2215 2293 1352 2761 2015 1484 1919 1110 1895 1176 1351 2520 2369 1664 1890 1521 2752 1649 1700 2164 2012 2326 2122 1328 2168 2257 2018 1316 1693 1865 2047 1011 1006 2389 1259 1423 1857 493 1853 2241 1125 760 2660 1363 1890 1207 2038 1116 1583 1751 168 2198 2233 1298 1498 1184 1004 1701 1622 1024 1931 2240 1998 1956 2454 2240 1703 339 1308 1639 964 374 2765 1531 467 1856 1555 2176 2917 1473 1329 1017 1909 1173 1551 1946 484 2894 1754 2284 2108 2725 2859 1370 1396 2002 1223 228 2563 1955 1359 1257 2495 2321 2146 2294 2442 1243 2295 1654 1751 1404 1610 1208 2128 1306 1928 1543 2317 1703 2241 2354 2784 2571 619 1503 2349 1351 2148 926 1881 2156 1334 316 1977 2173 1215 1464 983 1617 1499 1956 1687 2791 1144 1792 1415 559 1912 1899 1406 1404 2989 2102 2126 1794 541 1932 1490 2216 31 2546 381 1699 2150 2409 1271 2763 1170 1076 1836 1923 1502 1400 1252 1394 1401 347 2230 1575 1302 2058 1881 2213 1102 1507 2072 1674 2136 1859 1912 2243 820 1633
864 1675 0 1023 1391 1248 1924 1084 498 1851 1565 857 1459 1194 983 752 683 2140 1456 1599 977 856 1842 1074 782 1315 1373 1413 1663 821 960 1344 1559 808 1675 952 1431 914 1670 1476 1380 448 1006 1396 202 1950 851 1073 1747 833 592 945 1579 885 717 1298 1644 1738 1773 1322 374 729 1199 794 994 666 659 1327 725 683 1950 952 654 1502 1217 856 891 1462 1868 665 1472 1565 1019 1263 2004 1260 763 1592 701 594 406 333 1566 1997 421 1504 1487 1812 1946 366 920 668 1176 1641 1783 1042 884 1007 1715 1408 1686 1382 2152 847 1382 1589 249 503 1243 509 1348 1308 1140 279 1855 227 697 1441 1871 1791 1253 1254 1885 698 689 1200 968 680 1175 1550 1518 1394 808 213 1657 1170 264 1043 1113 1878 890 459 1335 1175 261 1440 1115 1114 2076 697 1213 1776 1425 723 507 1757 1694 1634 1625 1169 1237 1496 1016 1853 585 780 1080 651 173 1150 553 1097 791 1840 1317 1326 1141 1252 968 868 1220 1257 1159 1215 921 628 261 1330 1287 1180
1847 1936 1023 0 957 1359 1984 2083 598 1438 1214 898 1285 1818 306 859 775 1966 789 1709 280 770 1429 963 1781 881 960 746 1488 928 1959 677 1385 915 1785 90 1018 1200 1780 809 1491 752 874 1657 1201 1880 1143 1342 1335 940 1592 1055 1405 1144 601 1014 1904 1364 1558 1432 708 836 1504 1794 912 1145 1658 788 1724 1682 1549 1819 1653 1763 1328 747 1153 1722 1455 552 1732 1413 1012 596 1337 1370 864 1702 1700 1359 681 1076 1826 1584 1420 1091 1075 940 1279 1296 1582 1667 1845 1901 1370 337 1544 1117 1303 741 1512 714 2062 956 715 1699 882 700 1029 1399 936 1418 727 1124 1478 898 1409 1028 999 1378 1513 1364 1476 776 1279 1764 555 1477 1285 1811 1344 981 916 1143 1767 1073 1009 90 923 1211 1111 1458 1445 1435 1260 1266 1194 1196 1409 1585 730 1886 1685 1723 548 1583 1955 1221 1886 815 824 1058 1126 1440 1180 977 667 1650 1167 1261 1443 1757 1586 2100 650 1436 1802 839 555 1789 1479 1368 492 1041 1920 1627 1191 663 1595 832
2215 2239 1391 957 0 1571 1840 2452 967 674 911 1209 1141 2122 938 1228 1143 1822 1412 1667 932 988 677 819 2149 180 512 1369 1344 1230 2327 1300 1241 1259 1766 908 570 1504 1993 1354 1703 1121 675 1960 1570 1736 1439 1646 760 1203 1960 1282 1261 1458 951 870 2208 831 1069 1645 1077 1205 1740 2162 1099 1449 2027 507 2093 2051 1016 2188 2022 2066 1541 872 1457 2026 672 920 2036 1269 1196 1219 1960 1460 1233 1915 2068 1663 1050 1445 2130 800 1789 566 583 1109 1902 1664 1885 2036 2148 2205 665 997 1848 1330 777 1364 1368 1337 1918 1311 1338 1661 1250 1069 885 1702 410 1631 496 1492 945 1266 1777 295 1169 503 1817 1453 943 1145 1647 2068 449 1846 1498 2115 1200 419 1284 1512 1980 929 1377 999 779 1834 1441 1826 1658 1739 1629 1122 1061 1059 2032 1953 617 1867 1989 2091 916 1171 2259 646 2190 671 535 242 1328 688 1490 1345 438 2019 1535 1350 1747 2061 1890 2404 1273 1419 2105 406 435 2157 1710 1457 1115 897 2288 1995 1560 1286 1899 688
1900 1361 1248 1359 1571 0 984 2041 775 2100 1347 907 1251 1381 1319 599 774 1290 1792 464 1313 944 2103 981 1448 1496 1344 1749 1358 667 1916 1680 1350 648 540 1288 1379 737 515 1812 169 856 1280 1154 1426 1011 651 905 2055 705 1638 406 1363 651 1006 1083 1329 1530 1565 165 921 607 760 1449 979 707 1679 1634 1745 1703 1786 1988 1451 1325 253 1062 716 1284 2097 954 1294 1047 879 1599 2340 197 752 471 1657 921 974 1369 1166 2226 1484 1616 1440 2119 2282 949 1144 1716 1407 1326 1895 1378 1107 393 1827 1744 1478 1718 1212 579 1718 454 1174 827 942 961 1460 157 1260 1121 1649 1126 1701 1748 2178 1903 1075 262 1681 774 1571 1326 1242 1770 265 1373 1309 1505 656 1042 502 949 1077 1379 1019 2214 619 1506 192 998 1485 1231 709 708 2412 1816 1520 641 1115 1680 913 1548 1380 1941 1281 1031 1544 1789 478 2114 749 603 1168 1671 1081 484 1005 1319 1149 1656 1653 504 1364 1390 1274 1927 730 258 1495 1006 1884 1607 1484 1666 901 965
2617 2215 1924 1984 1840 984 0 2757 1454 2368 1470 1187 982 2097 1943 1315 1358 453 2417 722 1938 1341 2371 1279 2164 1764 1567 2374 521 1198 2633 2305 649 1227 785 1913 1504 1479 1378 2437 1012 1519 1584 1936 2102 174 1435 1621 2323 1170 2355 1254 656 1454 1526 1158 2183 1206 946 940 1592 1324 1631 2165 1105 1424 2396 1902 2462 2420 1167 2704 2167 2042 1201 1399 1432 2001 2365 1547 2011 988 1005 2224 2965 949 1291 1334 2374 1638 1647 2042 2029 2494 2200 1658 1585 2388 2907 1665 1861 2432 2123 2180 1942 2003 1823 1264 1800 2369 778 2342 376 1307 2343 710 1847 1488 1207 1678 1571 922 1528 1838 1050 1799 2374 2017 2447 2048 1792 921 1112 1358 2244 2043 1510 2443 1213 2090 719 1608 1373 1759 1365 1247 1794 2004 1305 2839 1438 2223 926 1714 2161 1054 828 830 3037 2533 1789 885 1964 2397 1591 930 2234 2209 2143 1299 1812 2058 1303 2382 1465 1355 1437 2388 1797 1027 1722 2036 1865 2379 2278 972 2081 1658 1542 2644 1602 917 2120 1075 2600 2324 2157 2291 1807 1233
472 2293 1084 2083 2452 2041 2757 0 1558 2912 2558 1917 2461 1521 2043 1718 1744 3063 2516 2391 2037 1917 2902 2135 742 2376 2434 2474 2664 1871 124 2404 2561 1858 2467 2013 2492 1544 2462 2536 2173 1509 2066 2014 980 2783 1664 1695 2808 1887 543 1750 2581 1650 1778 2294 2261 2740 2775 2114 1434 1727 1842 706 2055 1486 521 2388 493 467 2970 409 760 2120 2010 1916 1497 2079 2929 1726 2089 2399 2080 2324 3064 2052 1824 2384 383 1239 1466 1207 2184 3057 702 2565 2548 2873 3007 1264 1068 722 1503 2258 2844 2102 1065 1799 2776 2469 2688 2442 2985 1785 2443 2381 1296 1564 2152 1312 2409 2100 2201 1200 2860 1288 904 2502 2932 2851 1870 2046 2891 1758 1054 1562 2028 789 1967 2168 2520 2454 1758 1121 2449 2159 1304 2104 2173 2939 1677 738 2127 1793 987 2442 1949 1947 3137 735 2274 2568 2043 361 1568 2759 2312 2694 2243 2209 2297 2556 1813 2914 1488 1619 2141 470 1126 1943 1356 1285 1018 2406 2378 2118 1330 2312 2028 501 1841 2050 2219 2217 219 457 1135 2391 1931 2176
1339 1352 498 598 967 775 1454 1558 0 1426 1091 378 985 1235 558 276 211 1666 1031 1126 552 382 1417 600 1255 891 948 989 1188 351 1434 919 1085 338 1202 527 1006 617 1197 1051 907 206 561 1073 676 1480 560 759 1323 363 1067 472 1105 560 273 824 1321 1264 1299 849 168 253 921 1262 516 561 1133 902 1199 1157 1503 1358 1128 1179 744 410 570 1139 1443 220 1149 1086 541 838 1579 787 293 1119 1175 775 221 616 1243 1572 895 1080 1063 1387 1522 756 998 1142 1261 1318 1358 617 961 534 1291 984 1212 957 1682 373 958 1116 421 125 769 815 924 835 714 583 1384 373 948 1016 1447 1366 930 781 1415 226 818 1181 543 1017 702 1227 1044 969 332 603 1184 691 469 618 639 1453 528 933 862 852 735 966 646 644 1652 1124 789 1303 1102 1198 152 1283 1371 1209 1302 718 812 1071 543 1428 596 394 655 1125 627 677 859 1174 1003 1517 893 853 1218 827 543 1328 896 784 734 741 1395 1102 730 906 1012 706
2675 2761 1851 1438 674 2100 2368 2912 1426 0 1404 1726 1670 2644 1398 1688 1603 2350 1719 2195 1392 1516 100 1348 2609 851 1005 1829 1873 1752 2787 1760 1769 1744 2294 1368 1063 2025 2521 1561 2232 1580 1287 2482 2030 2264 1938 2168 298 1731 2420 1810 1789 1957 1429 1399 2729 1296 1488 2173 1536 1665 2268 2622 1628 1970 2486 748 2553 2511 1342 2647 2482 2588 2069 1485 1978 2547 116 1380 2557 1797 1724 1679 2419 1988 1693 2443 2528 2184 1510 1905 2652 245 2249 857 1070 1233 2362 2124 2407 2496 2670 2727 619 1457 2370 1859 682 1824 1887 1797 2446 1784 1601 2189 1710 1529 1413 2224 870 2159 1130 1952 1385 1726 2237 526 1292 428 2338 1982 1383 1604 2107 2589 937 2306 2026 2636 1728 897 1744 1971 2508 1457 1837 1459 1307 2294 1940 2286 2186 2261 2089 1650 1589 1588 2492 2413 1183 2395 2511 2551 1376 1591 2780 450 2711 1200 658 530 1857 160 2005 1805 1061 2479 1995 1878 2268 2582 2412 2925 1733 1948 2627 1077 936 2617 2238 1985 1575 1425 2748 2455 2020 1746 2420 1216
2398 2015 1565 1214 911 1347 1470 2558 1091 1404 0 934 608 1898 1174 1116 981 1452 1647 1443 1168 766 1407 551 1965 994 419 1605 975 1006 2434 1535 871 1035 1542 1143 356 1280 1769 1667 1479 1230 814 1737 1744 1366 1236 1422 1506 979 2134 1058 891 1255 1020 312 1984 702 979 1421 1243 1123 1516 1966 804 1225 2191 1133 2257 2215 986 2370 1968 1843 1317 849 1233 1802 1402 1033 1812 899 872 1454 2195 1236 1073 1691 2175 1439 1232 1627 1906 1530 1963 764 453 1618 2138 1466 1661 2210 1924 1981 1043 1233 1624 1106 975 1600 999 1573 1548 1108 1573 1437 1433 1181 410 1478 608 1407 746 1639 819 1440 1960 1148 1677 1112 1593 1229 817 966 1830 1844 740 2028 1274 1891 830 653 1174 1560 1756 660 1544 1234 510 2069 1239 2001 1434 1515 1803 723 831 831 2267 2136 1019 1643 1765 2198 1097 1027 2035 1392 1966 529 1043 1095 1104 1418 1266 1156 654 2183 1598 1126 1523 1837 1666 2180 1509 1195 1881 889 773 2340 1486 1233 1350 396 2401 2125 1742 1522 1675 441
1698 1484 857 898 1209 907 1187 1917 378 1726 934 0 882 1367 858 392 229 1492 1331 984 852 304 1717 430 1434 1133 978 1288 1085 336 1793 1219 981 364 1083 827 1012 749 1329 1351 1039 485 639 1206 1035 1213 692 891 1623 308 1426 592 1001 692 483 675 1453 1161 1196 981 527 385 1053 1435 157 694 1492 1202 1558 1516 1417 1717 1437 1312 877 363 702 1271 1725 438 1281 828 182 1138 1879 858 330 1251 1534 908 580 975 1375 1854 1254 1254 1074 1687 1821 928 1130 1502 1393 1450 1533 917 1093 666 1465 1283 1109 1257 1415 473 1257 978 780 448 524 947 1098 967 867 939 1280 732 1307 1316 1746 1540 1062 818 1312 221 1177 1313 843 1376 834 1360 940 1143 465 959 1316 332 828 918 469 1753 660 1292 994 984 1094 862 364 366 1951 1483 1081 1184 1234 1557 489 1179 1504 1509 1435 668 1112 1371 664 1728 728 526 797 1484 983 617 992 1306 1135 1649 1192 747 1350 1028 843 1687 1028 814 1034 638 1754 1461 1089 1205 1144 594
2292 1919 1459 1285 1141 1251 982 2461 985 1670 608 882 0 1801 1245 1016 875 965 1719 1281 1239 661 1673 555 1869 1066 764 1676 487 909 2337 1607 361 939 1379 1215 718 1183 1673 1738 1383 1124 886 1640 1638 879 1139 1326 1625 882 2028 961 407 1159 930 296 1887 532 652 1324 1138 1022 1419 1869 796 1128 2089 1204 2155 2113 836 2264 1871 1746 1220 793 1136 1705 1667 935 1715 540 864 1526 2267 1139 969 1594 2078 1342 1126 1521 1810 1796 1857 1111 815 1689 2209 1369 1565 2104 1828 1884 1388 1304 1527 1010 1307 1671 560 1644 1061 1011 1645 1274 1327 1075 402 1382 955 1310 830 1542 692 1334 1854 1318 1749 1449 1496 1133 708 860 1724 1747 812 1923 1177 1794 323 998 1077 1463 1659 665 1438 1306 515 2141 1142 1895 1337 1418 1697 164 741 739 2339 2030 1091 1480 1669 2101 991 635 1938 1511 1869 601 1114 1360 1008 1684 1170 1059 739 2081 1501 1029 1426 1740 1570 2083 1580 1099 1785 960 844 2234 1390 1137 1422 245 2305 2028 1636 1593 1578 533
1409 1110 1194 1818 2122 1381 2097 1521 1235 2644 1898 1367 1801 0 1778 1058 1233 2403 2251 1731 1772 1403 2634 1531 956 2046 1895 2209 2004 1211 1397 2139 1901 1198 1807 1748 1929 893 1473 2271 1513 1306 1739 957 1271 2124 1008 597 2543 1246 1136 1090 1921 999 1466 1634 1204 2080 2115 1454 1381 1067 830 935 1505 871 1188 2123 1254 1212 2336 1496 949 944 1350 1521 846 893 2648 1413 842 1739 1438 2059 2799 1392 1212 1484 1146 615 1433 1497 1126 2776 997 2167 1990 2608 2742 860 638 1244 112 1201 2446 1837 601 1139 2378 2204 2028 2177 2325 1125 2178 1721 1420 1286 1492 688 2011 1440 1811 1062 2200 1398 1513 2237 2667 2453 813 1386 2231 1233 1606 184 1763 1398 1307 965 1860 2056 1098 983 1450 1499 1166 1839 1570 2674 1026 1034 1467 735 1266 1782 1289 1287 2872 1344 2009 1908 985 1169 1372 2099 1142 2429 1186 1581 2032 2291 1153 2646 1016 959 1719 1180 1021 1283 733 328 658 1028 2113 1458 192 1941 1763 1455 1014 1390 1954 1557 1373 1103 1425 2126 850 1516
1807 1895 983 306 938 1319 1943 2043 558 1398 1174 858 1245 1778 0 819 734 1926 651 1669 108 729 1389 923 1741 863 920 560 1448 888 1919 439 1345 875 1745 216 978 1160 1740 662 1451 712 834 1617 1161 1840 1103 1302 1295 900 1551 1015 1365 1103 561 974 1864 1323 1518 1392 668 796 1464 1753 872 1105 1618 874 1684 1642 1509 1779 1613 1723 1288 707 1113 1682 1415 512 1692 1373 972 458 1199 1330 824 1662 1660 1319 641 1036 1786 1544 1380 1051 1035 1026 1141 1256 1541 1627 1804 1861 1330 90 1504 1077 1263 603 1472 577 2022 916 577 1659 842 660 988 1358 895 1378 687 1083 1438 857 1369 988 994 1338 1473 1324 1436 736 1239 1724 515 1437 1245 1771 1303 941 876 1103 1727 1033 969 326 883 1073 1071 1418 1405 1395 1220 1226 1154 1155 1271 1545 761 1846 1645 1683 508 1543 1915 1181 1846 775 784 1043 1086 1400 1139 937 627 1610 1127 1221 1403 1717 1546 2060 366 1396 1761 799 515 1748 1439 1328 354 1001 1880 1587 1151 394 1555 792
1574 1176 752 859 1228 599 1315 1718 276 1688 1116 392 1016 1058 819 0 258 1621 1292 944 813 428 1679 646 1125 1152 1112 1250 1219 180 1594 1181 1115 167 1025 789 1146 440 1020 1312 731 345 764 897 930 1341 366 582 1584 215 1307 267 1135 366 507 852 1144 1295 1330 672 419 97 744 1126 529 385 1357 1164 1423 1381 1551 1612 1128 1003 568 546 393 962 1705 454 972 957 554 1100 1840 605 236 942 1335 599 475 870 1066 1833 1141 1341 1207 1649 1783 614 822 1378 1085 1141 1620 878 784 357 1552 1245 1243 1218 1543 155 1219 934 675 321 710 639 1185 658 950 787 1414 626 1202 1278 1708 1627 753 599 1446 258 1072 1004 804 1271 525 1051 1074 1230 135 708 1007 703 700 880 684 1715 333 1169 685 675 989 996 507 505 1913 1378 1050 1126 925 1358 413 1313 1195 1470 1126 798 1073 1332 338 1690 414 212 908 1349 746 488 683 997 826 1340 1154 671 1042 1088 805 1577 719 602 996 771 1561 1285 984 1167 835 733
1524 1351 683 775 1143 774 1358 1744 211 1603 981 229 875 1233 734 258 0 1555 1208 1124 729 272 1594 490 1300 1067 974 1165 1078 254 1619 1096 974 242 1200 704 1009 615 1195 1228 906 314 613 1072 862 1384 558 757 1499 267 1252 453 994 559 369 714 1319 1154 1189 847 353 251 919 1301 367 560 1318 1079 1385 1343 1410 1544 1298 1178 743 395 568 1137 1620 316 1147 985 392 1015 1756 778 191 1117 1360 774 406 801 1241 1749 1081 1238 1070 1564 1698 794 997 1328 1259 1316 1517 794 959 532 1449 1160 1102 1133 1585 334 1134 1114 606 283 659 814 1082 833 831 759 1273 558 1134 1193 1623 1525 928 772 1305 15 1003 1179 720 1202 700 1226 933 1128 331 779 1182 542 650 795 528 1630 526 1118 860 850 920 855 549 547 1828 1309 965 1301 1100 1383 349 1172 1370 1385 1301 661 989 1248 529 1605 594 392 771 1310 804 657 858 1172 1001 1515 1069 844 1217 1003 720 1513 894 776 911 631 1580 1287 916 1082 1010 596
2922 2520 2140 1966 1822 1290 453 3063 1666 2350 1452 1492 965 2403 1926 1621 1555 0 2399 1027 1920 1341 2353 1338 2470 1746 1549 2356 503 1503 2938 2287 631 1532 1091 1895 1486 1784 1684 2419 1317 1805 1566 2241 2318 349 1740 1927 2305 1476 2660 1559 639 1760 1611 1141 2488 1188 929 1245 1818 1629 1937 2471 1411 1729 2701 1885 2767 2725 1150 2945 2473 2347 1506 1473 1737 2306 2348 1616 2316 1037 1310 2206 2947 1254 1596 1640 2679 1943 1807 2202 2334 2476 2506 1640 1567 2370 2889 1971 2166 2738 2429 2486 1924 1985 2129 1569 1782 2351 741 2325 529 1613 2325 1015 2007 1756 1189 1983 1554 1228 1511 2143 1033 2015 2535 1999 2429 2030 2097 1226 1094 1541 2404 2348 1492 2603 1518 2395 701 1590 1678 2064 1670 1448 2099 1986 1298 2821 1743 2528 1232 2020 2377 1036 1134 1135 3019 2710 1771 1191 2270 2702 1672 912 2539 2191 2449 1281 1795 2040 1609 2364 1771 1660 1419 2693 2103 1333 2027 2341 2171 2684 2260 1278 2386 1641 1524 2914 1907 1222 2102 1058 2906 2629 2317 2273 2112 1216
2280 2369 1456 789 1412 1792 2417 2516 1031 1719 1647 1331 1719 2251 651 1292 1208 2399 0 2142 645 1203 1710 1396 2214 1336 1393 525 1922 1361 2392 498 1818 1348 2218 699 1451 1633 2214 322 1924 1185 1307 2090 1634 2313 1577 1775 1526 1373 2025 1488 1838 1577 1034 1448 2337 1797 1991 1865 1141 1269 1937 2227 1345 1578 2091 1087 2157 2115 1982 2252 2086 2196 1761 1180 1586 2155 1736 985 2165 1846 1445 319 1077 1803 1298 2135 2133 1792 1114 1509 2260 1865 1853 1525 1508 695 1019 1729 2015 2101 2278 2334 1803 710 1977 1550 1736 469 1945 274 2495 1389 148 2132 1315 1134 1462 1832 1369 1851 1160 1557 1911 1331 1842 1309 663 1811 1946 1797 1909 1209 1712 2197 988 1911 1718 2244 1777 1414 1349 1576 2200 1506 1442 809 1356 951 1544 1891 1878 1868 1693 1699 1627 1629 1149 2018 1234 2319 2119 2156 981 2016 2388 1412 2319 1248 1088 1364 1559 1721 1613 1410 1100 2083 1600 1694 1876 2190 2019 2533 471 1869 2235 1272 988 2222 1912 1801 299 1474 2353 2060 1624 484 2028 1265
2251 1664 1599 1709 1667 464 722 2391 1126 2195 1443 984 1281 1731 1669 944 1124 1027 2142 0 1663 1138 2198 1076 1798 1591 1440 2100 1095 958 2267 2030 1220 935 214 1639 1474 1087 818 2162 452 1206 1411 1457 1777 748 1001 1255 2150 968 1989 757 1185 1001 1323 1179 1632 1625 1464 419 1271 958 1111 1799 903 1058 2030 1730 2096 2054 1685 2338 1801 1653 680 1196 1066 1624 2193 1304 1638 849 802 1950 2690 464 1066 774 2008 1272 1324 1719 1468 2321 1834 1712 1535 2215 2633 1299 1495 2066 1758 1629 1991 1728 1457 743 1923 2095 1352 2068 950 927 2069 107 1525 1177 1037 1312 1556 402 1356 1472 1568 1476 2052 1844 2274 1998 1426 436 1629 1124 1922 1677 1337 2120 692 1701 1146 1601 1007 1393 805 1044 1428 1730 1115 2565 969 1857 406 1348 1836 1171 626 627 2763 2167 1616 315 1418 2031 1263 1447 1683 2036 1583 1126 1640 1885 829 2209 1099 953 1264 2022 1431 572 1356 1670 1499 1961 2004 592 1715 1486 1370 2278 1081 433 1845 1102 2234 1958 1834 2017 1281 1061
1801 1890 977 280 932 1313 1938 2037 552 1392 1168 852 1239 1772 108 813 729 1920 645 1663 0 724 1383 917 1735 857 914 603 1442 882 1913 518 1339 869 1739 190 972 1154 1734 665 1445 706 828 1611 1155 1834 1097 1296 1289 894 1546 1009 1359 1098 555 968 1858 1318 1512 1386 662 790 1458 1748 866 1099 1612 868 1678 1636 1503 1773 1607 1717 1282 701 1107 1676 1409 506 1686 1367 966 452 1193 1324 818 1656 1654 1313 635 1030 1780 1538 1374 1045 1029 1119 1136 1250 1536 1621 1799 1855 1324 90 1498 1071 1257 597 1466 571 2016 910 571 1653 836 654 983 1353 890 1372 681 1078 1432 852 1363 982 1088 1332 1467 1318 1430 730 1233 1718 509 1431 1239 1765 1298 935 870 1097 1721 1027 963 300 877 1067 1065 1412 1399 1389 1214 1220 1148 1150 1265 1539 755 1840 1639 1677 502 1537 1909 1175 1840 769 778 1037 1080 1394 1133 931 621 1604 1121 1215 1397 1711 1540 2054 464 1390 1756 793 509 1743 1433 1322 348 995 1874 1581 1145 486 1549 786
1685 1521 856 770 988 944 1341 1917 382 1516 766 304 661 1403 729 428 272 1341 1203 1138 724 0 1519 271 1470 912 760 1160 864 429 1792 1091 760 417 1237 699 795 785 1365 1223 1076 521 473 1242 1035 1255 729 927 1471 442 1425 628 780 729 319 499 1489 939 974 1017 534 421 1089 1471 235 730 1492 1050 1558 1516 1195 1657 1473 1348 913 196 738 1307 1513 308 1317 788 335 1010 1751 953 366 1287 1534 944 520 915 1411 1642 1254 1032 856 1536 1693 964 1167 1501 1430 1486 1311 789 1129 702 1244 1155 887 1128 1437 509 1129 1132 720 472 440 984 876 1003 661 950 1059 731 1247 1165 1595 1319 1098 947 1091 257 1117 1349 658 1316 870 1396 719 922 501 969 1352 381 835 790 310 1625 696 1292 1030 1020 1094 641 517 519 1823 1423 913 1338 1271 1556 384 958 1540 1357 1471 447 960 1206 701 1530 765 562 585 1484 994 832 1028 1342 1171 1685 1064 901 1387 806 690 1627 1064 951 906 416 1753 1460 1029 1077 1180 381
2666 2752 1842 1429 677 2103 2371 2902 1417 100 1407 1717 1673 2634 1389 1679 1594 2353 1710 2198 1383 1519 0 1351 2600 854 1008 1820 1876 1747 2778 1750 1772 1734 2297 1358 1066 2016 2524 1552 2235 1571 1290 2473 2020 2267 1928 2159 263 1734 2411 1813 1792 1948 1420 1402 2720 1299 1491 2176 1527 1656 2271 2613 1631 1961 2477 739 2543 2501 1345 2638 2472 2579 2072 1487 1969 2538 181 1371 2548 1800 1727 1670 2410 1991 1684 2446 2519 2175 1500 1895 2643 261 2239 860 1073 1223 2353 2115 2398 2487 2661 2717 643 1448 2360 1861 706 1815 1890 1788 2449 1775 1591 2192 1701 1520 1416 2215 873 2162 1133 1943 1388 1717 2228 517 1283 452 2329 1985 1386 1595 2098 2580 928 2297 2029 2627 1731 900 1735 1962 2511 1460 1828 1450 1310 2285 1930 2277 2189 2251 2079 1653 1592 1591 2483 2404 1174 2398 2502 2542 1367 1594 2771 420 2702 1203 649 520 1859 73 1996 1796 1064 2469 1986 1881 2259 2573 2403 2916 1724 1950 2618 1080 927 2608 2241 1988 1565 1428 2739 2446 2010 1737 2411 1219
1907 1649 1074 963 819 981 1279 2135 600 1348 551 430 555 1531 923 646 490 1338 1396 1076 917 271 1351 0 1598 744 575 1354 861 638 2010 1284 757 635 1175 893 609 913 1402 1416 1113 739 432 1370 1253 1252 869 1055 1303 612 1643 691 777 888 493 304 1617 834 971 1054 752 639 1149 1599 300 858 1710 882 1776 1734 1141 1879 1601 1476 950 322 866 1435 1345 514 1445 785 401 1204 1944 869 584 1324 1751 1072 741 1136 1539 1474 1472 864 671 1367 1887 1099 1294 1719 1557 1614 1143 982 1257 739 1075 1349 885 1322 1434 727 1323 1070 942 690 189 1112 708 1040 508 1168 997 949 1469 996 1426 1151 1226 862 1010 475 1339 1477 490 1537 907 1524 716 753 719 1184 1389 130 1053 984 59 1819 871 1509 1067 1148 1312 626 470 469 2017 1644 768 1276 1398 1774 606 955 1668 1189 1599 279 792 1037 737 1362 899 780 416 1702 1212 759 1156 1470 1299 1813 1258 828 1515 638 522 1848 1119 866 1099 343 1971 1678 1251 1271 1308 184
589 1700 782 1781 2149 1448 2164 742 1255 2609 1965 1434 1869 956 1741 1125 1300 2470 2214 1798 1735 1470 2600 1598 0 2073 1962 2171 2072 1278 618 2102 1968 1265 1874 1710 1996 951 1870 2234 1580 1206 1764 1421 678 2191 1071 1103 2505 1313 401 1157 1988 1057 1475 1701 1668 2147 2182 1522 1132 1134 1249 198 1572 893 368 2085 434 392 2403 677 258 1527 1417 1588 904 1486 2626 1423 1496 1806 1505 2021 2762 1459 1279 1791 359 646 1164 904 1591 2755 399 2234 2058 2570 2704 842 475 647 938 1666 2513 1800 472 1207 2445 2166 2095 2140 2392 1192 2140 1788 993 1261 1560 719 2078 1507 1856 897 2267 985 915 2199 2629 2521 1277 1453 2299 1300 1030 969 1726 801 1374 1575 1927 2123 1165 818 1856 1567 1001 1801 1637 2636 1084 437 1534 1200 685 1849 1356 1354 2834 747 1971 1975 1450 381 1265 2166 1719 2392 1650 1649 1995 2254 1220 2611 1055 1026 1786 360 823 1350 763 747 425 1813 2075 1525 792 1990 1726 686 1248 1457 1917 1624 585 308 833 2088 1338 1583
2139 2164 1315 881 180 1496 1764 2376 891 851 994 1133 1066 2046 863 1152 1067 1746 1336 1591 857 912 854 744 2073 0 689 1293 1269 1154 2252 1224 1165 1184 1690 832 747 1428 1917 1334 1628 1045 599 1885 1494 1660 1363 1570 925 1127 1884 1206 1185 1383 875 795 2132 1008 1246 1569 1001 1129 1664 2086 1024 1373 1951 497 2017 1975 1193 2112 1946 1991 1465 796 1381 1950 849 845 1960 1193 1120 1143 1884 1384 1157 1839 1993 1587 974 1369 2054 977 1713 743 760 1116 1826 1589 1810 1960 2073 2129 842 922 1772 1254 955 1288 1293 1262 1842 1235 1262 1585 1175 993 809 1627 587 1555 420 1416 1122 1190 1702 460 1176 680 1741 1378 1120 1069 1571 1992 373 1770 1422 2039 1124 596 1208 1436 1904 853 1302 923 703 1758 1366 1751 1582 1663 1553 1046 985 984 1956 1877 541 1791 1913 2015 841 1311 2183 811 2114 596 568 407 1253 865 1414 1270 362 1943 1460 1274 1671 1985 1814 2328 1197 1343 2030 330 359 2081 1634 1381 1039 821 2212 1919 1484 1210 1823 612
2197 2012 1373 960 512 1344 1567 2434 948 1005 419 978 764 1895 920 1112 974 1549 1393 1440 914 760 1008 575 1962 689 0 1351 1072 1002 2309 1281 1010 1032 1538 890 77 1276 1766 1413 1476 1102 673 1733 1551 1463 1232 1419 1106 975 1942 1054 1031 1252 947 467 1980 423 700 1418 1058 1119 1512 1963 855 1221 2008 879 2075 2033 707 2169 1965 1839 1313 867 1229 1798 1002 902 1808 1041 955 1201 1941 1232 1069 1687 2050 1435 1032 1427 1903 1131 1771 390 139 1364 1884 1463 1658 2018 1921 1977 669 979 1621 1103 601 1346 1047 1319 1645 1105 1320 1433 1232 1051 544 1475 234 1403 523 1474 540 1248 1759 749 1423 739 1589 1226 539 960 1629 1840 487 1828 1270 1887 972 279 1170 1493 1752 684 1359 981 534 1816 1235 1808 1430 1512 1610 879 834 832 2014 1935 765 1639 1762 2073 898 803 2031 992 1962 480 789 695 1101 1019 1263 1152 447 2000 1517 1123 1519 1833 1663 2176 1255 1192 1878 617 519 2139 1483 1230 1096 552 2270 1977 1542 1268 1671 435
2237 2326 1413 746 1369 1749 2374 2474 989 1829 1605 1288 1676 2209 560 1250 1165 2356 525 2100 603 1160 1820 1354 2171 1293 1351 0 1879 1318 2349 142 1775 1306 2176 656 1409 1591 2171 587 1881 1143 1265 2047 1592 2270 1534 1733 1725 1331 1982 1446 1795 1534 991 1405 2295 1754 1948 1823 1099 1227 1895 2184 1302 1535 2049 1305 2115 2073 1940 2210 2044 2153 1718 1138 1544 2113 1846 942 2122 1804 1402 236 990 1761 1255 2093 2091 1749 1072 1467 2217 1975 1811 1482 1465 1042 932 1687 1972 2058 2235 2292 1761 630 1935 1508 1693 115 1903 429 2452 1347 494 2090 1272 1091 1419 1789 1326 1809 1118 1514 1869 1288 1800 1419 1010 1769 1903 1755 1867 1167 1669 2155 946 1868 1676 2201 1734 1371 1306 1534 2158 1464 1400 767 1313 854 1502 1849 1836 1826 1651 1656 1584 1586 1052 1975 1191 2277 2076 2113 939 1973 2345 1611 2276 1206 1215 1474 1517 1831 1570 1368 1058 2041 1558 1651 1833 2147 1977 2491 222 1827 2192 1229 946 2179 1870 1758 270 1432 2310 2017 1582 178 1986 1223
2495 2122 1663 1488 1344 1358 521 2664 1188 1873 975 1085 487 2004 1448 1219 1078 503 1922 1095 1442 864 1876 861 2072 1269 1072 1879 0 1112 2540 1810 154 1142 1159 1418 1009 1386 1752 1941 1385 1327 1089 1843 1841 417 1342 1529 1828 1085 2231 1164 161 1362 1133 663 2090 711 451 1313 1341 1225 1622 2072 1016 1331 2292 1407 2358 2316 672 2467 2074 1949 1423 996 1339 1908 1870 1138 1918 560 1092 1729 2470 1322 1172 1708 2281 1545 1329 1724 2013 1999 2060 1163 1090 1892 2412 1572 1768 2307 2031 2087 1446 1508 1730 1213 1305 1874 283 1847 599 1214 1848 1083 1530 1278 711 1585 1076 1296 1033 1745 555 1537 2057 1521 1952 1553 1699 1294 617 1063 1927 1950 1015 2126 1380 1997 224 1113 1280 1666 1738 970 1641 1509 820 2344 1345 2098 1300 1621 1900 559 922 923 2542 2233 1294 1259 1872 2304 1194 435 2141 1714 2072 804 1317 1563 1211 1887 1373 1262 942 2284 1704 1231 1629 1943 1773 2286 1783 1245 1988 1163 1047 2437 1593 1290 1625 580 2508 2231 1839 1796 1781 738
1661 1328 821 928 1230 667 1198 1871 351 1752 1006 336 909 1211 888 180 254 1503 1361 958 882 429 1747 638 1278 1154 1002 1318 1112 0 1746 1249 1009 30 1055 857 1037 586 1089 1381 799 415 765 1049 999 1224 458 735 1652 41 1389 269 1029 458 520 742 1296 1188 1223 741 489 241 836 1279 441 529 1456 1232 1522 1480 1444 1681 1281 1155 636 547 546 1114 1750 468 1124 839 459 1168 1909 592 195 1010 1487 751 543 938 1219 1878 1218 1275 1098 1717 1851 767 974 1465 1237 1294 1554 947 937 421 1486 1313 1136 1287 1426 150 1287 948 744 385 600 791 1119 726 919 875 1308 695 1271 1346 1776 1561 905 586 1339 254 1141 1157 873 1340 593 1203 968 1164 240 860 1075 604 770 948 676 1783 426 1256 754 828 1058 890 389 388 1981 1447 1119 1155 1078 1510 488 1207 1347 1539 1278 689 1142 1401 344 1758 567 316 827 1448 899 463 835 1149 979 1493 1222 658 1194 1049 873 1651 806 590 1064 665 1714 1425 1053 1235 987 624
477 2168 960 1959 2327 1916 2633 124 1434 2787 2434 1793 2337 1397 1919 1594 1619 2938 2392 2267 1913 1792 2778 2010 618 2252 2309 2349 2540 1746 0 2280 2436 1734 2343 1888 2367 1419 2338 2412 2048 1385 1942 1889 856 2659 1539 1571 2684 1763 418 1626 2456 1525 1653 2169 2137 2616 2651 1990 1310 1603 1717 582 1931 1361 396 2263 385 343 2846 524 636 1995 1885 1792 1373 1955 2804 1601 1965 2274 1955 2199 2940 1928 1699 2260 259 1114 1342 1082 2059 2933 577 2440 2424 2748 2882 1139 943 637 1378 2134 2719 1978 941 1675 2652 2344 2564 2318 2861 1661 2318 2257 1171 1440 2028 1188 2284 1976 2076 1075 2735 1163 906 2377 2807 2727 1746 1922 2767 1634 1135 1438 1904 791 1843 2044 2395 2330 1633 996 2325 2035 1179 1979 2049 2814 1552 615 2003 1668 863 2317 1824 1823 3012 737 2150 2444 1918 236 1443 2634 2188 2570 2119 2084 2173 2432 1689 2789 1364 1495 2016 346 1001 1818 1232 1160 893 2282 2253 1994 1205 2188 1904 574 1717 1925 2095 2093 95 332 1011 2266 1806 2051
2168 2257 1344 677 1300 1680 2305 2404 919 1760 1535 1219 1607 2139 439 1181 1096 2287 498 2030 518 1091 1750 1284 2102 1224 1281 142 1810 1249 2280 0 1706 1237 2106 587 1339 1521 2102 518 1812 1073 1195 1978 1522 2201 1465 1664 1656 1261 1913 1376 1726 1465 922 1336 2225 1685 1879 1753 1029 1158 1826 2115 1233 1466 1979 1235 2045 2003 1870 2140 1974 2084 1649 1068 1474 2043 1777 873 2053 1734 1333 304 1052 1691 1186 2023 2021 1680 1003 1398 2148 1905 1741 1413 1396 972 995 1617 1903 1989 2166 2222 1692 510 1865 1439 1624 233 1834 424 2383 1277 424 2020 1203 1022 1350 1720 1257 1739 1048 1445 1799 1219 1730 1350 940 1699 1834 1685 1797 1097 1600 2085 876 1799 1606 2132 1665 1302 1237 1464 2088 1394 1330 697 1244 927 1432 1779 1766 1756 1581 1587 1515 1517 1125 1906 1122 2207 2007 2044 869 1904 2276 1542 2207 1137 1145 1404 1447 1761 1501 1298 988 1971 1488 1582 1764 2078 1908 2421 129 1757 2123 1160 876 2110 1800 1689 201 1362 2241 1948 1512 57 1916 1153
2391 2018 1559 1385 1241 1350 649 2561 1085 1769 871 981 361 1901 1345 1115 974 631 1818 1220 1339 760 1772 757 1968 1165 1010 1775 154 1009 2436 1706 0 1038 1287 1314 965 1283 1772 1838 1449 1224 985 1739 1737 545 1239 1425 1724 981 2128 1061 49 1258 1030 560 1987 667 407 1378 1237 1122 1519 1969 913 1227 2188 1304 2254 2212 628 2364 1971 1845 1319 892 1236 1805 1767 1035 1814 483 989 1625 2366 1238 1069 1694 2177 1441 1226 1621 1909 1895 1956 1119 1045 1789 2308 1469 1664 2204 1927 1984 1402 1404 1627 1109 1261 1770 239 1744 727 1111 1744 1210 1426 1175 608 1481 1032 1360 930 1641 511 1434 1954 1418 1848 1509 1595 1232 573 960 1823 1847 911 2022 1277 1893 114 1069 1177 1562 1759 867 1538 1405 717 2240 1241 1994 1364 1518 1796 482 840 838 2438 2129 1190 1387 1768 2200 1091 391 2037 1610 1968 700 1214 1459 1107 1783 1269 1158 838 2180 1601 1129 1525 1840 1669 2183 1680 1168 1884 1060 943 2333 1489 1233 1521 477 2404 2127 1736 1693 1678 635
1649 1316 808 915 1259 648 1227 1858 338 1744 1035 364 939 1198 875 167 242 1532 1348 935 869 417 1734 635 1265 1184 1032 1306 1142 30 1734 1237 1038 0 1031 845 1066 573 1070 1368 780 403 753 1037 987 1253 446 722 1640 70 1377 255 1058 446 508 771 1284 1217 1252 722 476 228 816 1266 471 517 1443 1220 1510 1468 1473 1669 1268 1143 617 535 533 1102 1758 455 1112 868 488 1156 1896 569 182 991 1475 739 531 926 1206 1887 1206 1304 1128 1705 1839 754 962 1453 1225 1281 1583 934 924 402 1515 1301 1166 1274 1455 138 1275 925 732 373 630 779 1148 707 948 862 1337 683 1259 1334 1764 1591 893 563 1369 242 1128 1144 860 1327 574 1191 997 1193 228 848 1056 633 758 936 673 1771 413 1243 734 815 1046 919 419 417 1969 1434 1106 1132 1065 1498 476 1236 1335 1526 1266 719 1129 1388 330 1746 554 304 856 1436 886 440 823 1137 966 1480 1210 635 1182 1078 861 1638 787 567 1052 694 1701 1412 1041 1223 975 653
2327 1693 1675 1785 1766 540 785 2467 1202 2294 1542 1083 1379 1807 1745 1025 1200 1091 2218 214 1739 1237 2297 1175 1874 1690 1538 2176 1159 1055 2343 2106 1287 1031 0 1714 1573 1163 847 2238 481 1282 1510 1486 1853 811 1077 1331 2249 1067 2065 833 1284 1077 1422 1277 1661 1724 1546 455 1347 1034 1187 1875 1001 1134 2106 1829 2172 2130 1767 2414 1877 1688 756 1295 1142 1670 2291 1380 1689 947 901 2026 2766 561 1153 803 2084 1348 1400 1795 1497 2420 1910 1810 1634 2314 2709 1375 1570 2142 1833 1658 2089 1804 1533 819 2022 2171 1415 2144 1013 1005 2145 173 1601 1253 1136 1388 1655 462 1454 1548 1650 1552 2128 1943 2373 2097 1502 533 1711 1200 1998 1753 1436 2196 768 1736 1244 1700 1083 1469 834 1143 1504 1806 1214 2641 1045 1933 482 1424 1912 1270 724 726 2839 2243 1715 101 1447 2107 1339 1529 1712 2135 1612 1225 1738 1984 905 2308 1175 1029 1363 2098 1507 668 1432 1746 1575 1990 2080 689 1791 1584 1468 2354 1157 529 1921 1201 2310 2034 1910 2093 1333 1159
1776 1865 952 90 908 1288 1913 2013 527 1368 1143 827 1215 1748 216 789 704 1895 699 1639 190 699 1358 893 1710 832 890 656 1418 857 1888 587 1314 845 1714 0 948 1129 1710 719 1420 681 803 1586 1131 1809 1073 1272 1264 870 1521 985 1334 1073 530 944 1833 1293 1487 1362 637 766 1434 1723 841 1074 1587 844 1654 1612 1479 1748 1583 1692 1257 676 1082 1651 1385 481 1661 1342 941 506 1247 1300 794 1631 1629 1288 611 1006 1756 1513 1350 1021 1004 1030 1189 1225 1511 1597 1774 1830 1300 248 1474 1047 1232 651 1442 625 1991 885 625 1629 811 630 958 1328 865 1347 657 1053 1408 827 1338 958 1062 1307 1442 1293 1406 705 1208 1693 484 1407 1214 1740 1273 910 845 1072 1696 1002 938 110 852 1121 1041 1387 1375 1365 1190 1195 1123 1125 1319 1514 730 1815 1615 1652 477 1512 1884 1150 1815 745 753 1012 1055 1370 1109 906 597 1580 1096 1190 1372 1686 1516 2029 560 1365 1731 768 484 1718 1409 1297 402 971 1849 1556 1121 573 1524 761
2255 2047 1431 1018 570 1379 1504 2492 1006 1063 356 1012 718 1929 978 1146 1009 1486 1451 1474 972 795 1066 609 1996 747 77 1409 1009 1037 2367 1339 965 1066 1573 948 0 1311 1800 1471 1511 1160 731 1768 1609 1400 1267 1453 1164 1010 2000 1089 972 1286 1005 422 2015 360 638 1452 1116 1154 1547 1997 890 1256 2066 937 2133 2091 644 2227 1999 1874 1348 908 1264 1833 1060 960 1843 1010 981 1259 1999 1267 1103 1722 2108 1470 1090 1485 1937 1189 1829 407 102 1422 1942 1497 1693 2076 1955 2012 686 1037 1655 1137 619 1404 985 1377 1582 1139 1378 1468 1290 1109 520 1510 252 1438 581 1532 478 1306 1817 807 1481 756 1624 1261 476 994 1687 1875 545 1886 1305 1922 940 297 1205 1551 1787 719 1417 1039 569 1874 1270 1866 1465 1546 1668 834 868 867 2072 1993 823 1674 1796 2131 956 740 2066 1050 1997 528 847 753 1135 1077 1297 1187 505 2058 1575 1157 1554 1868 1697 2211 1313 1226 1913 675 577 2197 1517 1264 1154 506 2328 2035 1600 1326 1706 470
