NAME: zurich_50_12
COMMENT: TSP instance with 50 nodes. City: Zurich, Switzerland, Seed: 54
TYPE: TSP
DIMENSION: 50
EDGE_WEIGHT_TYPE: EXPLICIT
EDGE_WEIGHT_FORMAT: FULL_MATRIX
NODE_COORD_SECTION:
1 47.3503985 8.5249834
2 47.3401549 8.2976598
3 47.5174071 8.6450982
4 47.4716406 8.3070807
5 47.4527611 8.5733121
6 47.4066284 8.2816413
7 47.4210927 8.3059604
8 47.4414261 8.5251092
9 47.3289791 8.5411551
10 47.3359307 8.2998712
11 47.3871949 8.7829032
12 47.2869704 8.4395238
13 47.2050014 8.5787428
14 47.2430747 8.6476451
15 47.3740333 8.4115753
16 47.3386745 8.6208801
17 47.2401255 8.6589993
18 47.3191429 8.5206969
19 47.3248241 8.6532285
20 47.4506893 8.3726781
21 47.2666282 8.689026
22 47.4422709 8.584597
23 47.4166199 8.44688
24 47.4602594 8.3271185
25 47.3241458 8.3789176
26 47.3898295 8.7479021
27 47.2694402 8.6472688
28 47.4954112 8.7230117
29 47.2465832 8.7565831
30 47.4311352 8.5636613
31 47.378634 8.519498
32 47.5143711 8.6414081
33 47.3866835 8.541561
34 47.2325743 8.3481473
35 47.4781108 8.3063811
36 47.3588044 8.27702
37 47.4053404 8.4478271
38 47.3747769 8.5516981
39 47.3448875 8.4707814
40 47.4369608 8.4624283
41 47.4050002 8.2758586
42 47.2925198 8.7702428
43 47.2885367 8.4314378
44 47.4269009 8.7706221
45 47.3956824 8.442861
46 47.5078957 8.7121092
47 47.2600585 8.5988803
48 47.4042894 8.7630257
49 47.2399181 8.6398366
50 47.263062 8.4236031
EDGE_WEIGHT_SECTION:
0 1244 1507 1107 797 1390 1288 946 342 1275 1564 755 1148 843 710 856 864 362 972 1043 1563 841 823 1103 818 1329 1297 1324 1689 782 254 1477 391 1302 1165 1214 695 389 598 963 1386 1487 816 1486 690 1393 779 1476 761 769
1244 0 2376 1277 1654 724 834 1596 1284 92 2512 1104 2025 1785 1033 1928 1806 1380 2045 1506 2636 1699 1316 1458 726 2276 2369 2271 2762 1565 1334 2333 1471 838 1335 266 1185 1462 1154 1555 720 2560 1069 2433 1159 2340 1721 2423 1702 1041
1507 2376 0 1783 763 2456 2150 1167 1685 2407 1196 2072 2492 2187 1634 1593 2207 1705 1660 1718 2076 835 1383 1779 1950 960 2018 589 2047 891 1308 43 1177 2630 1841 2346 1399 1289 1923 1335 2452 1657 2134 1059 1515 374 2123 1049 2104 2097
1107 1277 1783 0 1061 878 497 1003 1250 1291 1919 1267 2056 1751 829 1656 1772 1345 1773 475 2372 1106 836 206 1145 1683 2105 1678 2431 971 922 1740 1045 1825 68 1012 751 1165 1120 884 874 2040 1329 1840 737 1747 1687 1830 1669 1292
797 1654 763 1061 0 1733 1428 445 976 1685 1150 1350 1782 1477 911 1039 1498 996 1106 996 1658 159 660 1056 1228 915 1590 910 1663 169 599 720 468 1907 1118 1624 677 579 1203 612 1729 1272 1411 1072 792 979 1413 1062 1394 1375
1390 724 2456 878 1733 0 435 1676 1430 738 2591 1412 2236 1931 1170 2075 1952 1527 2191 1256 2782 1779 1401 1058 909 2356 2516 2350 2908 1644 1480 2413 1617 1426 935 458 1320 1608 1300 1623 62 2704 1390 2512 1305 2420 1867 2502 1849 1372
1288 834 2150 497 1428 435 0 1370 1328 848 2286 1301 2134 1829 904 1972 1850 1425 2089 893 2680 1473 1133 678 798 2051 2414 2045 2780 1339 1289 2108 1412 1536 555 568 1052 1506 1198 1297 431 2408 1279 2207 1062 2115 1765 2197 1746 1351
946 1596 1167 1003 445 1676 1370 0 1124 1627 1308 1292 1930 1625 854 1197 1646 1144 1264 795 1815 493 603 941 1170 1073 1739 1068 1821 350 706 1124 589 1850 1061 1566 619 719 1145 393 1672 1430 1354 1230 735 1137 1562 1220 1543 1317
342 1284 1685 1250 976 1430 1328 1124 0 1315 1743 795 1048 743 750 959 764 316 1076 1185 1666 1020 995 1246 858 1508 1400 1502 1793 960 433 1656 570 1342 1308 1254 864 493 638 1142 1427 1590 856 1664 838 1572 679 1654 661 810
1275 92 2407 1291 1685 738 848 1627 1315 0 2543 1061 1986 1816 1064 1959 1837 1411 2076 1537 2667 1730 1347 1472 683 2307 2400 2302 2793 1595 1365 2364 1502 802 1349 280 1216 1493 1185 1586 735 2590 1026 2464 1190 2371 1752 2454 1733 1002
1564 2512 1196 1919 1150 2591 2286 1308 1743 2543 0 2155 2549 2244 1769 1242 2265 1763 1110 1854 1448 1194 1518 1914 2086 238 1390 1013 1349 1137 1366 1238 1234 2703 1976 2482 1535 1346 1999 1470 2587 943 2217 406 1650 1082 2180 208 2161 2170
755 1104 2072 1267 1350 1412 1301 1292 795 1061 2155 0 1050 1296 765 1439 1316 891 1556 1203 2147 1395 1012 1263 554 1920 1880 1915 2273 1261 845 2030 982 814 1325 1236 881 973 553 1252 1408 2070 61 2077 855 1984 1232 2067 1213 313
1148 2025 2492 2056 1782 2236 2134 1930 1048 1986 2549 1050 0 787 1556 1833 807 909 1950 1992 2540 1826 1801 2052 1541 2314 2274 2309 2666 1766 1239 2462 1376 1488 2114 2060 1670 1367 1341 1948 2233 2464 1111 2470 1644 2378 759 2461 704 1038
843 1785 2187 1751 1477 1931 1829 1625 743 1816 2244 1296 787 0 1251 1528 100 764 1645 1687 2235 1521 1496 1747 1359 2009 1969 2004 2361 1461 934 2157 1071 1843 1809 1755 1365 1062 1139 1643 1928 2159 1357 2165 1339 2073 350 2156 106 1311
710 1033 1634 829 911 1170 904 854 750 1064 1769 765 1556 1251 0 1395 1272 847 1511 764 2102 957 545 824 650 1534 1836 1529 2228 822 767 1591 902 1330 886 1003 414 928 588 813 1167 1891 826 1691 347 1598 1187 1681 1169 797
856 1928 1593 1656 1039 2075 1972 1197 959 1959 1242 1439 1833 1528 1395 0 1548 1047 189 1591 810 1083 1338 1651 1502 1006 712 1410 906 1025 757 1635 676 1986 1713 1898 1207 578 1282 1337 2071 704 1500 1320 1243 1479 1464 1234 1445 1454
864 1806 2207 1772 1498 1952 1850 1646 764 1837 2265 1316 807 100 1272 1548 0 785 1665 1707 2256 1542 1517 1768 1380 2029 1990 2024 2382 1482 954 2178 1091 1864 1829 1776 1386 1082 1160 1663 1948 2180 1378 2186 1360 2093 322 2176 127 1331
362 1380 1705 1345 996 1527 1425 1144 316 1411 1763 891 909 764 847 1047 785 0 1164 1280 1754 1040 1043 1340 955 1528 1488 1522 1880 980 453 1676 590 1439 1402 1350 914 581 734 1161 1523 1678 953 1684 923 1592 700 1674 681 906
972 2045 1660 1773 1106 2191 2089 1264 1076 2076 1110 1556 1950 1645 1511 189 1665 1164 0 1708 638 1150 1454 1768 1619 922 529 1477 734 1092 873 1702 793 2103 1830 2015 1323 694 1399 1426 2188 532 1617 1199 1360 1546 1581 1111 1562 1571
1043 1506 1718 475 996 1256 893 795 1185 1537 1854 1203 1992 1687 764 1591 1707 1280 1708 0 2307 1041 673 364 1081 1618 2041 1613 2366 907 857 1676 980 1760 540 1389 674 1100 1055 611 1252 1975 1264 1775 670 1682 1623 1765 1604 1227
1563 2636 2076 2372 1658 2782 2680 1815 1666 2667 1448 2147 2540 2235 2102 810 2256 1754 638 2307 0 1702 2025 2367 2210 1259 333 1893 560 1644 1464 2119 1414 2694 2429 2606 1922 1315 1990 1978 2778 729 2208 1537 1951 1962 2171 1448 2153 2161
841 1699 835 1106 159 1779 1473 493 1020 1730 1194 1395 1826 1521 957 1083 1542 1040 1150 1041 1702 0 706 1102 1273 959 1634 954 1707 198 643 793 512 1953 1164 1669 722 623 1248 658 1775 1316 1457 1116 838 1023 1457 1106 1438 1420
823 1316 1383 836 660 1401 1133 603 995 1347 1518 1012 1801 1496 545 1338 1517 1043 1454 673 2025 706 0 818 890 1283 1787 1278 2030 571 603 1340 697 1570 893 1286 131 828 863 519 1398 1640 1074 1439 255 1347 1432 1430 1414 1037
1103 1458 1779 206 1056 1058 678 941 1246 1472 1914 1263 2052 1747 824 1651 1768 1340 1768 364 2367 1102 818 0 1141 1679 2101 1674 2426 967 917 1736 1040 1820 271 1192 746 1160 1116 788 1055 2036 1324 1835 732 1743 1683 1826 1664 1288
818 726 1950 1145 1228 909 798 1170 858 683 2086 554 1541 1359 650 1502 1380 955 1619 1081 2210 1273 890 1141 0 1851 1944 1845 2336 1139 908 1908 1045 841 1203 733 759 1036 728 1130 905 2134 532 2007 733 1914 1295 1997 1276 603
1329 2276 960 1683 915 2356 2051 1073 1508 2307 238 1920 2314 2009 1534 1006 2029 1528 922 1618 1259 959 1283 1679 1851 0 1202 777 1245 902 1131 1003 999 2467 1741 2246 1300 1111 1763 1235 2352 854 1981 318 1415 847 1945 230 1926 1935
1297 2369 2018 2105 1590 2516 2414 1739 1400 2400 1390 1880 2274 1969 1836 712 1990 1488 529 2041 333 1634 1787 2101 1944 1202 0 1835 744 1575 1198 2061 1182 2428 2163 2339 1656 1084 1723 1842 2512 790 1942 1479 1684 1904 1905 1391 1886 1895
1324 2271 589 1678 910 2350 2045 1068 1502 2302 1013 1915 2309 2004 1529 1410 2024 1522 1477 1613 1893 954 1278 1674 1845 777 1835 0 1864 896 1125 632 994 2462 1735 2241 1294 1106 1758 1230 2347 1474 1976 801 1410 244 1940 866 1921 1930
1689 2762 2047 2431 1663 2908 2780 1821 1793 2793 1349 2273 2666 2361 2228 906 2382 1880 734 2366 560 1707 2030 2426 2336 1245 744 1864 0 1649 1590 2090 1510 2820 2488 2732 2040 1411 2116 1983 2905 431 2334 1522 2077 1934 2298 1434 2279 2288
782 1565 891 971 169 1644 1339 350 960 1595 1137 1261 1766 1461 822 1025 1482 980 1092 907 1644 198 571 967 1139 902 1575 896 1649 0 580 848 441 1818 1029 1534 588 564 1114 523 1640 1259 1322 1058 703 966 1397 1048 1379 1285
254 1334 1308 922 599 1480 1289 706 433 1365 1366 845 1239 934 767 757 954 453 873 857 1464 643 603 917 908 1131 1198 1125 1590 580 0 1279 242 1392 979 1304 472 286 688 751 1477 1388 906 1287 513 1195 870 1277 851 860
1477 2333 43 1740 720 2413 2108 1124 1656 2364 1238 2030 2462 2157 1591 1635 2178 1676 1702 1676 2119 793 1340 1736 1908 1003 2061 632 2090 848 1279 0 1147 2587 1798 2303 1357 1259 1883 1292 2409 1700 2091 1102 1472 417 2093 1092 2074 2054
391 1471 1177 1045 468 1617 1412 589 570 1502 1234 982 1376 1071 902 676 1091 590 793 980 1414 512 697 1040 1045 999 1182 994 1510 441 242 1147 0 1529 1102 1441 595 139 825 662 1614 1308 1043 1156 661 1063 1007 1146 988 997
1302 838 2630 1825 1907 1426 1536 1850 1342 802 2703 814 1488 1843 1330 1986 1864 1439 2103 1760 2694 1953 1570 1820 841 2467 2428 2462 2820 1818 1392 2587 1529 0 1882 1026 1438 1520 1152 1809 1422 2618 779 2624 1412 2531 1779 2614 1760 533
1165 1335 1841 68 1118 935 555 1061 1308 1349 1976 1325 2114 1809 886 1713 1829 1402 1830 540 2429 1164 893 271 1203 1741 2163 1735 2488 1029 979 1798 1102 1882 0 1069 808 1222 1178 949 932 2098 1386 1897 794 1805 1745 1887 1726 1350
1214 266 2346 1012 1624 458 568 1566 1254 280 2482 1236 2060 1755 1003 1898 1776 1350 2015 1389 2606 1669 1286 1192 733 2246 2339 2241 2732 1534 1304 2303 1441 1026 1069 0 1155 1432 1124 1525 455 2529 1214 2403 1129 2310 1691 2393 1672 1207
695 1185 1399 751 677 1320 1052 619 864 1216 1535 881 1670 1365 414 1207 1386 914 1323 674 1922 722 131 746 759 1300 1656 1294 2040 588 472 1357 595 1438 808 1155 0 715 732 535 1317 1657 943 1456 123 1364 1301 1446 1282 906
389 1462 1289 1165 579 1608 1506 719 493 1493 1346 973 1367 1062 928 578 1082 581 694 1100 1315 623 828 1160 1036 1111 1084 1106 1411 564 286 1259 139 1520 1222 1432 715 0 816 801 1605 1209 1034 1268 765 1175 998 1258 979 988
598 1154 1923 1120 1203 1300 1198 1145 638 1185 1999 553 1341 1139 588 1282 1160 734 1399 1055 1990 1248 863 1116 728 1763 1723 1758 2116 1114 688 1883 825 1152 1178 1124 732 816 0 1105 1297 1914 614 1920 704 1827 1075 1910 1056 620
963 1555 1335 884 612 1623 1297 393 1142 1586 1470 1252 1948 1643 813 1337 1663 1161 1426 611 1978 658 519 788 1130 1235 1842 1230 1983 523 751 1292 662 1809 949 1525 535 801 1105 0 1619 1592 1313 1392 659 1299 1579 1382 1560 1276
1386 720 2452 874 1729 62 431 1672 1427 735 2587 1408 2233 1928 1167 2071 1948 1523 2188 1252 2778 1775 1398 1055 905 2352 2512 2347 2905 1640 1477 2409 1614 1422 932 455 1317 1605 1297 1619 0 2701 1386 2509 1302 2416 1864 2499 1845 1369
1487 2560 1657 2040 1272 2704 2408 1430 1590 2590 943 2070 2464 2159 1891 704 2180 1678 532 1975 729 1316 1640 2036 2134 854 790 1474 431 1259 1388 1700 1308 2618 2098 2529 1657 1209 1914 1592 2701 0 2132 1131 1772 1543 2095 1043 2076 2085
816 1069 2134 1329 1411 1390 1279 1354 856 1026 2217 61 1111 1357 826 1500 1378 953 1617 1264 2208 1457 1074 1324 532 1981 1942 1976 2334 1322 906 2091 1043 779 1386 1214 943 1034 614 1313 1386 2132 0 2138 916 2045 1293 2128 1274 297
1486 2433 1059 1840 1072 2512 2207 1230 1664 2464 406 2077 2470 2165 1691 1320 2186 1684 1199 1775 1537 1116 1439 1835 2007 318 1479 801 1522 1058 1287 1102 1156 2624 1897 2403 1456 1268 1920 1392 2509 1131 2138 0 1571 869 2101 203 2083 2092
690 1159 1515 737 792 1305 1062 735 838 1190 1650 855 1644 1339 347 1243 1360 923 1360 670 1951 838 255 732 733 1415 1684 1410 2077 703 513 1472 661 1412 794 1129 123 765 704 659 1302 1772 916 1571 0 1479 1275 1562 1256 880
1393 2340 374 1747 979 2420 2115 1137 1572 2371 1082 1984 2378 2073 1598 1479 2093 1592 1546 1682 1962 1023 1347 1743 1914 847 1904 244 1934 966 1195 417 1063 2531 1805 2310 1364 1175 1827 1299 2416 1543 2045 869 1479 0 2009 935 1990 1999
779 1721 2123 1687 1413 1867 1765 1562 679 1752 2180 1232 759 350 1187 1464 322 700 1581 1623 2171 1457 1432 1683 1295 1945 1905 1940 2298 1397 870 2093 1007 1779 1745 1691 1301 998 1075 1579 1864 2095 1293 2101 1275 2009 0 2092 325 1247
1476 2423 1049 1830 1062 2502 2197 1220 1654 2454 208 2067 2461 2156 1681 1234 2176 1674 1111 1765 1448 1106 1430 1826 1997 230 1391 866 1434 1048 1277 1092 1146 2614 1887 2393 1446 1258 1910 1382 2499 1043 2128 203 1562 935 2092 0 2073 2082
761 1702 2104 1669 1394 1849 1746 1543 661 1733 2161 1213 704 106 1169 1445 127 681 1562 1604 2153 1438 1414 1664 1276 1926 1886 1921 2279 1379 851 2074 988 1760 1726 1672 1282 979 1056 1560 1845 2076 1274 2083 1256 1990 325 2073 0 1228
769 1041 2097 1292 1375 1372 1351 1317 810 1002 2170 313 1038 1311 797 1454 1331 906 1571 1227 2161 1420 1037 1288 603 1935 1895 1930 2288 1285 860 2054 997 533 1350 1207 906 988 620 1276 1369 2085 297 2092 880 1999 1247 2082 1228 0
OSM_IDS: 177012625 2030307982 431282808 6486270147 6960559344 1082760646 293843243 2322336960 471304639 1098677241 286532673 279378839 60522555 8751155734 2787524735 100226812 549066184 420075645 1509997201 370450586 207714719 101728599 336449391 385066146 2006437582 33094617 1011611854 25429348 765878517 353079099 455526 302510768 26852721 254288783 162795865 1052378867 310612648 27553521 285898238 2350738828 1082760736 260655218 2035426283 309112429 311965986 25430151 6593472191 306242303 549066123 1210534958
GRAPHML_FILE: data/tsp_dataset/graph_zurich_dist_20000.graphml
EOF