NAME: zurich_50_28
COMMENT: TSP instance with 50 nodes. City: Zurich, Switzerland, Seed: 70
TYPE: TSP
DIMENSION: 50
EDGE_WEIGHT_TYPE: EXPLICIT
EDGE_WEIGHT_FORMAT: FULL_MATRIX
NODE_COORD_SECTION:
1 47.3722717 8.5117835
2 47.5487953 8.7164985
3 47.3098634 8.7244047
4 47.2747726 8.6345922
5 47.454223 8.2857637
6 47.264627 8.6798885
7 47.4050935 8.5652359
8 47.2005769 8.5142202
9 47.4480415 8.581878
10 47.3017846 8.3088377
11 47.3500047 8.5278745
12 47.3986007 8.776337
13 47.4929814 8.7323178
14 47.4141214 8.6217662
15 47.3960035 8.5268138
16 47.4267572 8.4705312
17 47.514766 8.3689082
18 47.4218308 8.2779346
19 47.5433446 8.3789044
20 47.5080071 8.5471098
21 47.5197598 8.5165594
22 47.3860675 8.5353075
23 47.3433613 8.7307099
24 47.2314628 8.6342462
25 47.3524107 8.3549605
26 47.3820007 8.595593
27 47.4007076 8.5486492
28 47.4280249 8.5751667
29 47.3727118 8.5382919
30 47.5360811 8.7298172
31 47.2875381 8.3631109
32 47.3241875 8.5250337
33 47.3553463 8.6004816
34 47.3494262 8.2845221
35 47.202203 8.685262
36 47.4227311 8.6838768
37 47.295719 8.5544958
38 47.2780049 8.3450735
39 47.3633738 8.5334452
40 47.2641626 8.4161562
41 47.2951782 8.6872167
42 47.3886115 8.3478594
43 47.5238486 8.5543284
44 47.5029205 8.793644
45 47.2262121 8.6741846
46 47.4004065 8.5898336
47 47.3629611 8.3533301
48 47.2607251 8.4242026
49 47.4364405 8.2923551
50 47.2093325 8.6138026
EDGE_WEIGHT_SECTION:
0 1491 1308 1203 1142 1472 485 1375 734 1512 336 1484 1300 763 315 640 1536 1498 1744 1010 1100 289 1198 786 938 623 390 685 222 1447 1214 409 715 1242 942 1064 550 1266 192 974 1191 1208 1192 1651 1067 662 947 927 1261 963
1491 0 1612 2124 2052 2151 1126 2671 1196 2675 1647 1236 532 896 1269 1393 2085 2431 2312 1177 1274 1219 1335 2082 2101 1159 1128 1160 1387 231 2439 1705 1503 2405 2238 816 1846 2538 1450 2270 1795 2206 1093 718 2363 1107 2033 2223 2171 2259
1308 1612 0 688 2036 627 1109 2435 1179 2572 1321 926 1420 871 1252 1377 2158 2414 2385 1456 1545 1180 314 1847 1998 1035 1112 1144 1165 1568 2275 1469 812 2302 2002 941 1610 2326 1124 2035 359 2190 1638 1734 2127 991 2007 1988 2155 2023
1203 2124 688 0 2173 365 1337 2330 1585 2467 1216 1432 1933 1381 1304 1687 2520 2497 2747 1861 1951 1145 848 1741 1893 1253 1248 1540 1060 2080 2169 1364 903 2197 1897 1454 1505 2221 1018 1929 454 2163 2043 2240 2022 1311 1902 1883 2292 1918
1142 2052 2036 2173 0 2442 1225 1890 1204 1455 1327 2045 1861 1304 1071 983 744 479 952 1480 1459 1114 1759 1687 926 1413 1158 1175 1192 2008 1418 1310 1675 1018 1843 1625 1451 1516 1197 1490 2153 655 1662 2212 1968 1349 895 1443 219 1864
1472 2151 627 365 2442 0 1533 2599 1685 2737 1485 1458 1959 1410 1571 1882 2663 2766 2890 1961 2051 1412 874 2011 2162 1355 1514 1637 1329 2106 2439 1633 1040 2466 2166 1480 1774 2490 1288 2199 437 2432 2143 2266 2291 1383 2172 2152 2561 2188
485 1126 1109 1337 1225 1533 0 1665 369 1803 642 1119 934 344 263 566 1347 1604 1574 645 735 213 833 1077 1228 405 121 315 382 1081 1505 699 750 1533 1232 699 840 1556 445 1265 1177 1379 827 1286 1358 215 1206 1218 1344 1254
1375 2671 2435 2330 1890 2599 1665 0 1885 1414 1279 2664 2479 1943 1573 1664 2285 1994 2492 2161 2251 1471 2378 817 1380 1754 1586 1854 1363 2626 1047 1168 1847 1684 991 2244 1079 1098 1312 752 2318 1650 2343 2830 1083 1841 1389 705 1971 594
734 1196 1179 1585 1204 1685 369 1885 0 1827 890 1189 1004 416 512 545 1285 1583 1512 428 518 461 903 1325 1253 557 371 184 630 1151 1591 947 902 1557 1481 633 1089 1690 693 1485 1329 1358 610 1356 1606 491 1185 1438 1323 1502
1512 2675 2572 2467 1455 2737 1803 1414 1827 0 1417 2669 2484 1927 1691 1606 2072 1146 2279 2103 2193 1608 2382 1751 748 1892 1724 1798 1501 2631 473 1374 1984 487 1907 2248 1515 331 1450 828 2455 1132 2285 2835 2032 1961 779 835 1263 1799
336 1647 1321 1216 1327 1485 642 1279 890 1417 0 1640 1456 919 563 899 1722 1456 1929 1166 1256 450 1354 660 842 641 561 847 321 1603 1119 267 733 1146 816 1220 424 1170 200 879 1204 1112 1348 1807 941 818 852 832 1433 837
1484 1236 926 1432 2045 1458 1119 2664 1189 2669 1640 0 946 880 1262 1386 2168 2424 2395 1465 1555 1212 649 2076 2094 1152 1121 1154 1380 1192 2433 1698 1236 2398 2231 688 1839 2531 1443 2264 1103 2200 1647 1046 2356 1100 2026 2217 2164 2253
1300 532 1420 1933 1861 1959 934 2479 1004 2484 1456 946 0 705 1077 1202 1983 2239 2210 1275 1360 1027 1144 1891 1909 968 937 969 1196 409 2248 1513 1312 2214 2046 624 1655 2346 1259 2079 1604 2015 1203 435 2172 916 1842 2032 1980 2068
763 896 871 1381 1304 1410 344 1943 416 1927 919 880 705 0 541 645 1426 1682 1653 724 813 491 594 1355 1352 377 400 358 659 852 1691 977 676 1657 1510 418 1118 1789 723 1543 1054 1458 906 1056 1636 316 1285 1496 1423 1532
315 1269 1252 1304 1071 1571 263 1573 512 1691 563 1262 1077 541 0 459 1350 1450 1577 788 878 179 976 985 1117 548 169 457 342 1224 1413 607 741 1421 1140 842 748 1464 382 1173 1228 1232 970 1429 1266 439 1059 1126 1190 1162
640 1393 1377 1687 983 1882 566 1664 545 1606 899 1386 1202 645 459 0 925 1356 1152 808 803 564 1100 1321 1031 754 508 516 726 1349 1370 943 1098 1336 1476 966 1084 1468 726 1263 1526 1102 1003 1553 1601 690 964 1217 1102 1498
1536 2085 2158 2520 744 2663 1347 2285 1285 2072 1722 2168 1983 1426 1350 925 0 1096 249 1040 909 1404 1881 2082 1543 1536 1341 1294 1571 2097 1991 1704 1880 1635 2238 1747 1846 2090 1591 1885 2307 1272 1129 2334 2363 1472 1512 1838 837 2259
1498 2431 2414 2497 479 2766 1604 1994 1583 1146 1456 2424 2239 1682 1450 1356 1096 0 1304 1859 1838 1493 2138 1791 732 1792 1536 1554 1519 2386 1109 1414 2009 709 1947 2004 1555 1207 1490 1521 2485 560 2041 2591 2072 1728 757 1528 276 1968
1744 2312 2385 2747 952 2890 1574 2492 1512 2279 1929 2395 2210 1653 1577 1152 249 1304 0 1267 1136 1631 2108 2289 1751 1763 1568 1521 1791 2324 2199 1912 2107 1842 2445 1974 2053 2297 1799 2092 2534 1480 1356 2561 2570 1698 1719 2045 1044 2466
1010 1177 1456 1861 1480 1961 645 2161 428 2103 1166 1465 1275 724 788 808 1040 1859 1267 0 273 738 1179 1601 1529 834 647 461 906 1189 1867 1224 1178 1833 1757 1010 1365 1966 969 1761 1605 1634 243 1522 1882 767 1461 1714 1599 1778
1100 1274 1545 1951 1459 2051 735 2251 518 2193 1256 1555 1360 813 878 803 909 1838 1136 273 0 827 1269 1691 1618 923 737 550 996 1286 1957 1313 1268 1923 1847 1100 1455 2055 1059 1851 1695 1724 326 1619 1972 857 1551 1804 1579 1868
289 1219 1180 1145 1114 1412 213 1471 461 1608 450 1212 1027 491 179 564 1404 1493 1631 738 827 0 926 882 1034 475 138 419 190 1174 1310 505 583 1338 1038 792 646 1362 253 1070 1069 1275 920 1378 1163 389 1043 1023 1233 1059
1198 1335 314 848 1759 874 833 2378 903 2382 1354 649 1144 594 976 1100 1881 2138 2108 1179 1269 926 0 1789 1808 866 835 867 1094 1291 2146 1412 959 2112 1945 664 1553 2245 1157 1977 518 1913 1361 1457 2070 814 1740 1931 1878 1966
786 2082 1847 1741 1687 2011 1077 817 1325 1751 660 2076 1891 1355 985 1321 2082 1791 2289 1601 1691 882 1789 0 1177 1166 998 1282 775 2038 1453 509 1259 1481 187 1655 437 1505 724 1213 1729 1447 1784 2242 283 1253 1186 1167 1768 278
938 2101 1998 1893 926 2162 1228 1380 1253 748 842 2094 1909 1352 1117 1031 1543 732 1751 1529 1618 1034 1808 1177 0 1317 1149 1224 926 2056 634 799 1410 430 1332 1674 940 732 875 879 1881 496 1711 2261 1458 1387 143 886 755 1354
623 1159 1035 1253 1413 1355 405 1754 557 1892 641 1152 968 377 548 754 1536 1792 1763 834 923 475 866 1166 1317 0 463 510 476 1115 1594 788 384 1622 1321 732 930 1646 443 1354 1000 1568 1016 1319 1447 256 1327 1307 1533 1343
390 1128 1112 1248 1158 1514 121 1586 371 1724 561 1121 937 400 169 508 1341 1536 1568 647 737 138 835 998 1149 463 0 310 303 1084 1426 620 663 1454 1154 701 762 1478 362 1186 1171 1318 829 1288 1279 297 1125 1139 1277 1175
685 1160 1144 1540 1175 1637 315 1854 184 1798 847 1154 969 358 457 516 1294 1554 1521 461 550 419 867 1282 1224 510 310 0 587 1116 1562 905 854 1528 1438 733 1046 1661 650 1453 1281 1329 643 1320 1563 324 1156 1407 1294 1459
222 1387 1165 1060 1192 1329 382 1363 630 1501 321 1380 1196 659 342 726 1571 1519 1791 906 996 190 1094 775 926 476 303 587 0 1343 1203 397 568 1231 930 960 539 1255 129 963 1048 1196 1088 1547 1056 558 936 916 1311 952
1447 231 1568 2080 2008 2106 1081 2626 1151 2631 1603 1192 409 852 1224 1349 2097 2386 2324 1189 1286 1174 1291 2038 2056 1115 1084 1116 1343 0 2395 1660 1459 2361 2193 771 1802 2493 1406 2226 1751 2162 1106 550 2319 1063 1989 2179 2127 2215
1214 2439 2275 2169 1418 2439 1505 1047 1591 473 1119 2433 2248 1691 1413 1370 1991 1109 2199 1867 1957 1310 2146 1453 634 1594 1426 1562 1203 2395 0 1076 1687 713 1609 2012 1217 182 1152 460 2157 1016 2050 2599 1734 1681 707 467 1226 1431
409 1705 1469 1364 1310 1633 699 1168 947 1374 267 1698 1513 977 607 943 1704 1414 1912 1224 1313 505 1412 509 799 788 620 905 397 1660 1076 0 881 1104 664 1278 272 1127 346 836 1352 1069 1406 1864 790 875 809 789 1390 686
715 1503 812 903 1675 1040 750 1847 902 1984 733 1236 1312 676 741 1098 1880 2009 2107 1178 1268 583 959 1259 1410 384 663 854 568 1459 1687 881 0 1714 1414 955 1022 1738 536 1447 695 1680 1360 1663 1539 601 1420 1400 1794 1435
1242 2405 2302 2197 1018 2466 1533 1684 1557 487 1146 2398 2214 1657 1421 1336 1635 709 1842 1833 1923 1338 2112 1481 430 1622 1454 1528 1231 2361 713 1104 1714 0 1637 1978 1245 721 1180 1142 2185 800 2015 2565 1762 1691 447 1149 826 1658
942 2238 2002 1897 1843 2166 1232 991 1481 1907 816 2231 2046 1510 1140 1476 2238 1947 2445 1757 1847 1038 1945 187 1332 1321 1154 1438 930 2193 1609 664 1414 1637 0 1811 592 1660 879 1369 1885 1602 1939 2398 224 1408 1342 1322 1923 438
1064 816 941 1454 1625 1480 699 2244 633 2248 1220 688 624 418 842 966 1747 2004 1974 1010 1100 792 664 1655 1674 732 701 733 960 771 2012 1278 955 1978 1811 0 1419 2111 1023 1843 1124 1779 1192 976 1936 680 1606 1797 1744 1832
550 1846 1610 1505 1451 1774 840 1079 1089 1515 424 1839 1655 1118 748 1084 1846 1555 2053 1365 1455 646 1553 437 940 930 762 1046 539 1802 1217 272 1022 1245 592 1419 0 1269 487 977 1493 1210 1547 2006 718 1017 950 930 1531 614
1266 2538 2326 2221 1516 2490 1556 1098 1690 331 1170 2531 2346 1789 1464 1468 2090 1207 2297 1966 2055 1362 2245 1505 732 1646 1478 1661 1255 2493 182 1127 1738 721 1660 2111 1269 0 1204 512 2209 1115 2148 2698 1786 1733 805 519 1324 1483
192 1450 1124 1018 1197 1288 445 1312 693 1450 200 1443 1259 723 382 726 1591 1490 1799 969 1059 253 1157 724 875 443 362 650 129 1406 1152 346 536 1180 879 1023 487 1204 0 912 1006 1145 1151 1610 1005 621 885 865 1316 901
974 2270 2035 1929 1490 2199 1265 752 1485 828 879 2264 2079 1543 1173 1263 1885 1521 2092 1761 1851 1070 1977 1213 879 1354 1186 1453 963 2226 460 836 1447 1142 1369 1843 977 512 912 0 1917 1249 1943 2430 1494 1441 958 118 1527 1136
1191 1795 359 454 2153 437 1177 2318 1329 2455 1204 1103 1604 1054 1228 1526 2307 2485 2534 1605 1695 1069 518 1729 1881 1000 1171 1281 1048 1751 2157 1352 695 2185 1885 1124 1493 2209 1006 1917 0 2151 1787 1911 2010 1027 1890 1871 2272 1906
1208 2206 2190 2163 655 2432 1379 1650 1358 1132 1112 2200 2015 1458 1232 1102 1272 560 1480 1634 1724 1275 1913 1447 496 1568 1318 1329 1196 2162 1016 1069 1680 800 1602 1779 1210 1115 1145 1249 2151 0 1817 2366 1728 1504 353 1203 506 1624
1192 1093 1638 2043 1662 2143 827 2343 610 2285 1348 1647 1203 906 970 1003 1129 2041 1356 243 326 920 1361 1784 1711 1016 829 643 1088 1106 2050 1406 1360 2015 1939 1192 1547 2148 1151 1943 1787 1817 0 1438 2064 950 1643 1896 1781 1960
1651 718 1734 2240 2212 2266 1286 2830 1356 2835 1807 1046 435 1056 1429 1553 2334 2591 2561 1522 1619 1378 1457 2242 2261 1319 1288 1320 1547 550 2599 1864 1663 2565 2398 976 2006 2698 1610 2430 1911 2366 1438 0 2523 1267 2193 2383 2331 2419
1067 2363 2127 2022 1968 2291 1358 1083 1606 2032 941 2356 2172 1636 1266 1601 2363 2072 2570 1882 1972 1163 2070 283 1458 1447 1279 1563 1056 2319 1734 790 1539 1762 224 1936 718 1786 1005 1494 2010 1728 2064 2523 0 1534 1467 1448 2049 515
662 1107 991 1311 1349 1383 215 1841 491 1961 818 1100 916 316 439 690 1472 1728 1698 767 857 389 814 1253 1387 256 297 324 558 1063 1681 875 601 1691 1408 680 1017 1733 621 1441 1027 1504 950 1267 1534 0 1330 1394 1468 1430
947 2033 2007 1902 895 2172 1206 1389 1185 779 852 2026 1842 1285 1059 964 1512 757 1719 1461 1551 1043 1740 1186 143 1327 1125 1156 936 1989 707 809 1420 447 1342 1606 950 805 885 958 1890 353 1643 2193 1467 1330 0 942 746 1363
927 2223 1988 1883 1443 2152 1218 705 1438 835 832 2217 2032 1496 1126 1217 1838 1528 2045 1714 1804 1023 1931 1167 886 1307 1139 1407 916 2179 467 789 1400 1149 1322 1797 930 519 865 118 1871 1203 1896 2383 1448 1394 942 0 1507 1089
1261 2171 2155 2292 219 2561 1344 1971 1323 1263 1433 2164 1980 1423 1190 1102 837 276 1044 1599 1579 1233 1878 1768 755 1533 1277 1294 1311 2127 1226 1390 1794 826 1923 1744 1531 1324 1316 1527 2272 506 1781 2331 2049 1468 746 1507 0 1945
963 2259 2023 1918 1864 2188 1254 594 1502 1799 837 2253 2068 1532 1162 1498 2259 1968 2466 1778 1868 1059 1966 278 1354 1343 1175 1459 952 2215 1431 686 1435 1658 438 1832 614 1483 901 1136 1906 1624 1960 2419 515 1430 1363 1089 1945 0
OSM_IDS: 130117654 421921330 3624364776 2509535557 162787496 463216538 107122135 240036728 291977335 1476534004 1079261024 305986301 1303461855 93553812 11301983238 461711397 378244001 1019644441 2300722907 101493374 101074884 29271875 7442977344 599152827 401563998 152402283 27513099 353054306 2554281748 130249731 9724156847 80036571 151354044 704788039 302108770 96537602 63766556 1216112664 34404006 447097162 216299822 693351598 131814975 276606951 233584966 94701896 421743876 1224692609 106293678 233266275
GRAPHML_FILE: data/tsp_dataset/graph_zurich_dist_20000.graphml
EOF