NAME: zurich_50_1
COMMENT: TSP instance with 50 nodes. City: Zurich, Switzerland, Seed: 43
TYPE: TSP
DIMENSION: 50
EDGE_WEIGHT_TYPE: EXPLICIT
EDGE_WEIGHT_FORMAT: FULL_MATRIX
NODE_COORD_SECTION:
1 47.2596627 8.6945336
2 47.5194994 8.7885507
3 47.3457364 8.6012544
4 47.301672 8.5219519
5 47.3123539 8.3928125
6 47.5044965 8.5413847
7 47.5048594 8.3720967
8 47.2345254 8.7581062
9 47.3783115 8.5417017
10 47.2695786 8.3380768
11 47.394746 8.3747248
12 47.402071 8.5015678
13 47.4328173 8.3534221
14 47.4001292 8.7701708
15 47.2920786 8.5572112
16 47.4073435 8.5529044
17 47.393062 8.5290934
18 47.529157 8.3228528
19 47.2050225 8.6259179
20 47.5073532 8.475184
21 47.3019447 8.5547231
22 47.393264 8.4949434
23 47.2665233 8.3396342
24 47.4010222 8.4483123
25 47.3096601 8.7441944
26 47.3219312 8.4152007
27 47.3608159 8.3681543
28 47.2510721 8.6289998
29 47.4792897 8.3210024
30 47.4132413 8.5323285
31 47.2450001 8.7678743
32 47.2574376 8.605226
33 47.4666684 8.3137593
34 47.4141272 8.5363599
35 47.5283547 8.465674
36 47.3105737 8.5282718
37 47.3675803 8.3626152
38 47.4246241 8.6207206
39 47.5299008 8.5861878
40 47.2252277 8.592604
41 47.522964 8.5426094
42 47.3753903 8.5614515
43 47.363002 8.4651272
44 47.5062075 8.7194962
45 47.3274221 8.6210949
46 47.5151215 8.3693589
47 47.4173814 8.5990159
48 47.4442077 8.6938997
49 47.2472749 8.3626546
50 47.4120917 8.5288146
EDGE_WEIGHT_SECTION:
0 2152 864 1847 2215 1900 2617 472 1339 2675 2398 1698 2292 1409 1807 1574 1524 2922 2280 2251 1801 1685 2666 1907 589 2139 2197 2237 2495 1661 477 2168 2391 1649 2327 1776 2255 1403 2322 2300 2032 1289 1830 1873 761 2643 1509 1555 2571 1674
2152 0 1675 1936 2239 1361 2215 2293 1352 2761 2015 1484 1919 1110 1895 1176 1351 2520 2369 1664 1890 1521 2752 1649 1700 2164 2012 2326 2122 1328 2168 2257 2018 1316 1693 1865 2047 1011 1006 2389 1259 1423 1857 493 1853 2241 1125 760 2660 1363
864 1675 0 1023 1391 1248 1924 1084 498 1851 1565 857 1459 1194 983 752 683 2140 1456 1599 977 856 1842 1074 782 1315 1373 1413 1663 821 960 1344 1559 808 1675 952 1431 914 1670 1476 1380 448 1006 1396 202 1950 851 1073 1747 833
1847 1936 1023 0 957 1359 1984 2083 598 1438 1214 898 1285 1818 306 859 775 1966 789 1709 280 770 1429 963 1781 881 960 746 1488 928 1959 677 1385 915 1785 90 1018 1200 1780 809 1491 752 874 1657 1201 1880 1143 1342 1335 940
2215 2239 1391 957 0 1571 1840 2452 967 674 911 1209 1141 2122 938 1228 1143 1822 1412 1667 932 988 677 819 2149 180 512 1369 1344 1230 2327 1300 1241 1259 1766 908 570 1504 1993 1354 1703 1121 675 1960 1570 1736 1439 1646 760 1203
1900 1361 1248 1359 1571 0 984 2041 775 2100 1347 907 1251 1381 1319 599 774 1290 1792 464 1313 944 2103 981 1448 1496 1344 1749 1358 667 1916 1680 1350 648 540 1288 1379 737 515 1812 169 856 1280 1154 1426 1011 651 905 2055 705
2617 2215 1924 1984 1840 984 0 2757 1454 2368 1470 1187 982 2097 1943 1315 1358 453 2417 722 1938 1341 2371 1279 2164 1764 1567 2374 521 1198 2633 2305 649 1227 785 1913 1504 1479 1378 2437 1012 1519 1584 1936 2102 174 1435 1621 2323 1170
472 2293 1084 2083 2452 2041 2757 0 1558 2912 2558 1917 2461 1521 2043 1718 1744 3063 2516 2391 2037 1917 2902 2135 742 2376 2434 2474 2664 1871 124 2404 2561 1858 2467 2013 2492 1544 2462 2536 2173 1509 2066 2014 980 2783 1664 1695 2808 1887
1339 1352 498 598 967 775 1454 1558 0 1426 1091 378 985 1235 558 276 211 1666 1031 1126 552 382 1417 600 1255 891 948 989 1188 351 1434 919 1085 338 1202 527 1006 617 1197 1051 907 206 561 1073 676 1480 560 759 1323 363
2675 2761 1851 1438 674 2100 2368 2912 1426 0 1404 1726 1670 2644 1398 1688 1603 2350 1719 2195 1392 1516 100 1348 2609 851 1005 1829 1873 1752 2787 1760 1769 1744 2294 1368 1063 2025 2521 1561 2232 1580 1287 2482 2030 2264 1938 2168 298 1731
2398 2015 1565 1214 911 1347 1470 2558 1091 1404 0 934 608 1898 1174 1116 981 1452 1647 1443 1168 766 1407 551 1965 994 419 1605 975 1006 2434 1535 871 1035 1542 1143 356 1280 1769 1667 1479 1230 814 1737 1744 1366 1236 1422 1506 979
1698 1484 857 898 1209 907 1187 1917 378 1726 934 0 882 1367 858 392 229 1492 1331 984 852 304 1717 430 1434 1133 978 1288 1085 336 1793 1219 981 364 1083 827 1012 749 1329 1351 1039 485 639 1206 1035 1213 692 891 1623 308
2292 1919 1459 1285 1141 1251 982 2461 985 1670 608 882 0 1801 1245 1016 875 965 1719 1281 1239 661 1673 555 1869 1066 764 1676 487 909 2337 1607 361 939 1379 1215 718 1183 1673 1738 1383 1124 886 1640 1638 879 1139 1326 1625 882
1409 1110 1194 1818 2122 1381 2097 1521 1235 2644 1898 1367 1801 0 1778 1058 1233 2403 2251 1731 1772 1403 2634 1531 956 2046 1895 2209 2004 1211 1397 2139 1901 1198 1807 1748 1929 893 1473 2271 1513 1306 1739 957 1271 2124 1008 597 2543 1246
1807 1895 983 306 938 1319 1943 2043 558 1398 1174 858 1245 1778 0 819 734 1926 651 1669 108 729 1389 923 1741 863 920 560 1448 888 1919 439 1345 875 1745 216 978 1160 1740 662 1451 712 834 1617 1161 1840 1103 1302 1295 900
1574 1176 752 859 1228 599 1315 1718 276 1688 1116 392 1016 1058 819 0 258 1621 1292 944 813 428 1679 646 1125 1152 1112 1250 1219 180 1594 1181 1115 167 1025 789 1146 440 1020 1312 731 345 764 897 930 1341 366 582 1584 215
1524 1351 683 775 1143 774 1358 1744 211 1603 981 229 875 1233 734 258 0 1555 1208 1124 729 272 1594 490 1300 1067 974 1165 1078 254 1619 1096 974 242 1200 704 1009 615 1195 1228 906 314 613 1072 862 1384 558 757 1499 267
2922 2520 2140 1966 1822 1290 453 3063 1666 2350 1452 1492 965 2403 1926 1621 1555 0 2399 1027 1920 1341 2353 1338 2470 1746 1549 2356 503 1503 2938 2287 631 1532 1091 1895 1486 1784 1684 2419 1317 1805 1566 2241 2318 349 1740 1927 2305 1476
2280 2369 1456 789 1412 1792 2417 2516 1031 1719 1647 1331 1719 2251 651 1292 1208 2399 0 2142 645 1203 1710 1396 2214 1336 1393 525 1922 1361 2392 498 1818 1348 2218 699 1451 1633 2214 322 1924 1185 1307 2090 1634 2313 1577 1775 1526 1373
2251 1664 1599 1709 1667 464 722 2391 1126 2195 1443 984 1281 1731 1669 944 1124 1027 2142 0 1663 1138 2198 1076 1798 1591 1440 2100 1095 958 2267 2030 1220 935 214 1639 1474 1087 818 2162 452 1206 1411 1457 1777 748 1001 1255 2150 968
1801 1890 977 280 932 1313 1938 2037 552 1392 1168 852 1239 1772 108 813 729 1920 645 1663 0 724 1383 917 1735 857 914 603 1442 882 1913 518 1339 869 1739 190 972 1154 1734 665 1445 706 828 1611 1155 1834 1097 1296 1289 894
1685 1521 856 770 988 944 1341 1917 382 1516 766 304 661 1403 729 428 272 1341 1203 1138 724 0 1519 271 1470 912 760 1160 864 429 1792 1091 760 417 1237 699 795 785 1365 1223 1076 521 473 1242 1035 1255 729 927 1471 442
2666 2752 1842 1429 677 2103 2371 2902 1417 100 1407 1717 1673 2634 1389 1679 1594 2353 1710 2198 1383 1519 0 1351 2600 854 1008 1820 1876 1747 2778 1750 1772 1734 2297 1358 1066 2016 2524 1552 2235 1571 1290 2473 2020 2267 1928 2159 263 1734
1907 1649 1074 963 819 981 1279 2135 600 1348 551 430 555 1531 923 646 490 1338 1396 1076 917 271 1351 0 1598 744 575 1354 861 638 2010 1284 757 635 1175 893 609 913 1402 1416 1113 739 432 1370 1253 1252 869 1055 1303 612
589 1700 782 1781 2149 1448 2164 742 1255 2609 1965 1434 1869 956 1741 1125 1300 2470 2214 1798 1735 1470 2600 1598 0 2073 1962 2171 2072 1278 618 2102 1968 1265 1874 1710 1996 951 1870 2234 1580 1206 1764 1421 678 2191 1071 1103 2505 1313
2139 2164 1315 881 180 1496 1764 2376 891 851 994 1133 1066 2046 863 1152 1067 1746 1336 1591 857 912 854 744 2073 0 689 1293 1269 1154 2252 1224 1165 1184 1690 832 747 1428 1917 1334 1628 1045 599 1885 1494 1660 1363 1570 925 1127
2197 2012 1373 960 512 1344 1567 2434 948 1005 419 978 764 1895 920 1112 974 1549 1393 1440 914 760 1008 575 1962 689 0 1351 1072 1002 2309 1281 1010 1032 1538 890 77 1276 1766 1413 1476 1102 673 1733 1551 1463 1232 1419 1106 975
2237 2326 1413 746 1369 1749 2374 2474 989 1829 1605 1288 1676 2209 560 1250 1165 2356 525 2100 603 1160 1820 1354 2171 1293 1351 0 1879 1318 2349 142 1775 1306 2176 656 1409 1591 2171 587 1881 1143 1265 2047 1592 2270 1534 1733 1725 1331
2495 2122 1663 1488 1344 1358 521 2664 1188 1873 975 1085 487 2004 1448 1219 1078 503 1922 1095 1442 864 1876 861 2072 1269 1072 1879 0 1112 2540 1810 154 1142 1159 1418 1009 1386 1752 1941 1385 1327 1089 1843 1841 417 1342 1529 1828 1085
1661 1328 821 928 1230 667 1198 1871 351 1752 1006 336 909 1211 888 180 254 1503 1361 958 882 429 1747 638 1278 1154 1002 1318 1112 0 1746 1249 1009 30 1055 857 1037 586 1089 1381 799 415 765 1049 999 1224 458 735 1652 41
477 2168 960 1959 2327 1916 2633 124 1434 2787 2434 1793 2337 1397 1919 1594 1619 2938 2392 2267 1913 1792 2778 2010 618 2252 2309 2349 2540 1746 0 2280 2436 1734 2343 1888 2367 1419 2338 2412 2048 1385 1942 1889 856 2659 1539 1571 2684 1763
2168 2257 1344 677 1300 1680 2305 2404 919 1760 1535 1219 1607 2139 439 1181 1096 2287 498 2030 518 1091 1750 1284 2102 1224 1281 142 1810 1249 2280 0 1706 1237 2106 587 1339 1521 2102 518 1812 1073 1195 1978 1522 2201 1465 1664 1656 1261
2391 2018 1559 1385 1241 1350 649 2561 1085 1769 871 981 361 1901 1345 1115 974 631 1818 1220 1339 760 1772 757 1968 1165 1010 1775 154 1009 2436 1706 0 1038 1287 1314 965 1283 1772 1838 1449 1224 985 1739 1737 545 1239 1425 1724 981
1649 1316 808 915 1259 648 1227 1858 338 1744 1035 364 939 1198 875 167 242 1532 1348 935 869 417 1734 635 1265 1184 1032 1306 1142 30 1734 1237 1038 0 1031 845 1066 573 1070 1368 780 403 753 1037 987 1253 446 722 1640 70
2327 1693 1675 1785 1766 540 785 2467 1202 2294 1542 1083 1379 1807 1745 1025 1200 1091 2218 214 1739 1237 2297 1175 1874 1690 1538 2176 1159 1055 2343 2106 1287 1031 0 1714 1573 1163 847 2238 481 1282 1510 1486 1853 811 1077 1331 2249 1067
1776 1865 952 90 908 1288 1913 2013 527 1368 1143 827 1215 1748 216 789 704 1895 699 1639 190 699 1358 893 1710 832 890 656 1418 857 1888 587 1314 845 1714 0 948 1129 1710 719 1420 681 803 1586 1131 1809 1073 1272 1264 870
2255 2047 1431 1018 570 1379 1504 2492 1006 1063 356 1012 718 1929 978 1146 1009 1486 1451 1474 972 795 1066 609 1996 747 77 1409 1009 1037 2367 1339 965 1066 1573 948 0 1311 1800 1471 1511 1160 731 1768 1609 1400 1267 1453 1164 1010
1403 1011 914 1200 1504 737 1479 1544 617 2025 1280 749 1183 893 1160 440 615 1784 1633 1087 1154 785 2016 913 951 1428 1276 1591 1386 586 1419 1521 1283 573 1163 1129 1311 0 1048 1653 869 688 1121 732 1092 1505 197 417 1925 621
2322 1006 1670 1780 1993 515 1378 2462 1197 2521 1769 1329 1673 1473 1740 1020 1195 1684 2214 818 1734 1365 2524 1402 1870 1917 1766 2171 1752 1089 2338 2102 1772 1070 847 1710 1800 1048 0 2233 414 1277 1701 799 1848 1405 1073 997 2476 1127
2300 2389 1476 809 1354 1812 2437 2536 1051 1561 1667 1351 1738 2271 662 1312 1228 2419 322 2162 665 1223 1552 1416 2234 1334 1413 587 1941 1381 2412 518 1838 1368 2238 719 1471 1653 2233 0 1944 1205 1327 2110 1654 2333 1596 1795 1368 1393
2032 1259 1380 1491 1703 169 1012 2173 907 2232 1479 1039 1383 1513 1451 731 906 1317 1924 452 1445 1076 2235 1113 1580 1628 1476 1881 1385 799 2048 1812 1449 780 481 1420 1511 869 414 1944 0 988 1412 1052 1558 1038 783 1037 2187 837
1289 1423 448 752 1121 856 1519 1509 206 1580 1230 485 1124 1306 712 345 314 1805 1185 1206 706 521 1571 739 1206 1045 1102 1143 1327 415 1385 1073 1224 403 1282 681 1160 688 1277 1205 988 0 731 1144 627 1545 598 830 1477 428
1830 1857 1006 874 675 1280 1584 2066 561 1287 814 639 886 1739 834 764 613 1566 1307 1411 828 473 1290 432 1764 599 673 1265 1089 765 1942 1195 985 753 1510 803 731 1121 1701 1327 1412 731 0 1578 1184 1480 1065 1263 1229 778
1873 493 1396 1657 1960 1154 1936 2014 1073 2482 1737 1206 1640 957 1617 897 1072 2241 2090 1457 1611 1242 2473 1370 1421 1885 1733 2047 1843 1049 1889 1978 1739 1037 1486 1586 1768 732 799 2110 1052 1144 1578 0 1574 1962 846 481 2381 1084
761 1853 202 1201 1570 1426 2102 980 676 2030 1744 1035 1638 1271 1161 930 862 2318 1634 1777 1155 1035 2020 1253 678 1494 1551 1592 1841 999 856 1522 1737 987 1853 1131 1609 1092 1848 1654 1558 627 1184 1574 0 2129 1029 1251 1926 1011
2643 2241 1950 1880 1736 1011 174 2783 1480 2264 1366 1213 879 2124 1840 1341 1384 349 2313 748 1834 1255 2267 1252 2191 1660 1463 2270 417 1224 2659 2201 545 1253 811 1809 1400 1505 1405 2333 1038 1545 1480 1962 2129 0 1461 1648 2219 1197
1509 1125 851 1143 1439 651 1435 1664 560 1938 1236 692 1139 1008 1103 366 558 1740 1577 1001 1097 729 1928 869 1071 1363 1232 1534 1342 458 1539 1465 1239 446 1077 1073 1267 197 1073 1596 783 598 1065 846 1029 1461 0 532 1863 499
1555 760 1073 1342 1646 905 1621 1695 759 2168 1422 891 1326 597 1302 582 757 1927 1775 1255 1296 927 2159 1055 1103 1570 1419 1733 1529 735 1571 1664 1425 722 1331 1272 1453 417 997 1795 1037 830 1263 481 1251 1648 532 0 2067 770
2571 2660 1747 1335 760 2055 2323 2808 1323 298 1506 1623 1625 2543 1295 1584 1499 2305 1526 2150 1289 1471 263 1303 2505 925 1106 1725 1828 1652 2684 1656 1724 1640 2249 1264 1164 1925 2476 1368 2187 1477 1229 2381 1926 2219 1863 2067 0 1665
1674 1363 833 940 1203 705 1170 1887 363 1731 979 308 882 1246 900 215 267 1476 1373 968 894 442 1734 612 1313 1127 975 1331 1085 41 1763 1261 981 70 1067 870 1010 621 1127 1393 837 428 778 1084 1011 1197 499 770 1665 0
OSM_IDS: 34094668 408765977 209574855 3912972128 911469796 101493285 2844853306 9527494114 26114488 1789644926 942234995 1852506175 1219183280 260044177 60550634 107137669 142499886 998542386 233504936 101482950 243090955 13248761407 8807384127 149437468 1141015917 11866607750 370135120 263704461 1020565947 75390314 59975987 67788590 267900487 70708114 248537954 428079661 376497900 94969695 105415261 67770560 101101619 3254200718 474380214 471789815 2028631058 249671491 144795786 96526472 461331024 60120456
GRAPHML_FILE: data/tsp_dataset/graph_zurich_dist_20000.graphml
EOF