NAME: zurich_50_18
COMMENT: TSP instance with 50 nodes. City: Zurich, Switzerland, Seed: 60
TYPE: TSP
DIMENSION: 50
EDGE_WEIGHT_TYPE: EXPLICIT
EDGE_WEIGHT_FORMAT: FULL_MATRIX
NODE_COORD_SECTION:
1 47.2642136 8.4559373
2 47.3485943 8.3455944
3 47.273553 8.725578
4 47.4064457 8.6286594
5 47.5146546 8.6382844
6 47.1963447 8.4804986
7 47.3935699 8.4147968
8 47.2696258 8.4207632
9 47.515227 8.6686489
10 47.5249328 8.5802104
11 47.3685237 8.5196722
12 47.3931495 8.6137754
13 47.2604123 8.3521866
14 47.3722033 8.5228467
15 47.5358215 8.7264988
16 47.5030093 8.7158741
17 47.3923472 8.6090235
18 47.4375577 8.4757979
19 47.3095455 8.5855837
20 47.5071805 8.513311
21 47.2920701 8.7090178
22 47.4918745 8.7597771
23 47.2688308 8.7750876
24 47.4702014 8.5124488
25 47.1984126 8.4798808
26 47.3251341 8.6676226
27 47.3704866 8.5579654
28 47.4210085 8.3053732
29 47.3228509 8.5165782
30 47.4528422 8.3198935
31 47.3520415 8.3426123
32 47.363372 8.5079405
33 47.4400104 8.5719546
34 47.3833898 8.4777196
35 47.4784794 8.5074429
36 47.3522183 8.4415243
37 47.4310419 8.7199021
38 47.370398 8.5550031
39 47.4650854 8.3249718
40 47.4242171 8.4064682
41 47.4217452 8.3702602
42 47.3156281 8.5927629
43 47.4212478 8.2810976
44 47.394794 8.682233
45 47.4992071 8.5379406
46 47.3843989 8.5315837
47 47.3565738 8.6261084
48 47.4279884 8.490141
49 47.4478536 8.6986803
50 47.4755649 8.3008576
EDGE_WEIGHT_SECTION:
0 905 1945 1472 2048 512 909 254 1983 1936 817 1442 750 785 2115 1928 1437 1099 1396 1727 1884 2121 2137 1503 505 1682 990 1344 926 1219 998 877 1294 1076 1566 562 1810 991 1256 1105 1056 1432 1512 1609 1640 944 1461 1020 1676 1345
905 0 2058 1452 1966 1299 827 755 1963 1854 930 1429 868 898 2096 1908 1425 1017 1510 1644 1998 2102 2250 1421 1293 1795 1104 575 1039 1104 223 990 1211 1008 1484 541 1790 1105 1159 997 898 1545 743 1589 1558 1057 1574 938 1657 1098
1945 2058 0 1095 1863 2371 1777 1996 1678 1984 1271 1024 2493 1239 1810 1623 1073 1565 842 1779 238 1781 335 1674 2364 464 1066 2476 1584 2107 2166 1367 1340 1525 1755 1720 1225 1073 2144 1865 1944 729 2621 959 1689 1236 694 1487 1367 2233
1472 1452 1095 0 941 1898 854 1523 755 1052 781 220 2016 742 887 700 233 633 1200 848 1060 893 1157 742 1891 780 663 1606 1111 1186 1560 847 408 922 824 1152 582 696 1223 933 1023 1133 1739 300 757 560 549 555 448 1312
2048 1966 1863 941 0 2474 1368 2100 229 435 1386 1078 2550 1348 541 505 1073 1148 1820 909 1828 790 1925 1033 2468 1672 1334 2120 1716 1701 2075 1452 808 1527 1078 1666 873 1334 1738 1447 1537 1855 2254 984 826 1165 1441 1069 739 1827
512 1299 2371 1898 2474 0 1335 634 2409 2362 1243 1868 1013 1211 2541 2354 1863 1525 1822 2153 2310 2547 2563 1929 45 2108 1416 1770 1264 1645 1406 1303 1720 1502 1992 988 2236 1417 1682 1531 1482 1858 1938 2035 2066 1370 1887 1446 2102 1771
909 827 1777 854 1368 1335 0 961 1365 1256 649 831 1411 611 1498 1310 827 419 1247 1046 1727 1504 1847 823 1329 1426 825 911 911 539 936 686 613 499 886 527 1192 826 576 421 360 1282 1052 991 960 576 1194 340 1058 665
254 755 1996 1523 2100 634 961 0 2035 1988 868 1493 600 836 2167 1980 1489 1150 1448 1778 1936 2173 2188 1554 627 1734 1042 1307 978 1271 862 928 1345 1127 1618 613 1862 1043 1308 1157 1107 1483 1474 1660 1692 995 1512 1072 1728 1397
1983 1963 1678 755 229 2409 1365 2035 0 507 1292 892 2528 1254 406 320 888 1145 1726 981 1643 605 1740 1106 2403 1487 1240 2117 1622 1698 2072 1358 920 1433 1151 1664 687 1240 1735 1444 1534 1761 2251 798 898 1071 1256 1067 553 1824
1936 1854 1984 1052 435 2362 1256 1988 507 0 1274 1030 2437 1235 819 783 1025 1035 1707 539 1949 1068 2046 698 2355 1624 1222 2008 1604 1588 1962 1340 696 1415 743 1554 1151 1222 1625 1335 1425 1742 2141 1190 469 1053 1393 957 921 1714
817 930 1271 781 1386 1243 649 868 1292 1274 0 751 1365 57 1424 1237 747 759 723 1069 1211 1430 1463 964 1236 1009 317 1335 456 975 1038 130 630 314 1045 555 1119 318 1011 860 811 758 1476 918 978 234 787 683 985 1101
1442 1429 1024 220 1078 1868 831 1493 892 1030 751 0 1987 713 1025 837 66 611 1043 825 958 1031 1216 720 1861 611 519 1583 1081 1164 1538 817 386 892 801 1129 719 555 1200 910 1000 964 1717 426 734 530 380 532 585 1290
750 868 2493 2016 2550 1013 1411 600 2528 2437 1365 1987 0 1332 2660 2473 1982 1600 1944 2228 2432 2666 2685 2004 1006 2230 1538 1368 1474 1721 828 1425 1795 1591 2067 1110 2355 1539 1757 1606 1557 1979 1421 2154 2142 1491 2009 1522 2221 1847
785 898 1239 742 1348 1211 611 836 1254 1235 57 713 1332 0 1386 1199 708 730 690 1031 1178 1392 1431 925 1204 976 284 1310 424 938 1006 149 591 311 1007 560 1081 285 974 823 774 726 1451 879 940 189 755 652 947 1064
2115 2096 1810 887 541 2541 1498 2167 406 819 1424 1025 2660 1386 0 346 1020 1277 1858 1293 1775 460 1872 1386 2535 1619 1372 2249 1755 1830 2204 1491 1052 1566 1461 1796 820 1372 1867 1577 1667 1893 2383 930 1210 1203 1388 1199 686 1956
1928 1908 1623 700 505 2354 1310 1980 320 783 1237 837 2473 1199 346 0 833 1090 1671 1257 1588 313 1685 1199 2347 1432 1185 2062 1567 1643 2017 1303 865 1378 1280 1608 632 1185 1680 1389 1479 1706 2196 743 1174 1016 1201 1012 488 1769
1437 1425 1073 233 1073 1863 827 1489 888 1025 747 66 1982 708 1020 833 0 606 1078 820 1007 1026 1265 715 1857 660 515 1578 1077 1159 1533 813 381 888 796 1125 715 551 1196 906 996 1013 1712 472 729 526 429 528 581 1285
1099 1017 1565 633 1148 1525 419 1150 1145 1035 759 611 1600 730 1277 1090 606 0 1245 638 1530 1283 1627 409 1518 1205 757 1170 1141 751 1125 790 393 632 468 717 972 753 739 498 588 1280 1304 771 636 572 974 78 838 877
1396 1510 842 1200 1820 1822 1247 1448 1726 1707 723 1043 1944 690 1858 1671 1078 1245 0 1503 782 1864 1034 1397 1816 565 621 1928 1036 1573 1618 819 1063 977 1479 1172 1553 622 1610 1459 1410 113 2079 1195 1412 752 663 1166 1419 1699
1727 1644 1779 848 909 2153 1046 1778 981 539 1069 825 2228 1031 1293 1257 820 638 1503 0 1745 1497 1841 387 2146 1419 1017 1649 1399 1211 1753 1135 491 1210 299 1345 1186 1017 1140 1125 1215 1538 1759 985 237 848 1188 716 1052 1327
1884 1998 238 1060 1828 2310 1727 1936 1643 1949 1211 958 2432 1178 1775 1588 1007 1530 782 1745 0 1736 455 1639 2304 357 1006 2416 1524 2053 2106 1307 1305 1465 1721 1660 1190 1013 2090 1830 1889 669 2567 924 1654 1176 633 1452 1332 2179
2121 2102 1781 893 790 2547 1504 2173 605 1068 1430 1031 2666 1392 460 313 1026 1283 1864 1497 1736 0 1843 1392 2541 1625 1378 2255 1761 1836 2210 1497 1058 1572 1473 1802 746 1378 1873 1583 1673 1899 2389 936 1406 1209 1394 1205 681 1962
2137 2250 335 1157 1925 2563 1847 2188 1740 2046 1463 1216 2685 1431 1872 1685 1265 1627 1034 1841 455 1843 0 1736 2556 657 1259 2599 1776 2180 2359 1559 1402 1717 1817 1913 1286 1265 2217 1927 2016 921 2733 1021 1750 1428 886 1549 1428 2306
1503 1421 1674 742 1033 1929 823 1554 1106 698 964 720 2004 925 1386 1199 715 409 1397 387 1639 1392 1736 0 1922 1314 912 1574 1294 1155 1529 1030 447 1036 133 1121 1081 912 1102 902 992 1432 1708 880 249 743 1083 487 947 1281
505 1293 2364 1891 2468 45 1329 627 2403 2355 1236 1861 1006 1204 2535 2347 1857 1518 1816 2146 2304 2541 2556 1922 0 2102 1410 1763 1257 1639 1400 1296 1713 1495 1986 981 2230 1411 1676 1524 1475 1851 1931 2028 2060 1363 1880 1440 2096 1765
1682 1795 464 780 1672 2108 1426 1734 1487 1624 1009 611 2230 976 1619 1432 660 1205 565 1419 357 1625 657 1314 2102 0 804 2174 1321 1758 1904 1104 980 1262 1395 1458 1106 810 1795 1505 1595 452 2311 761 1328 973 413 1127 1170 1884
990 1104 1066 663 1334 1416 825 1042 1240 1222 317 519 1538 284 1372 1185 515 757 621 1017 1006 1378 1259 912 1410 804 0 1522 630 1151 1212 408 578 566 993 766 1067 49 1188 1037 988 633 1668 866 926 266 524 679 933 1277
1344 575 2476 1606 2120 1770 911 1307 2117 2008 1335 1583 1368 1310 2249 2062 1578 1170 1928 1649 2416 2255 2599 1574 1763 2174 1522 0 1458 622 688 1395 1365 1273 1575 959 1944 1523 616 967 649 1963 217 1743 1712 1322 1946 1092 1810 554
926 1039 1584 1111 1716 1264 911 978 1622 1604 456 1081 1474 424 1755 1567 1077 1141 1036 1399 1524 1761 1776 1294 1257 1321 630 1458 0 1331 1148 518 960 721 1375 702 1449 631 1368 1217 1168 1071 1625 1248 1308 583 1100 1062 1315 1457
1219 1104 2107 1186 1701 1645 539 1271 1698 1588 975 1164 1721 938 1830 1643 1159 751 1573 1211 2053 1836 2180 1155 1639 1758 1151 622 1331 0 1213 1025 946 854 1137 837 1525 1153 170 555 363 1608 732 1324 1293 903 1527 673 1391 300
998 223 2166 1560 2075 1406 936 862 2072 1962 1038 1538 828 1006 2204 2017 1533 1125 1618 1753 2106 2210 2359 1529 1400 1904 1212 688 1148 1213 0 1098 1320 1116 1592 649 1899 1213 1272 1106 1006 1653 806 1698 1667 1165 1683 1047 1765 1211
877 990 1367 847 1452 1303 686 928 1358 1340 130 817 1425 149 1491 1303 813 790 819 1135 1307 1497 1559 1030 1296 1104 408 1395 518 1025 1098 0 696 325 1111 572 1185 409 1062 910 862 854 1535 984 1044 294 880 743 1051 1151
1294 1211 1340 408 808 1720 613 1345 920 696 630 386 1795 591 1052 865 381 393 1063 491 1305 1058 1402 447 1713 980 578 1365 960 946 1320 696 0 771 529 912 747 577 983 692 782 1098 1499 546 400 409 749 315 613 1072
1076 1008 1525 922 1527 1502 499 1127 1433 1415 314 892 1591 311 1566 1378 888 632 977 1210 1465 1572 1717 1036 1495 1262 566 1273 721 854 1116 325 771 0 1095 571 1260 567 891 707 691 1012 1407 1059 1119 431 1037 645 1126 980
1566 1484 1755 824 1078 1992 886 1618 1151 743 1045 801 2067 1007 1461 1280 796 468 1479 299 1721 1473 1817 133 1986 1395 993 1575 1375 1137 1592 1111 529 1095 0 1184 1162 993 1066 965 1055 1514 1685 961 294 824 1164 546 1028 1253
562 541 1720 1152 1666 988 527 613 1664 1554 555 1129 1110 560 1796 1608 1125 717 1172 1345 1660 1802 1913 1121 981 1458 766 959 702 837 649 572 912 571 1184 0 1491 767 874 723 674 1207 1127 1289 1258 717 1236 638 1357 963
1810 1790 1225 582 873 2236 1192 1862 687 1151 1119 719 2355 1081 820 632 715 972 1553 1186 1190 746 1286 1081 2230 1106 1067 1944 1449 1525 1899 1185 747 1260 1162 1491 0 1067 1562 1271 1361 1493 2078 452 1095 898 956 894 280 1651
991 1105 1073 696 1334 1417 826 1043 1240 1222 318 555 1539 285 1372 1185 551 753 622 1017 1013 1378 1265 912 1411 810 49 1523 631 1153 1213 409 577 567 993 767 1067 0 1189 1038 989 640 1669 866 926 266 531 675 933 1279
1256 1159 2144 1223 1738 1682 576 1308 1735 1625 1011 1200 1757 974 1867 1680 1196 739 1610 1140 2090 1873 2217 1102 1676 1795 1188 616 1368 170 1272 1062 983 891 1066 874 1562 1189 0 564 431 1645 726 1360 1313 939 1564 710 1428 218
1105 997 1865 933 1447 1531 421 1157 1444 1335 860 910 1606 823 1577 1389 906 498 1459 1125 1830 1583 1927 902 1524 1505 1037 967 1217 555 1106 910 692 707 965 723 1271 1038 564 0 378 1494 1108 1070 1039 788 1273 419 1137 681
1056 898 1944 1023 1537 1482 360 1107 1534 1425 811 1000 1557 774 1667 1479 996 588 1410 1215 1889 1673 2016 992 1475 1595 988 649 1168 363 1006 862 782 691 1055 674 1361 989 431 378 0 1445 820 1160 1129 739 1363 509 1227 520
1432 1545 729 1133 1855 1858 1282 1483 1761 1742 758 964 1979 726 1893 1706 1013 1280 113 1538 669 1899 921 1432 1851 452 633 1963 1071 1608 1653 854 1098 1012 1514 1207 1493 640 1645 1494 1445 0 2114 1116 1447 787 584 1201 1454 1734
1512 743 2621 1739 2254 1938 1052 1474 2251 2141 1476 1717 1421 1451 2383 2196 1712 1304 2079 1759 2567 2389 2733 1708 1931 2311 1668 217 1625 732 806 1535 1499 1407 1685 1127 2078 1669 726 1108 820 2114 0 1877 1846 1456 2080 1226 1944 664
1609 1589 959 300 984 2035 991 1660 798 1190 918 426 2154 879 930 743 472 771 1195 985 924 936 1021 880 2028 761 866 1743 1248 1324 1698 984 546 1059 961 1289 452 866 1360 1070 1160 1116 1877 0 894 697 532 692 436 1450
1640 1558 1689 757 826 2066 960 1692 898 469 978 734 2142 940 1210 1174 729 636 1412 237 1654 1406 1750 249 2060 1328 926 1712 1308 1293 1667 1044 400 1119 294 1258 1095 926 1313 1039 1129 1447 1846 894 0 757 1097 661 961 1419
944 1057 1236 560 1165 1370 576 995 1071 1053 234 530 1491 189 1203 1016 526 572 752 848 1176 1209 1428 743 1363 973 266 1322 583 903 1165 294 409 431 824 717 898 266 939 788 739 787 1456 697 757 0 738 494 764 1029
1461 1574 694 549 1441 1887 1194 1512 1256 1393 787 380 2009 755 1388 1201 429 974 663 1188 633 1394 886 1083 1880 413 524 1946 1100 1527 1683 880 749 1037 1164 1236 956 531 1564 1273 1363 584 2080 532 1097 738 0 896 940 1653
1020 938 1487 555 1069 1446 340 1072 1067 957 683 532 1522 652 1199 1012 528 78 1166 716 1452 1205 1549 487 1440 1127 679 1092 1062 673 1047 743 315 645 546 638 894 675 710 419 509 1201 1226 692 661 494 896 0 760 799
1676 1657 1367 448 739 2102 1058 1728 553 921 985 585 2221 947 686 488 581 838 1419 1052 1332 681 1428 947 2096 1170 933 1810 1315 1391 1765 1051 613 1126 1028 1357 280 933 1428 1137 1227 1454 1944 436 961 764 940 760 0 1517
1345 1098 2233 1312 1827 1771 665 1397 1824 1714 1101 1290 1847 1064 1956 1769 1285 877 1699 1327 2179 1962 2306 1281 1765 1884 1277 554 1457 300 1211 1151 1072 980 1253 963 1651 1279 218 681 520 1734 664 1450 1419 1029 1653 799 1517 0
OSM_IDS: 443727577 401609637 238472185 353073178 302681786 6509608834 4362719002 479878649 34487341 101023093 267276283 238064068 1194256515 48932881 309298758 25428557 1492866000 249670641 150997142 442928918 225060162 13235999244 59624495 107328998 433559786 225071374 26843028 293843220 424357699 310563433 373523826 84470185 297247183 147583589 322879483 281714545 276217743 131985202 10159061039 460432308 8199482342 824116180 1019644526 99151055 101492978 30095619 27496187 100258420 96547733 259024589
GRAPHML_FILE: data/tsp_dataset/graph_zurich_dist_20000.graphml
EOF