NAME: zurich_50_27
COMMENT: TSP instance with 50 nodes. City: Zurich, Switzerland, Seed: 69
TYPE: TSP
DIMENSION: 50
EDGE_WEIGHT_TYPE: EXPLICIT
EDGE_WEIGHT_FORMAT: FULL_MATRIX
NODE_COORD_SECTION:
1 47.2012313 8.7934876
2 47.5099444 8.4761079
3 47.4752206 8.4501355
4 47.3344256 8.5163632
5 47.3988047 8.6004135
6 47.2570707 8.683399
7 47.3265332 8.5775691
8 47.4990595 8.7078259
9 47.4007317 8.3936618
10 47.409972 8.4045184
11 47.3908665 8.4204131
12 47.2025617 8.5741319
13 47.4473765 8.3301907
14 47.4763272 8.7678556
15 47.2640853 8.339297
16 47.4774769 8.5216999
17 47.341097 8.4581813
18 47.5213224 8.7904754
19 47.29736 8.6967717
20 47.5375195 8.2927374
21 47.2652818 8.7275732
22 47.2651163 8.397401
23 47.3506652 8.4414766
24 47.4129102 8.382586
25 47.2526203 8.7765138
26 47.5235447 8.5533532
27 47.3946785 8.5410572
28 47.2673002 8.3261213
29 47.3687267 8.5217139
30 47.3073465 8.4475529
31 47.2231801 8.682485
32 47.249257 8.7058421
33 47.2752441 8.5658014
34 47.5222145 8.5189948
35 47.3651408 8.8003119
36 47.3768538 8.5206568
37 47.1951634 8.7117852
38 47.3106139 8.3280955
39 47.2797025 8.4461697
40 47.4460274 8.4041563
41 47.217434 8.6105137
42 47.4004256 8.5049511
43 47.4251279 8.6831239
44 47.3615858 8.6302286
45 47.3806252 8.5567075
46 47.2810714 8.6376111
47 47.3884267 8.5363587
48 47.3142351 8.7991277
49 47.3418216 8.6726119
50 47.3951443 8.5452734
EDGE_WEIGHT_SECTION:
0 2710 2535 1526 2116 2811 2028 2654 2038 2105 1887 1455 2372 2955 2479 2376 1678 2956 2554 3113 2791 2104 1686 2099 3007 2608 1805 2526 1535 1775 694 2980 1265 2551 2840 1587 504 2389 1980 2384 1074 1921 2478 2192 1803 2555 1723 2870 2474 1858
2710 0 381 1480 970 2310 1603 1497 1202 1095 1051 2371 1190 1793 2184 418 1307 1615 1885 1116 2094 1855 1307 1095 2215 521 1003 2199 1265 1516 2196 2299 1792 255 1685 1187 2367 1944 1731 885 1989 994 1302 1344 1122 2093 1039 1715 1513 980
2535 381 0 1309 857 2197 1447 1386 922 815 771 2196 865 1686 1904 484 1027 1687 1772 991 1981 1575 1027 815 2102 732 810 1919 1066 1236 2021 2186 1618 572 1572 1002 2192 1664 1451 575 1815 714 1210 1231 955 1973 838 1602 1400 834
1526 1480 1309 0 886 1581 799 1425 910 977 759 1054 1242 1725 1351 1147 549 1726 1325 1983 1561 976 557 969 1777 1379 575 1398 305 647 1012 1750 567 1321 1611 357 1183 1260 852 1254 805 691 1249 963 573 1326 493 1640 1245 629
2116 970 857 886 0 1394 929 772 961 853 809 1777 1127 1073 1913 637 1048 1074 966 1789 1228 1541 1065 854 1444 869 412 1957 671 1212 1602 1392 1198 811 958 593 1773 1702 1417 930 1395 603 597 425 455 1174 445 988 594 389
2811 2310 2197 1581 1394 0 843 1938 2115 2057 1963 2471 2274 2000 2611 1976 1809 2239 525 3015 354 2236 1818 2001 592 2208 1472 2658 1373 1907 2297 183 1893 2151 1349 1390 2468 2520 2112 2250 2090 1663 1514 999 1378 366 1409 821 875 1492
2028 1603 1447 799 929 843 0 1548 1333 1274 1180 1689 1491 1848 1829 1270 1027 1849 731 2233 967 1454 1035 1218 1183 1502 690 1876 591 1125 1515 1021 1111 1444 1472 608 1686 1738 1330 1467 1308 881 1247 566 573 587 627 1117 775 710
2654 1497 1386 1425 772 1938 1548 0 1489 1382 1338 2315 1655 490 2452 1166 1577 610 1538 2317 1714 2079 1594 1382 1835 1141 947 2486 1210 1750 2141 1919 1737 1288 1109 1132 2312 2231 1956 1458 1934 1141 546 1133 1066 1797 984 1334 1302 925
2038 1202 922 910 961 2115 1333 1489 0 190 251 1699 502 1790 1406 997 530 1791 1850 1319 2079 1078 530 134 2205 1352 859 1421 847 739 1524 2276 1120 1295 1675 766 1695 1148 954 574 1317 763 1313 1334 967 1859 809 1705 1503 887
2105 1095 815 977 853 2057 1274 1382 190 0 321 1766 524 1682 1474 889 597 1683 1768 1268 1977 1145 597 165 2098 1245 801 1489 776 806 1592 2182 1188 1187 1568 708 1763 1227 1022 522 1385 651 1206 1227 909 1801 751 1597 1395 829
1887 1051 771 759 809 1963 1180 1338 251 321 0 1548 608 1638 1255 845 379 1639 1698 1349 1925 927 357 329 2054 1201 707 1270 693 588 1373 2123 969 1143 1524 614 1544 1016 803 620 1166 654 1162 1183 815 1707 657 1553 1351 735
1455 2371 2196 1054 1777 2471 1689 2315 1699 1766 1548 0 2033 2615 1617 2037 1336 2616 2215 2774 2452 1152 1346 1760 2667 2269 1465 1664 1195 1167 923 2641 777 2212 2501 1248 1113 1739 1030 2045 433 1582 2139 1853 1464 2216 1384 2531 2135 1519
2372 1190 865 1242 1127 2274 1491 1655 502 524 608 2033 0 1956 1740 1163 864 1957 2009 921 2239 1412 864 368 2371 1518 1018 1756 1012 1073 1858 2435 1454 1381 1841 925 2029 1501 1288 560 1651 974 1479 1500 1126 2018 968 1871 1669 1046
2955 1793 1686 1725 1073 2000 1848 490 1790 1682 1638 2615 1956 0 2752 1466 1878 536 1588 2618 1778 2380 1894 1683 1879 1439 1248 2786 1510 2051 2441 1982 2037 1586 1005 1432 2612 2532 2256 1759 2234 1442 822 1386 1366 1847 1284 1376 1553 1225
2479 2184 1904 1351 1913 2611 1829 2452 1406 1474 1255 1617 1740 2752 0 1978 1023 2753 2355 2482 2591 514 1075 1467 2807 2334 1605 127 1335 907 1965 2780 1562 2276 2638 1387 2136 492 786 1753 1676 1721 2276 1992 1603 2355 1523 2667 2275 1659
2376 418 484 1147 637 1976 1270 1166 997 889 845 2037 1163 1466 1978 0 1102 1467 1552 1355 1761 1649 1102 890 1882 474 669 1993 932 1311 1863 1966 1459 444 1352 854 2034 1739 1526 898 1656 859 990 1011 788 1759 706 1381 1179 647
1678 1307 1027 549 1048 1809 1027 1577 530 597 379 1336 864 1878 1023 1102 0 1878 1553 1605 1790 682 192 591 2005 1457 803 1070 533 343 1164 1979 760 1399 1763 586 1335 880 559 876 957 862 1401 1191 801 1554 722 1793 1473 857
2956 1615 1687 1726 1074 2239 1849 610 1791 1683 1639 2616 1957 536 2753 1467 1878 0 1840 2619 2015 2381 1895 1683 2136 1237 1248 2787 1511 2052 2442 2220 2038 1384 1410 1433 2613 2532 2257 1760 2235 1443 847 1434 1367 2098 1285 1636 1603 1226
2554 1885 1772 1325 966 525 731 1538 1850 1768 1698 2215 2009 1588 2355 1552 1553 1840 0 2703 372 1980 1561 1736 623 1784 1152 2402 1117 1651 2041 514 1637 1726 983 1134 2212 2264 1856 1845 1834 1343 1114 572 994 405 1089 604 447 1169
3113 1116 991 1983 1789 3015 2233 2317 1319 1268 1349 2774 921 2618 2482 1355 1605 2619 2703 0 2912 2153 1605 1194 3033 1525 1741 2497 1754 1814 2600 3117 2196 1339 2503 1667 2771 2159 2030 1254 2393 1645 2141 2162 1867 2759 1709 2533 2331 1765
2791 2094 1981 1561 1228 354 967 1714 2079 1977 1925 2452 2239 1778 2591 1761 1790 2015 372 2912 0 2216 1798 1966 330 1993 1388 2638 1354 1887 2277 335 1873 1935 1125 1370 2448 2501 2093 2054 2070 1579 1290 808 1230 508 1325 597 710 1405
2104 1855 1575 976 1541 2236 1454 2079 1078 1145 927 1152 1412 2380 514 1649 682 2381 1980 2153 2216 0 700 1139 2432 2005 1230 607 960 613 1590 2405 1186 1947 2265 1012 1761 703 411 1424 1211 1346 1904 1617 1228 1980 1148 2295 1899 1283
1686 1307 1027 557 1065 1818 1035 1594 530 597 357 1346 864 1894 1075 1102 192 1895 1561 1605 1798 700 0 591 2013 1457 811 1106 542 341 1172 1987 768 1399 1780 594 1343 878 576 876 965 886 1418 1199 810 1562 730 1810 1481 865
2099 1095 815 969 854 2001 1218 1382 134 165 329 1760 368 1683 1467 890 591 1683 1736 1194 1966 1139 591 0 2098 1245 745 1482 739 800 1585 2162 1181 1188 1568 652 1756 1220 1015 449 1378 701 1206 1227 853 1745 695 1598 1396 773
3007 2215 2102 1777 1444 592 1183 1835 2205 2098 2054 2667 2371 1879 2807 1882 2005 2136 623 3033 330 2432 2013 2098 0 2114 1604 2854 1569 2103 2493 518 2089 2056 1118 1586 2664 2716 2308 2174 2286 1795 1410 1024 1446 761 1541 544 925 1598
2608 521 732 1379 869 2208 1502 1141 1352 1245 1201 2269 1518 1439 2334 474 1457 1237 1784 1525 1993 2005 1457 1245 2114 0 901 2349 1164 1666 2095 2198 1691 289 1584 1086 2266 2094 1881 1235 1888 1096 1195 1243 1020 1991 938 1613 1411 879
1805 1003 810 575 412 1472 690 947 859 801 707 1465 1018 1248 1605 669 803 1248 1152 1741 1388 1230 811 745 1604 901 0 1652 360 901 1291 1577 887 844 1133 271 1462 1514 1106 830 1084 299 771 744 200 1217 96 1163 957 111
2526 2199 1919 1398 1957 2658 1876 2486 1421 1489 1270 1664 1756 2786 127 1993 1070 2787 2402 2497 2638 607 1106 1482 2854 2349 1652 0 1382 954 2012 2827 1608 2291 2672 1434 2183 485 833 1768 1723 1768 2310 2039 1650 2402 1570 2701 2322 1705
1535 1265 1066 305 671 1373 591 1210 847 776 693 1195 1012 1510 1335 932 533 1511 1117 1754 1354 960 542 739 1569 1164 360 1382 0 631 1021 1543 617 1106 1396 123 1192 1244 836 1015 814 451 1034 755 366 1118 278 1425 1037 414
1775 1516 1236 647 1212 1907 1125 1750 739 806 588 1167 1073 2051 907 1311 343 2052 1651 1814 1887 613 341 800 2103 1666 901 954 631 0 1261 2076 857 1608 1936 683 1432 768 278 1085 1054 1017 1575 1288 899 1651 819 1966 1570 954
694 2196 2021 1012 1602 2297 1515 2141 1524 1592 1373 923 1858 2441 1965 1863 1164 2442 2041 2600 2277 1590 1172 1585 2493 2095 1291 2012 1021 1261 0 2466 751 2037 2327 1073 378 1875 1467 1871 542 1407 1965 1678 1289 2041 1209 2356 1961 1344
2980 2299 2186 1750 1392 183 1021 1919 2276 2182 2123 2641 2435 1982 2780 1966 1979 2220 514 3117 335 2405 1987 2162 518 2198 1577 2827 1543 2076 2466 0 2062 2140 1330 1560 2637 2690 2282 2258 2259 1769 1494 998 1419 545 1514 802 873 1594
1265 1792 1618 567 1198 1893 1111 1737 1120 1188 969 777 1454 2037 1562 1459 760 2038 1637 2196 1873 1186 768 1181 2089 1691 887 1608 617 857 751 2062 0 1633 1923 670 922 1471 1055 1467 538 1004 1561 1274 885 1637 805 1952 1557 941
2551 255 572 1321 811 2151 1444 1288 1295 1187 1143 2212 1381 1586 2276 444 1399 1384 1726 1339 1935 1947 1399 1188 2056 289 844 2291 1106 1608 2037 2140 1633 0 1526 1028 2208 2037 1824 1076 1830 1038 1143 1185 963 1934 880 1556 1354 821
2840 1685 1572 1611 958 1349 1472 1109 1675 1568 1524 2501 1841 1005 2638 1352 1763 1410 983 2503 1125 2265 1780 1568 1118 1584 1133 2672 1396 1936 2327 1330 1923 1526 0 1318 2498 2417 2142 1645 2120 1327 807 919 1252 1242 1170 616 979 1111
1587 1187 1002 357 593 1390 608 1132 766 708 614 1248 925 1432 1387 854 586 1433 1134 1667 1370 1012 594 652 1586 1086 271 1434 123 683 1073 1560 670 1028 1318 0 1244 1297 889 938 867 370 956 767 356 1135 175 1347 1049 341
504 2367 2192 1183 1773 2468 1686 2312 1695 1763 1544 1113 2029 2612 2136 2034 1335 2613 2212 2771 2448 1761 1343 1756 2664 2266 1462 2183 1192 1432 378 2637 922 2208 2498 1244 0 2046 1638 2042 731 1578 2136 1849 1460 2212 1380 2527 2132 1515
2389 1944 1664 1260 1702 2520 1738 2231 1148 1227 1016 1739 1501 2532 492 1739 880 2532 2264 2159 2501 703 878 1220 2716 2094 1514 485 1244 768 1875 2690 1471 2037 2417 1297 2046 0 909 1513 1668 1556 2055 1902 1513 2265 1433 2447 2184 1568
1980 1731 1451 852 1417 2112 1330 1956 954 1022 803 1030 1288 2256 786 1526 559 2257 1856 2030 2093 411 576 1015 2308 1881 1106 833 836 278 1467 2282 1055 1824 2142 889 1638 909 0 1301 1089 1223 1780 1494 1104 1857 1024 2172 1776 1160
2384 885 575 1254 930 2250 1467 1458 574 522 620 2045 560 1759 1753 898 876 1760 1845 1254 2054 1424 876 449 2174 1235 830 1768 1015 1085 1871 2258 1467 1076 1645 938 2042 1513 1301 0 1664 678 1283 1304 976 1994 858 1674 1472 858
1074 1989 1815 805 1395 2090 1308 1934 1317 1385 1166 433 1651 2234 1676 1656 957 2235 1834 2393 2070 1211 965 1378 2286 1888 1084 1723 814 1054 542 2259 538 1830 2120 867 731 1668 1089 1664 0 1201 1758 1472 1082 1834 1002 2149 1754 1138
1921 994 714 691 603 1663 881 1141 763 651 654 1582 974 1442 1721 859 862 1443 1343 1645 1579 1346 886 701 1795 1096 299 1768 451 1017 1407 1769 1004 1038 1327 370 1578 1556 1223 678 1201 0 966 953 414 1408 278 1357 1148 327
2478 1302 1210 1249 597 1514 1247 546 1313 1206 1162 2139 1479 822 2276 990 1401 847 1114 2141 1290 1904 1418 1206 1410 1195 771 2310 1034 1575 1965 1494 1561 1143 807 956 2136 2055 1780 1283 1758 966 0 683 890 1373 808 910 850 749
2192 1344 1231 963 425 999 566 1133 1334 1227 1183 1853 1500 1386 1992 1011 1191 1434 572 2162 808 1617 1199 1227 1024 1243 744 2039 755 1288 1678 998 1274 1185 919 767 1849 1902 1494 1304 1472 953 683 0 546 750 711 949 313 725
1803 1122 955 573 455 1378 573 1066 967 909 815 1464 1126 1366 1603 788 801 1367 994 1867 1230 1228 810 853 1446 1020 200 1650 366 899 1289 1419 885 963 1252 356 1460 1513 1104 976 1082 414 890 546 0 1121 186 1282 828 184
2555 2093 1973 1326 1174 366 587 1797 1859 1801 1707 2216 2018 1847 2355 1759 1554 2098 405 2759 508 1980 1562 1745 761 1991 1217 2402 1118 1651 2041 545 1637 1934 1242 1135 2212 2265 1857 1994 1834 1408 1373 750 1121 0 1154 883 706 1237
1723 1039 838 493 445 1409 627 984 809 751 657 1384 968 1284 1523 706 722 1285 1089 1709 1325 1148 730 695 1541 938 96 1570 278 819 1209 1514 805 880 1170 175 1380 1433 1024 858 1002 278 808 711 186 1154 0 1199 987 166
2870 1715 1602 1640 988 821 1117 1334 1705 1597 1553 2531 1871 1376 2667 1381 1793 1636 604 2533 597 2295 1810 1598 544 1613 1163 2701 1425 1966 2356 802 1952 1556 616 1347 2527 2447 2172 1674 2149 1357 910 949 1282 883 1199 0 826 1141
2474 1513 1400 1245 594 875 775 1302 1503 1395 1351 2135 1669 1553 2275 1179 1473 1603 447 2331 710 1899 1481 1396 925 1411 957 2322 1037 1570 1961 873 1557 1354 979 1049 2132 2184 1776 1472 1754 1148 850 313 828 706 987 826 0 935
1858 980 834 629 389 1492 710 925 887 829 735 1519 1046 1225 1659 647 857 1226 1169 1765 1405 1283 865 773 1598 879 111 1705 414 954 1344 1594 941 821 1111 341 1515 1568 1160 858 1138 327 749 725 184 1237 166 1141 935 0
OSM_IDS: 33327306 101483398 249695333 84506404 582465227 470246101 1509481985 4115297999 1696047652 2001397773 462242979 2070862312 206257604 1491349180 1202897097 79242083 1507924576 408766003 216287393 276273522 207715605 448547635 287851666 10991618427 285501706 105503227 102365556 1145501724 81561710 339610980 935392817 34190460 73280493 101080714 293314563 28580070 210366355 316088824 311319052 371180594 233260664 5637858519 96537376 470278345 344796329 1574734354 30065874 320652788 97942957 135623620
GRAPHML_FILE: data/tsp_dataset/graph_zurich_dist_20000.graphml
EOF