NAME: zurich_50_29
COMMENT: TSP instance with 50 nodes. City: Zurich, Switzerland, Seed: 71
TYPE: TSP
DIMENSION: 50
EDGE_WEIGHT_TYPE: EXPLICIT
EDGE_WEIGHT_FORMAT: FULL_MATRIX
NODE_COORD_SECTION:
1 47.4175487 8.3726671
2 47.2998386 8.4490913
3 47.495988 8.7434455
4 47.3685944 8.5095287
5 47.2217296 8.5039321
6 47.3393737 8.4736021
7 47.3882903 8.6787149
8 47.4163786 8.5869234
9 47.3311059 8.4748094
10 47.4370229 8.291425
11 47.2173155 8.6780181
12 47.3079676 8.3220656
13 47.2036313 8.6989044
14 47.388343 8.540649
15 47.3469823 8.567024
16 47.2445532 8.6221722
17 47.3400317 8.5805283
18 47.4471039 8.3686022
19 47.5147023 8.3679945
20 47.2177374 8.5770493
21 47.3618352 8.3548827
22 47.5368518 8.6895637
23 47.4285683 8.3147324
24 47.3491492 8.7230592
25 47.2662509 8.6580361
26 47.3907119 8.4330849
27 47.3708058 8.3812207
28 47.5241381 8.3582058
29 47.4277479 8.5369585
30 47.3896193 8.6737626
31 47.5281046 8.3378769
32 47.3042862 8.6852167
33 47.3337135 8.6129442
34 47.3105721 8.3234021
35 47.4082161 8.5602323
36 47.3966799 8.4950503
37 47.5177154 8.6450306
38 47.4964291 8.7515651
39 47.4064438 8.3920143
40 47.2976739 8.765592
41 47.3938176 8.5215822
42 47.4240675 8.3137827
43 47.2842119 8.7131005
44 47.4503407 8.5958341
45 47.4158619 8.5902513
46 47.5032443 8.3271682
47 47.4129111 8.6044762
48 47.4760913 8.4519658
49 47.2772933 8.576162
50 47.3732199 8.5346349
EDGE_WEIGHT_SECTION:
0 928 1581 809 1396 800 1149 941 851 694 1614 1325 1623 800 1147 1450 1189 413 1007 1647 731 1558 614 1381 1936 466 493 1124 777 1112 1138 1753 1427 1302 917 566 1554 1594 149 1771 673 598 1854 937 949 911 940 912 1268 809
928 0 1939 780 689 353 1506 1257 328 1338 1279 823 1289 886 1043 1116 1085 1039 1661 919 788 1915 1315 1739 1832 721 883 1777 1187 1470 1792 1657 1331 800 1105 983 1964 1952 804 1970 945 1268 1759 1348 1260 1565 1303 1323 934 725
1581 1939 0 1388 2397 1801 938 972 1852 2036 2230 2412 2239 1113 1537 2066 1571 1692 2055 2263 1945 540 2149 1178 1977 1542 1707 2178 1113 905 2366 1616 1608 2388 1039 1421 648 76 1569 1568 1156 2119 1682 1035 950 2218 898 1544 1884 1236
809 780 1388 0 1239 632 955 705 694 1264 1071 1386 1081 361 539 908 581 920 1542 1104 975 1364 1377 1188 1328 668 941 1659 745 919 1673 1153 827 1362 554 364 1436 1401 804 1466 338 1347 1254 835 709 1446 773 1072 726 201
1396 689 2397 1239 0 863 1965 1715 915 1815 994 1270 1097 1344 1502 916 1544 1508 2129 378 1256 2374 1792 2197 2290 1189 1351 2246 1656 1929 2260 2115 1790 1247 1563 1451 2433 2411 1273 2429 1403 1745 2217 1816 1718 2033 1771 1791 1086 1184
800 353 1801 632 863 0 1369 1119 129 1219 1141 1068 1151 748 905 978 947 911 1533 1064 659 1778 1195 1601 1694 593 755 1649 1059 1332 1663 1519 1193 1045 967 762 1833 1814 676 1833 807 1148 1621 1219 1122 1437 1165 1194 796 587
1149 1506 938 955 1965 1369 0 535 1420 1604 1797 1979 1807 681 906 1633 773 1260 1623 1830 1513 915 1717 341 1140 1109 1275 1746 681 38 1933 779 742 1955 607 989 986 951 1137 731 724 1687 845 686 513 1786 461 1111 1452 804
941 1257 972 705 1715 1119 535 0 1170 1396 1547 1772 1557 431 855 1384 888 1053 1415 1581 1305 948 1509 767 1491 902 1067 1538 459 499 1726 1130 986 1748 244 739 990 985 929 1157 474 1480 1251 404 28 1578 146 904 1202 554
851 328 1852 694 915 129 1420 1170 0 1270 1193 1074 1202 799 956 1029 998 962 1584 1055 711 1829 1246 1652 1745 644 806 1700 1110 1384 1714 1570 1244 1050 1018 891 1884 1865 727 1884 858 1199 1672 1270 1173 1488 1216 1246 847 638
694 1338 2036 1264 1815 1219 1604 1396 1270 0 2033 1152 2043 1255 1602 1869 1644 687 819 2066 792 2013 237 1836 2391 933 813 936 1232 1567 950 2208 1882 1128 1372 1021 2009 2049 768 2226 1128 193 2309 1392 1404 723 1395 1139 1687 1264
1614 1279 2230 1071 994 1141 1797 1547 1193 2033 0 1885 250 1177 1334 388 1376 1725 2347 619 1474 2206 2009 2030 2122 1407 1569 2463 1625 1761 2478 1948 1622 1861 1395 1304 2278 2243 1490 2261 1235 1962 2049 1677 1551 2251 1615 2009 715 1016
1325 823 2412 1386 1270 1068 1979 1772 1074 1152 1885 0 1895 1492 1649 1721 1691 1459 1958 1601 656 2388 1100 2212 2437 1141 897 2075 1607 1943 2089 2263 1937 24 1710 1403 2385 2425 1186 2576 1510 1053 2364 1768 1780 1862 1771 1743 1539 1331
1623 1289 2239 1081 1097 1151 1807 1557 1202 2043 250 1895 0 1186 1343 421 1386 1735 2357 723 1483 2216 2019 2039 2132 1417 1579 2473 1634 1771 2487 1957 1631 1871 1405 1314 2287 2252 1500 2271 1245 1972 2059 1687 1560 2260 1624 2018 725 1025
800 886 1113 361 1344 748 681 431 799 1255 1177 1492 1186 0 468 1013 502 912 1380 1210 1080 1090 1368 913 1257 761 933 1502 481 644 1664 1018 692 1468 268 435 1161 1126 795 1303 170 1339 1119 560 434 1437 498 868 831 185
1147 1043 1537 539 1502 905 906 855 956 1602 1334 1649 1343 468 0 1170 133 1259 1846 1367 1238 1514 1715 1110 920 1075 1280 1969 932 908 2011 751 425 1625 703 764 1585 1550 1142 1065 610 1686 853 985 858 1784 919 1334 988 367
1450 1116 2066 908 916 978 1633 1384 1029 1869 388 1721 421 1013 1170 0 1212 1562 2183 542 1310 2042 1846 1866 1959 1243 1405 2300 1461 1597 2314 1784 1458 1698 1232 1140 2114 2079 1327 2098 1072 1799 1886 1513 1387 2087 1451 1845 422 852
1189 1085 1571 581 1544 947 773 888 998 1644 1376 1691 1386 502 133 1212 0 1301 1879 1409 1280 1547 1757 977 880 1117 1322 2002 966 775 2053 618 292 1667 737 806 1619 1584 1184 932 643 1728 720 1018 892 1826 923 1368 1030 409
413 1039 1692 920 1508 911 1260 1053 962 687 1725 1459 1735 912 1259 1562 1301 0 899 1759 990 1669 851 1493 2047 590 752 1015 888 1224 1029 1864 1538 1436 1029 677 1665 1706 408 1882 784 806 1966 1049 1061 809 1052 694 1380 920
1007 1661 2055 1542 2129 1533 1623 1415 1584 819 2347 1958 2357 1380 1846 2183 1879 899 0 2380 1542 1914 984 1855 2620 1212 1377 143 1137 1587 368 2259 2070 1935 1392 1278 1619 2068 1046 2245 1337 939 2359 1328 1424 297 1415 585 2002 1542
1647 919 2263 1104 378 1064 1830 1581 1055 2066 619 1601 723 1210 1367 542 1409 1759 2380 0 1507 2239 2043 2063 2156 1440 1602 2497 1658 1794 2511 1981 1655 1577 1429 1337 2311 2276 1524 2295 1269 1996 2083 1710 1584 2284 1648 2042 712 1049
731 788 1945 975 1256 659 1513 1305 711 792 1474 656 1483 1080 1238 1310 1280 990 1542 1507 0 1922 684 1745 2026 649 294 1658 1141 1477 1673 1851 1526 632 1282 937 1918 1959 582 2135 1043 637 1953 1302 1314 1446 1305 1277 1128 920
1558 1915 540 1364 2374 1778 915 948 1829 2013 2206 2388 2216 1090 1514 2042 1547 1669 1914 2239 1922 0 2126 1155 1953 1518 1684 2037 1090 881 2225 1592 1584 2364 1016 1398 295 537 1546 1545 1133 2096 1658 1010 926 2154 875 1517 1861 1213
614 1315 2149 1377 1792 1195 1717 1509 1246 237 2009 1100 2019 1368 1715 1846 1757 851 984 2043 684 2126 0 1949 2504 1036 704 1100 1345 1681 1114 2321 1995 1076 1485 1134 2122 2162 740 2339 1241 69 2422 1505 1518 888 1508 1304 1664 1377
1381 1739 1178 1188 2197 1601 341 767 1652 1836 2030 2212 2039 913 1110 1866 977 1493 1855 2063 1745 1155 1949 0 858 1342 1507 1978 913 344 2166 497 761 2188 839 1221 1226 1191 1369 474 956 1920 569 919 746 2018 694 1344 1684 1036
1936 1832 1977 1328 2290 1694 1140 1491 1745 2391 2122 2437 2132 1257 920 1959 880 2047 2620 2156 2026 1953 2504 858 0 1863 2068 2743 1678 1142 2800 423 752 2414 1492 1552 2025 1990 1931 753 1398 2474 456 1713 1475 2573 1417 2109 1777 1156
466 721 1542 668 1189 593 1109 902 644 933 1407 1141 1417 761 1075 1243 1117 590 1212 1440 649 1518 1036 1342 1863 0 411 1328 738 1073 1342 1689 1363 1117 877 512 1515 1555 333 1732 634 1001 1790 898 910 1115 901 873 1061 736
493 883 1707 941 1351 755 1275 1067 806 813 1569 897 1579 933 1280 1405 1322 752 1377 1602 294 1684 704 1507 2068 411 0 1493 903 1239 1507 1885 1559 874 1043 698 1680 1720 344 1897 805 657 1987 1063 1076 1281 1066 1038 1223 941
1124 1777 2178 1659 2246 1649 1746 1538 1700 936 2463 2075 2473 1502 1969 2300 2002 1015 143 2497 1658 2037 1100 1978 2743 1328 1493 0 1260 1709 394 2382 2192 2051 1514 1401 1742 2191 1162 2368 1459 1056 2482 1451 1546 414 1537 708 2118 1658
777 1187 1113 745 1656 1059 681 459 1110 1232 1625 1607 1634 481 932 1461 966 888 1137 1658 1141 1090 1345 913 1678 738 903 1260 0 645 1447 1317 1153 1584 377 613 1081 1127 765 1303 484 1315 1417 464 470 1376 473 625 1279 631
1112 1470 905 919 1929 1332 38 499 1384 1567 1761 1943 1771 644 908 1597 775 1224 1587 1794 1477 881 1681 344 1142 1073 1239 1709 645 0 1897 781 744 1919 571 953 953 918 1100 733 687 1651 847 650 477 1749 425 1075 1415 768
1138 1792 2366 1673 2260 1663 1933 1726 1714 950 2478 2089 2487 1664 2011 2314 2053 1029 368 2511 1673 2225 1114 2166 2800 1342 1507 394 1447 1897 0 2570 2291 2065 1702 1430 1930 2379 1177 2555 1536 1070 2669 1638 1734 274 1725 896 2132 1672
1753 1657 1616 1153 2115 1519 779 1130 1570 2208 1948 2263 1957 1018 751 1784 618 1864 2259 1981 1851 1592 2321 497 423 1689 1885 2382 1317 781 2570 0 402 2239 1188 1377 1664 1629 1747 447 1159 2291 232 1352 1114 2390 1056 1748 1602 980
1427 1331 1608 827 1790 1193 742 986 1244 1882 1622 1937 1631 692 425 1458 292 1538 2070 1655 1526 1584 1995 761 752 1363 1559 2192 1153 744 2291 402 0 1913 927 1051 1656 1621 1422 716 833 1965 504 1205 970 2064 913 1558 1276 654
1302 800 2388 1362 1247 1045 1955 1748 1050 1128 1861 24 1871 1468 1625 1698 1667 1436 1935 1577 632 2364 1076 2188 2414 1117 874 2051 1584 1919 2065 2239 1913 0 1687 1379 2361 2401 1162 2552 1486 1029 2340 1744 1756 1838 1747 1719 1516 1307
917 1105 1039 554 1563 967 607 244 1018 1372 1395 1710 1405 268 703 1232 737 1029 1392 1429 1282 1016 1485 839 1492 877 1043 1514 377 571 1702 1188 927 1687 0 577 1087 1053 905 1229 311 1456 1315 487 248 1554 348 880 1050 402
566 983 1421 364 1451 762 989 739 891 1021 1304 1403 1314 435 764 1140 806 677 1278 1337 937 1398 1134 1221 1552 512 698 1401 613 953 1430 1377 1051 1379 577 0 1469 1435 561 1611 308 1104 1479 869 742 1203 807 767 958 425
1554 1964 648 1436 2433 1833 986 990 1884 2009 2278 2385 2287 1161 1585 2114 1619 1665 1619 2311 1918 295 2122 1226 2025 1515 1680 1742 1081 953 1930 1664 1656 2361 1087 1469 0 649 1542 1616 1204 2092 1730 718 993 1859 946 1230 1932 1284
1594 1952 76 1401 2411 1814 951 985 1865 2049 2243 2425 2252 1126 1550 2079 1584 1706 2068 2276 1959 537 2162 1191 1990 1555 1720 2191 1127 918 2379 1629 1621 2401 1053 1435 649 0 1582 1581 1169 2133 1695 1048 963 2231 912 1557 1897 1249
149 804 1569 804 1273 676 1137 929 727 768 1490 1186 1500 795 1142 1327 1184 408 1046 1524 582 1546 740 1369 1931 333 344 1162 765 1100 1177 1747 1422 1162 905 561 1542 1582 0 1759 667 724 1849 925 937 950 928 900 1145 803
1771 1970 1568 1466 2429 1833 731 1157 1884 2226 2261 2576 2271 1303 1065 2098 932 1882 2245 2295 2135 1545 2339 474 753 1732 1897 2368 1303 733 2555 447 716 2552 1229 1611 1616 1581 1759 0 1346 2309 378 1308 1135 2408 1084 1733 1916 1293
673 945 1156 338 1403 807 724 474 858 1128 1235 1510 1245 170 610 1072 643 784 1337 1269 1043 1133 1241 956 1398 634 805 1459 484 687 1536 1159 833 1486 311 308 1204 1169 667 1346 0 1211 1261 603 477 1310 541 825 890 291
598 1268 2119 1347 1745 1148 1687 1480 1199 193 1962 1053 1972 1339 1686 1799 1728 806 939 1996 637 2096 69 1920 2474 1001 657 1056 1315 1651 1070 2291 1965 1029 1456 1104 2092 2133 724 2309 1211 0 2393 1476 1488 843 1479 1259 1617 1347
1854 1759 1682 1254 2217 1621 845 1251 1672 2309 2049 2364 2059 1119 853 1886 720 1966 2359 2083 1953 1658 2422 569 456 1790 1987 2482 1417 847 2669 232 504 2340 1315 1479 1730 1695 1849 378 1261 2393 0 1422 1235 2491 1178 1847 1704 1081
937 1348 1035 835 1816 1219 686 404 1270 1392 1677 1768 1687 560 985 1513 1018 1049 1328 1710 1302 1010 1505 919 1713 898 1063 1451 464 650 1638 1352 1205 1744 487 869 718 1048 925 1308 603 1476 1422 0 416 1559 491 900 1331 683
949 1260 950 709 1718 1122 513 28 1173 1404 1551 1780 1560 434 858 1387 892 1061 1424 1584 1314 926 1518 746 1475 910 1076 1546 470 477 1734 1114 970 1756 248 742 993 963 937 1135 477 1488 1235 416 0 1586 119 912 1205 557
911 1565 2218 1446 2033 1437 1786 1578 1488 723 2251 1862 2260 1437 1784 2087 1826 809 297 2284 1446 2154 888 2018 2573 1115 1281 414 1376 1749 274 2390 2064 1838 1554 1203 1859 2231 950 2408 1310 843 2491 1559 1586 0 1577 825 1905 1446
940 1303 898 773 1771 1165 461 146 1216 1395 1615 1771 1624 498 919 1451 923 1052 1415 1648 1305 875 1508 694 1417 901 1066 1537 473 425 1725 1056 913 1747 348 807 946 912 928 1084 541 1479 1178 491 119 1577 0 903 1269 621
912 1323 1544 1072 1791 1194 1111 904 1246 1139 2009 1743 2018 868 1334 1845 1368 694 585 2042 1277 1517 1304 1344 2109 873 1038 708 625 1075 896 1748 1558 1719 880 767 1230 1557 900 1733 825 1259 1847 900 912 825 903 0 1663 1039
1268 934 1884 726 1086 796 1452 1202 847 1687 715 1539 725 831 988 422 1030 1380 2002 712 1128 1861 1664 1684 1777 1061 1223 2118 1279 1415 2132 1602 1276 1516 1050 958 1932 1897 1145 1916 890 1617 1704 1331 1205 1905 1269 1663 0 670
809 725 1236 201 1184 587 804 554 638 1264 1016 1331 1025 185 367 852 409 920 1542 1049 920 1213 1377 1036 1156 736 941 1658 631 768 1672 980 654 1307 402 425 1284 1249 803 1293 291 1347 1081 683 557 1446 621 1039 670 0
OSM_IDS: 464700790 12192918149 25428382 349232240 240042338 279062857 344366555 98011076 279063383 13185551200 60505451 274811373 11329472173 27493696 803860149 3236190277 150876706 632573202 249671487 32460363 614839570 28283821 1166592356 269549745 218297058 462248157 1988148594 2300795934 101752535 26974737 316174132 216315153 240301619 313080159 13109224755 676627587 431282758 25430523 316836813 652801793 286010555 1204579439 28104641 92314865 101760029 316172623 101768587 427697685 186713318 1552956916
GRAPHML_FILE: data/tsp_dataset/graph_zurich_dist_20000.graphml
EOF