NAME: zurich_50_24
COMMENT: TSP instance with 50 nodes. City: Zurich, Switzerland, Seed: 66
TYPE: TSP
DIMENSION: 50
EDGE_WEIGHT_TYPE: EXPLICIT
EDGE_WEIGHT_FORMAT: FULL_MATRIX
NODE_COORD_SECTION:
1 47.4138547 8.5454219
2 47.4115131 8.6099663
3 47.2281602 8.6628905
4 47.5538723 8.3335934
5 47.5532068 8.3311879
6 47.3889609 8.3305063
7 47.3514929 8.6328777
8 47.3940298 8.5353232
9 47.5343535 8.8005627
10 47.4623454 8.2790043
11 47.3289139 8.5991851
12 47.4314515 8.6449504
13 47.3680648 8.5411275
14 47.3707642 8.4514825
15 47.3992739 8.5019164
16 47.3471873 8.6167263
17 47.2958024 8.6889197
18 47.4427033 8.6290109
19 47.3777798 8.5377353
20 47.5087291 8.5457646
21 47.3121331 8.3283353
22 47.3660851 8.545137
23 47.3096638 8.3602368
24 47.3618419 8.5476541
25 47.4899005 8.7130268
26 47.2690162 8.7727823
27 47.3192354 8.7923808
28 47.1976474 8.7814771
29 47.4229395 8.4100242
30 47.4239467 8.3690678
31 47.496904 8.4484786
32 47.3882627 8.7493248
33 47.3231207 8.4393583
34 47.3600511 8.5506771
35 47.3346013 8.4763636
36 47.4264915 8.4574707
37 47.3646218 8.3610575
38 47.3655739 8.7812949
39 47.4222995 8.6188301
40 47.3121985 8.4257224
41 47.3915842 8.6970287
42 47.3855569 8.718465
43 47.4362725 8.360012
44 47.5060203 8.7517283
45 47.4590499 8.2875919
46 47.4368271 8.3530331
47 47.3255522 8.5142379
48 47.2769554 8.4097125
49 47.2530328 8.602231
50 47.4360559 8.3645841
EDGE_WEIGHT_SECTION:
0 451 1351 1823 1832 1382 894 238 1233 1161 972 577 464 822 437 901 1286 593 379 638 1615 443 1365 479 872 1514 1134 1936 689 817 899 964 1043 510 1032 514 1085 1023 472 1187 749 790 922 1137 1086 957 863 1287 1199 920
451 0 1607 2013 2022 1572 725 532 1092 1351 1055 405 720 1105 762 773 1130 405 635 754 1804 700 1555 736 731 1368 988 2192 879 1007 1089 818 1247 767 1267 725 1275 877 277 1377 603 645 1112 995 1276 1147 1119 1531 1455 1109
1351 1607 0 2680 2689 1634 1679 1196 2337 1939 1554 1681 1001 1286 1370 1548 1935 1760 1011 1836 1833 1025 1583 1062 1976 2289 2238 837 1617 1594 2109 2068 1169 1092 1157 1615 1468 2126 1577 1337 1853 1894 1699 2240 1863 1734 959 1412 464 1697
1823 2013 2680 0 27 1566 2447 1901 2769 1142 2527 2113 1970 1848 1794 2496 2853 2050 1940 1614 2318 1998 2205 2035 2408 3049 2669 3265 1501 1310 1052 2500 1913 2065 1974 1548 1818 2558 2009 2027 2284 2326 1316 2672 1035 1352 2290 2230 2527 1314
1832 2022 2689 27 0 1575 2457 1910 2778 1152 2536 2122 1980 1858 1803 2505 2862 2059 1949 1624 2327 2008 2215 2044 2417 3059 2679 3274 1511 1319 1061 2509 1923 2074 1984 1558 1828 2567 2018 2037 2294 2335 1326 2681 1045 1361 2300 2239 2537 1324
1382 1572 1634 1566 1575 0 1837 1354 2328 627 1712 1672 1159 873 1286 1706 2093 1693 1169 1735 776 1183 729 1220 1967 2447 2228 2220 968 631 1621 2058 850 1250 929 1135 511 2117 1568 871 1843 1885 800 2231 531 802 1247 1018 1482 835
894 725 1679 2447 2457 1837 0 833 1535 1786 459 877 710 1267 1100 223 556 954 742 1189 2035 663 1786 657 1174 910 983 2264 1313 1441 1523 857 1371 646 1359 1159 1670 924 749 1539 634 683 1546 1438 1710 1582 1191 1615 1527 1544
238 532 1196 1901 1910 1354 833 0 1263 1160 812 606 308 715 339 742 1129 685 224 761 1552 283 1303 320 901 1483 1163 1782 787 815 989 993 888 350 877 573 1090 1052 502 1057 778 820 920 1166 1084 956 708 1132 1044 918
1233 1092 2337 2769 2778 2328 1535 1263 0 2107 1865 1025 1450 1868 1492 1583 1805 1060 1365 1325 2560 1430 2311 1467 597 1967 1587 2922 1635 1762 1770 1102 2014 1497 2018 1481 2031 1336 923 2133 1128 1077 1868 370 2031 1903 1849 2273 2185 1865
1161 1351 1939 1142 1152 627 1786 1160 2107 0 1786 1451 1229 1108 1065 1772 2159 1472 1199 1515 1379 1257 1339 1294 1746 2387 2008 2524 760 569 1172 1838 1172 1324 1234 1021 879 1896 1347 1287 1623 1664 642 2010 107 677 1550 1489 1786 639
972 1055 1554 2527 2536 1712 459 812 1865 1786 0 1207 586 1146 1058 300 538 1285 673 1457 1910 529 1661 492 1504 892 965 2139 1488 1441 1748 1187 1246 483 1235 1332 1545 1184 1080 1414 965 1014 1547 1768 1710 1582 1066 1490 1402 1544
577 405 1681 2113 2122 1672 877 606 1025 1451 1207 0 794 1211 836 925 1135 160 709 796 1904 774 1655 810 664 1298 918 2266 978 1106 1178 741 1358 841 1361 824 1375 807 201 1477 533 575 1211 929 1375 1247 1193 1617 1529 1209
464 720 1001 1970 1980 1159 710 308 1450 1229 586 794 0 590 525 580 967 873 137 949 1357 57 1107 93 1089 1321 1350 1586 931 885 1244 1181 693 124 681 818 992 1239 690 861 965 1007 990 1353 1153 1025 513 936 849 987
822 1105 1286 1848 1858 873 1267 715 1868 1108 1146 1211 590 0 645 1140 1528 1257 584 1305 1071 618 822 654 1507 1881 1768 1871 625 734 1221 1598 434 684 444 650 706 1657 1107 549 1383 1425 868 1771 1032 903 865 827 1134 866
437 762 1370 1794 1803 1286 1100 339 1492 1065 1058 836 525 645 0 988 1375 914 437 990 1525 529 1275 566 1131 1729 1392 1955 578 720 870 1222 983 596 975 373 995 1281 732 1097 1007 1049 825 1395 989 861 881 1299 1217 823
901 773 1548 2496 2505 1706 223 742 1583 1772 300 925 580 1140 988 0 558 1003 627 1237 1904 525 1655 514 1222 912 984 2134 1362 1427 1572 905 1240 502 1229 1208 1539 972 798 1409 683 732 1532 1486 1696 1568 1060 1484 1396 1530
1286 1130 1935 2853 2862 2093 556 1129 1805 2159 538 1135 967 1528 1375 558 0 1228 1014 1594 2291 912 2042 901 1444 556 629 2521 1719 1814 1929 864 1627 889 1616 1565 1927 853 1031 1796 857 771 1919 1708 2083 1955 1447 1871 1783 1917
593 405 1760 2050 2059 1693 954 685 1060 1472 1285 160 873 1257 914 1003 1228 0 788 637 1925 853 1676 889 678 1390 1010 2345 999 1127 1042 833 1383 919 1418 845 1396 899 205 1498 625 667 1232 942 1396 1268 1271 1682 1607 1230
379 635 1011 1940 1949 1169 742 224 1365 1199 673 709 137 584 437 627 1014 788 0 864 1368 144 1118 181 1004 1368 1266 1597 901 854 1160 1096 704 211 692 731 1003 1154 605 872 881 922 959 1268 1123 994 523 947 859 957
638 754 1836 1614 1624 1735 1189 761 1325 1515 1457 796 949 1305 990 1237 1594 637 864 0 1968 929 1718 965 1149 1791 1411 2421 1042 1170 606 1241 1426 995 1487 875 1439 1300 750 1540 1026 1067 1275 1396 1439 1310 1347 1743 1683 1273
1615 1804 1833 2318 2327 776 2035 1552 2560 1379 1910 1904 1357 1071 1525 1904 2291 1925 1368 1968 0 1381 269 1418 2199 2645 2461 2418 1387 1346 1884 2291 764 1448 1108 1514 757 2350 1800 728 2076 2117 1475 2464 1283 1510 1446 746 1680 1472
443 700 1025 1998 2008 1183 663 283 1430 1257 529 774 57 618 529 525 912 853 144 929 1381 0 1132 37 1069 1266 1325 1611 959 913 1219 1161 717 67 706 803 1017 1219 670 886 945 987 1018 1333 1182 1053 537 961 873 1015
1365 1555 1583 2205 2215 729 1786 1303 2311 1339 1661 1655 1107 822 1275 1655 2042 1676 1118 1718 269 1132 0 1168 1950 2396 2211 2168 1143 1120 1634 2041 534 1199 876 1268 654 2100 1551 497 1826 1868 1225 2214 1243 1260 1196 526 1430 1223
479 736 1062 2035 2044 1220 657 320 1467 1294 492 810 93 654 566 514 901 889 181 965 1418 37 1168 0 1105 1255 1327 1647 996 949 1256 1197 754 30 742 840 1053 1256 706 922 982 1024 1054 1370 1218 1090 574 998 910 1052
872 731 1976 2408 2417 1967 1174 901 597 1746 1504 664 1089 1507 1131 1222 1444 678 1004 1149 2199 1069 1950 1105 0 1606 1226 2561 1273 1401 1484 741 1653 1136 1657 1119 1670 975 562 1772 767 716 1507 333 1670 1542 1488 1912 1824 1504
1514 1368 2289 3049 3059 2447 910 1483 1967 2387 892 1298 1321 1881 1729 912 556 1390 1368 1791 2645 1266 2396 1255 1606 0 480 2875 1915 2043 2125 1040 1981 1242 1970 1761 2280 919 1194 2150 1019 934 2148 1870 2312 2183 1801 2225 2137 2146
1134 988 2238 2669 2679 2228 983 1163 1587 2008 965 918 1350 1768 1392 984 629 1010 1266 1411 2461 1325 2211 1327 1226 480 0 2823 1535 1663 1745 653 1915 1315 1918 1381 1931 472 814 2033 639 554 1768 1491 1932 1803 1749 2173 2085 1766
1936 2192 837 3265 3274 2220 2264 1782 2922 2524 2139 2266 1586 1871 1955 2134 2521 2345 1597 2421 2418 1611 2168 1647 2561 2875 2823 0 2203 2179 2694 2653 1754 1677 1742 2200 2053 2712 2162 1922 2438 2479 2284 2826 2448 2320 1545 1997 1049 2282
689 879 1617 1501 1511 968 1313 787 1635 760 1488 978 931 625 578 1362 1719 999 901 1042 1387 959 1143 996 1273 1915 1535 2203 0 402 958 1365 851 1026 912 349 727 1424 874 965 1150 1192 395 1538 685 430 1230 1168 1465 392
817 1007 1594 1310 1319 631 1441 815 1762 569 1441 1106 885 734 720 1427 1814 1127 854 1170 1346 913 1120 949 1401 2043 1663 2179 402 0 1073 1493 828 979 889 593 668 1552 1002 942 1278 1319 251 1666 493 254 1205 1144 1442 286
899 1089 2109 1052 1061 1621 1523 989 1770 1172 1748 1178 1244 1221 870 1572 1929 1042 1160 606 1884 1219 1634 1256 1484 2125 1745 2694 958 1073 0 1575 1342 1286 1403 624 1355 1634 1085 1456 1360 1402 1031 1748 1090 1067 1623 1659 1956 1029
964 818 2068 2500 2509 2058 857 993 1102 1838 1187 741 1181 1598 1222 905 864 833 1096 1241 2291 1161 2041 1197 741 1040 653 2653 1365 1493 1575 0 1745 1228 1748 1211 1762 277 644 1864 338 174 1598 1006 1762 1634 1579 2003 1916 1596
1043 1247 1169 1913 1923 850 1371 888 2014 1172 1246 1358 693 434 983 1240 1627 1383 704 1426 764 717 534 754 1653 1981 1915 1754 851 828 1342 1745 0 784 343 976 683 1804 1254 169 1530 1571 933 1918 1097 968 782 638 1016 930
510 767 1092 2065 2074 1250 646 350 1497 1324 483 841 124 684 596 502 889 919 211 995 1448 67 1199 30 1136 1242 1315 1677 1026 979 1286 1228 784 0 773 870 1083 1286 737 952 1012 1054 1085 1400 1248 1120 604 1028 940 1082
1032 1267 1157 1974 1984 929 1359 877 2018 1234 1235 1361 681 444 975 1229 1616 1418 692 1487 1108 706 876 742 1657 1970 1918 1742 912 889 1403 1748 343 773 0 1037 762 1807 1257 512 1533 1575 994 1921 1158 1029 770 647 1004 992
514 725 1615 1548 1558 1135 1159 573 1481 1021 1332 824 818 650 373 1208 1565 845 731 875 1514 803 1268 840 1119 1761 1381 2200 349 593 624 1211 976 870 1037 0 864 1270 720 1090 996 1038 683 1384 945 719 1127 1293 1463 681
1085 1275 1468 1818 1828 511 1670 1090 2031 879 1545 1375 992 706 995 1539 1927 1396 1003 1439 757 1017 654 1053 1670 2280 1931 2053 727 668 1355 1762 683 1083 762 864 0 1820 1271 790 1546 1588 885 1934 783 888 1081 936 1315 895
1023 877 2126 2558 2567 2117 924 1052 1336 1896 1184 807 1239 1657 1281 972 853 899 1154 1300 2350 1219 2100 1256 975 919 472 2712 1424 1552 1634 277 1804 1286 1807 1270 1820 0 703 1922 528 428 1657 1239 1821 1692 1638 2062 1974 1655
472 277 1577 2009 2018 1568 749 502 923 1347 1080 201 690 1107 732 798 1031 205 605 750 1800 670 1551 706 562 1194 814 2162 874 1002 1085 644 1254 737 1257 720 1271 703 0 1373 429 471 1107 826 1271 1143 1089 1513 1425 1105
1187 1377 1337 2027 2037 871 1539 1057 2133 1287 1414 1477 861 549 1097 1409 1796 1498 872 1540 728 886 497 922 1772 2150 2033 1922 965 942 1456 1864 169 952 512 1090 790 1922 1373 0 1648 1690 1047 2036 1211 1082 950 601 1184 1045
749 603 1853 2284 2294 1843 634 778 1128 1623 965 533 965 1383 1007 683 857 625 881 1026 2076 945 1826 982 767 1019 639 2438 1150 1278 1360 338 1530 1012 1533 996 1546 528 429 1648 0 164 1383 1031 1547 1418 1364 1788 1700 1381
790 645 1894 2326 2335 1885 683 820 1077 1664 1014 575 1007 1425 1049 732 771 667 922 1067 2117 987 1868 1024 716 934 554 2479 1192 1319 1402 174 1571 1054 1575 1038 1588 428 471 1690 164 0 1425 980 1588 1460 1406 1830 1742 1422
922 1112 1699 1316 1326 800 1546 920 1868 642 1547 1211 990 868 825 1532 1919 1232 959 1275 1475 1018 1225 1054 1507 2148 1768 2284 395 251 1031 1598 933 1085 994 683 885 1657 1107 1047 1383 1425 0 1771 566 61 1310 1249 1547 111
1137 995 2240 2672 2681 2231 1438 1166 370 2010 1768 929 1353 1771 1395 1486 1708 942 1268 1396 2464 1333 2214 1370 333 1870 1491 2826 1538 1666 1748 1006 1918 1400 1921 1384 1934 1239 826 2036 1031 980 1771 0 1935 1806 1752 2176 2088 1769
1086 1276 1863 1035 1045 531 1710 1084 2031 107 1710 1375 1153 1032 989 1696 2083 1396 1123 1439 1283 1182 1243 1218 1670 2312 1932 2448 685 493 1090 1762 1097 1248 1158 945 783 1821 1271 1211 1547 1588 566 1935 0 601 1474 1413 1711 564
957 1147 1734 1352 1361 802 1582 956 1903 677 1582 1247 1025 903 861 1568 1955 1268 994 1310 1510 1053 1260 1090 1542 2183 1803 2320 430 254 1067 1634 968 1120 1029 719 888 1692 1143 1082 1418 1460 61 1806 601 0 1345 1285 1582 113
863 1119 959 2290 2300 1247 1191 708 1849 1550 1066 1193 513 865 881 1060 1447 1271 523 1347 1446 537 1196 574 1488 1801 1749 1545 1230 1205 1623 1579 782 604 770 1127 1081 1638 1089 950 1364 1406 1310 1752 1474 1345 0 1025 807 1308
1287 1531 1412 2230 2239 1018 1615 1132 2273 1489 1490 1617 936 827 1299 1484 1871 1682 947 1743 746 961 526 998 1912 2225 2173 1997 1168 1144 1659 2003 638 1028 647 1293 936 2062 1513 601 1788 1830 1249 2176 1413 1285 1025 0 1260 1247
1199 1455 464 2527 2537 1482 1527 1044 2185 1786 1402 1529 849 1134 1217 1396 1783 1607 859 1683 1680 873 1430 910 1824 2137 2085 1049 1465 1442 1956 1916 1016 940 1004 1463 1315 1974 1425 1184 1700 1742 1547 2088 1711 1582 807 1260 0 1544
920 1109 1697 1314 1324 835 1544 918 1865 639 1544 1209 987 866 823 1530 1917 1230 957 1273 1472 1015 1223 1052 1504 2146 1766 2282 392 286 1029 1596 930 1082 992 681 895 1655 1105 1045 1381 1422 111 1769 564 113 1308 1247 1544 0
OSM_IDS: 92572026 451845653 1867695375 312885821 2299924005 421426910 322596459 101380260 8518538221 266565876 4485471935 146960774 92489496 770455469 249811063 1445260065 3339504718 11369031503 28887285 111218144 1104592581 156385113 913464553 27482585 25428613 282932310 4436566347 282866594 460457114 6484050475 443161000 280545962 416085717 92507788 279063011 461814233 667118788 1411716222 94974412 449234489 99149490 1369268032 370651418 25430449 129952147 650081985 5144054167 1515793731 60548101 1276862643
GRAPHML_FILE: data/tsp_dataset/graph_zurich_dist_20000.graphml
EOF