NAME: zurich_50_26
COMMENT: TSP instance with 50 nodes. City: Zurich, Switzerland, Seed: 68
TYPE: TSP
DIMENSION: 50
EDGE_WEIGHT_TYPE: EXPLICIT
EDGE_WEIGHT_FORMAT: FULL_MATRIX
NODE_COORD_SECTION:
1 47.3310772 8.5394213
2 47.3518181 8.2778155
3 47.3936988 8.5389476
4 47.3256869 8.80537
5 47.3053751 8.6848462
6 47.380599 8.3198098
7 47.4296784 8.5739791
8 47.3657646 8.508015
9 47.4188115 8.3615413
10 47.3690377 8.3390785
11 47.1991605 8.5263439
12 47.3915533 8.4838777
13 47.4986808 8.7965766
14 47.3324243 8.4417869
15 47.3837827 8.2984191
16 47.4075907 8.5860348
17 47.2110997 8.7039738
18 47.5194727 8.5162214
19 47.3195325 8.7953098
20 47.2271321 8.6645351
21 47.3054385 8.7622497
22 47.5082209 8.720865
23 47.3623316 8.5504782
24 47.2078467 8.5266122
25 47.3748293 8.296903
26 47.4089614 8.4684944
27 47.359198 8.6272232
28 47.2060484 8.5203977
29 47.2316845 8.6341165
30 47.3551255 8.6267313
31 47.4570023 8.5266495
32 47.4954531 8.7327103
33 47.4059098 8.5483728
34 47.3301758 8.2963669
35 47.5224738 8.7878121
36 47.4457206 8.6938104
37 47.2600419 8.4266833
38 47.3443172 8.7015845
39 47.3946912 8.4191852
40 47.3447724 8.2797161
41 47.5020543 8.7258135
42 47.5174062 8.5435554
43 47.4299125 8.3704747
44 47.259516 8.6995571
45 47.392238 8.6311972
46 47.3298714 8.6229119
47 47.3789453 8.5291124
48 47.3053 8.3158142
49 47.2218391 8.3441081
50 47.3280682 8.6230061
EDGE_WEIGHT_SECTION:
0 1163 611 1709 1243 1115 927 450 1101 951 1167 649 1891 675 1155 856 871 1336 1656 739 1591 1532 482 1186 1133 895 983 1217 534 1016 1136 1519 687 1315 1773 1195 805 1448 799 1239 1497 1323 1082 1663 1097 977 441 1313 1419 1011
1163 0 1451 2416 2117 651 1543 1289 1060 532 1792 1327 2598 942 274 1661 1851 1951 2363 1719 2448 2239 1357 1855 237 1277 1858 1739 1514 1891 1629 2226 1527 243 2480 1901 1191 2154 1119 101 2204 1939 1182 2538 1803 1851 1281 476 1071 1885
611 1451 0 1190 1040 1403 397 405 895 1239 1595 473 1372 963 1443 337 1299 817 1137 1167 1223 1013 332 1614 1421 561 740 1573 962 774 617 1000 141 1603 1254 675 1092 929 635 1527 978 804 876 1460 577 774 195 1601 1707 807
1709 2416 1190 0 698 2368 1139 1513 1795 2204 2693 1577 1674 1954 2408 1016 2397 1535 116 2265 427 1407 1432 2712 2386 1577 1037 2671 2060 1047 1336 1394 1108 2568 1648 1065 2190 604 1529 2492 1372 1523 1776 833 930 936 1303 2566 2805 925
1243 2117 1040 698 0 2070 1176 1129 1817 1905 2261 1295 1826 1629 2110 1005 1966 1577 588 1834 427 1533 819 2281 2087 1519 482 2239 1629 492 1378 1520 1117 2269 1774 1191 1759 413 1557 2194 1498 1564 1798 433 850 317 987 2267 2374 306
1115 651 1403 2368 2070 0 1495 1241 699 221 1744 1280 2550 895 377 1614 1803 1904 2315 1671 2401 2191 1309 1807 482 1229 1810 1691 1466 1843 1581 2178 1479 848 2432 1854 1204 2107 987 747 2156 1891 822 2490 1756 1804 1233 904 1483 1837
927 1543 397 1139 1176 1495 0 731 922 1331 1908 783 1320 1082 1535 219 1614 541 1086 1482 1171 961 653 1929 1513 705 819 1861 1277 828 379 948 267 1695 1203 624 1380 877 656 1620 926 528 903 1602 521 1088 521 1693 1995 1121
450 1289 405 1513 1129 1241 731 0 950 1077 1433 365 1695 753 1281 660 1137 1140 1460 1006 1477 1336 368 1453 1259 612 865 1411 801 899 935 1323 483 1441 1577 999 931 1252 674 1365 1301 1127 931 1550 901 863 223 1439 1545 897
1101 1060 895 1795 1817 699 922 950 0 718 1730 743 1976 899 786 1040 1789 1330 1742 1657 1827 1618 1064 1793 890 673 1479 1677 1452 1488 1007 1605 946 1303 1859 1280 1197 1533 473 1161 1583 1317 158 2238 1182 1551 850 1401 1812 1585
951 532 1239 2204 1905 221 1331 1077 718 0 1580 1115 2385 730 461 1449 1639 1739 2151 1507 2236 2027 1145 1642 501 1065 1646 1527 1302 1679 1417 2014 1315 684 2268 1689 1040 1942 907 608 1992 1726 840 2326 1591 1639 1069 740 1318 1673
1167 1792 1595 2693 2261 1744 1908 1433 1730 1580 0 1633 2874 1294 1784 1840 1110 2314 2640 960 2609 2516 1500 126 1761 1646 2002 166 755 2035 1998 2503 1671 1676 2757 2178 769 2431 1489 1854 2481 2301 1711 2682 2080 1995 1425 1517 1297 2029
649 1327 473 1577 1295 1280 783 365 743 1115 1633 0 1759 800 1320 724 1337 1204 1524 1205 1610 1400 534 1652 1297 428 1030 1611 1000 1064 954 1387 528 1479 1641 1063 1130 1316 463 1404 1365 1191 724 1715 965 1029 339 1478 1745 1062
1891 2598 1372 1674 1826 2550 1320 1695 1976 2385 2874 1759 0 2136 2590 1197 2579 1669 1640 2447 1747 529 1617 2894 2567 1759 1619 2852 2242 1628 1518 405 1290 2749 281 854 2372 1452 1710 2674 475 1502 1957 2178 1299 1906 1485 2748 2987 1940
675 942 963 1954 1629 895 1082 753 899 730 1294 800 2136 0 935 1195 1363 1490 1902 1231 1964 1777 869 1357 912 815 1370 1241 1026 1403 1167 1764 1039 1094 2019 1440 761 1693 658 1019 1742 1477 879 2050 1342 1363 793 963 1347 1397
1155 274 1443 2408 2110 377 1535 1281 786 461 1784 1320 2590 935 0 1654 1843 1944 2355 1711 2441 2231 1349 1847 105 1269 1850 1731 1506 1883 1621 2218 1519 518 2472 1894 1171 2147 1058 376 2196 1931 908 2530 1796 1844 1273 708 1287 1878
856 1661 337 1016 1005 1614 219 660 1040 1449 1840 724 1197 1195 1654 0 1544 745 963 1412 1048 839 582 1859 1631 810 648 1818 1207 657 581 826 251 1813 1080 501 1337 754 774 1738 804 733 1021 1439 351 934 450 1811 1952 968
871 1851 1299 2397 1966 1803 1614 1137 1789 1639 1110 1337 2579 1363 1843 1544 0 2024 2344 274 2314 2220 1205 1130 1820 1583 1706 1226 368 1739 1824 2207 1375 2003 2461 1882 1492 2136 1486 1927 2185 2011 1770 2386 1784 1700 1129 2001 2107 1733
1336 1951 817 1535 1577 1904 541 1140 1330 1739 2314 1204 1669 1490 1944 745 2024 0 1482 1892 1568 1275 1062 2339 1921 1113 1219 2269 1687 1229 616 1339 735 2103 1419 1021 1788 1274 1064 2028 1255 236 1256 1999 923 1501 930 2101 2403 1534
1656 2363 1137 116 588 2315 1086 1460 1742 2151 2640 1524 1640 1902 2355 963 2344 1482 0 2212 317 1354 1329 2659 2333 1524 984 2618 2007 994 1283 1341 1055 2515 1595 1012 2137 551 1476 2439 1319 1470 1723 723 877 826 1250 2513 2752 815
739 1719 1167 2265 1834 1671 1482 1006 1657 1507 960 1205 2447 1231 1711 1412 274 1892 2212 0 2182 2088 1073 979 1689 1451 1574 1075 207 1608 1692 2075 1243 1871 2329 1751 1361 2004 1355 1795 2053 1879 1638 2255 1653 1568 997 1869 1975 1602
1591 2448 1223 427 427 2401 1171 1477 1827 2236 2609 1610 1747 1964 2441 1048 2314 1568 317 2182 0 1440 1167 2629 2418 1610 830 2587 1977 839 1369 1427 1141 2600 1681 1098 2107 427 1561 2525 1405 1555 1808 556 963 665 1320 2599 2722 654
1532 2239 1013 1407 1533 2191 961 1336 1618 2027 2516 1400 529 1777 2231 839 2220 1275 1354 2088 1440 0 1259 2535 2209 1400 1260 2494 1883 1270 1159 183 931 2391 436 495 2013 1146 1352 2315 86 1108 1598 1871 940 1547 1126 2389 2628 1581
482 1357 332 1432 819 1309 653 368 1064 1145 1500 534 1617 869 1349 582 1205 1062 1329 1073 1167 1259 0 1520 1326 784 572 1479 868 598 863 1246 412 1509 1500 921 998 1148 805 1433 1224 1049 1045 1240 747 553 250 1507 1613 587
1186 1855 1614 2712 2281 1807 1929 1453 1793 1642 126 1652 2894 1357 1847 1859 1130 2339 2659 979 2629 2535 1520 0 1824 1709 2021 229 774 2054 2061 2522 1690 1739 2776 2198 832 2451 1552 1917 2500 2326 1773 2701 2100 2015 1444 1580 1360 2049
1133 237 1421 2386 2087 482 1513 1259 890 501 1761 1297 2567 912 105 1631 1820 1921 2333 1689 2418 2209 1326 1824 0 1246 1828 1709 1484 1861 1598 2195 1496 480 2450 1871 1149 2124 1089 338 2173 1908 1013 2508 1773 1821 1250 686 1264 1855
895 1277 561 1577 1519 1229 705 612 673 1065 1646 428 1759 815 1269 810 1583 1113 1524 1451 1610 1400 784 1709 1246 0 1240 1594 1246 1262 790 1387 617 1429 1641 1063 1113 1316 493 1353 1365 1100 670 1940 965 1253 582 1427 1728 1287
983 1858 740 1037 482 1810 819 865 1479 1646 2002 1030 1619 1370 1850 648 1706 1219 984 1574 830 1260 572 2021 1828 1240 0 1980 1369 70 1020 1247 780 2010 1501 914 1499 661 1213 1934 1225 1207 1460 903 493 347 713 2008 2114 381
1217 1739 1573 2671 2239 1691 1861 1411 1677 1527 166 1611 2852 1241 1731 1818 1226 2269 2618 1075 2587 2494 1479 229 1709 1594 1980 0 870 2013 1946 2481 1649 1624 2735 2156 716 2409 1436 1801 2459 2256 1658 2660 2058 1973 1403 1465 1244 2007
534 1514 962 2060 1629 1466 1277 801 1452 1302 755 1000 2242 1026 1506 1207 368 1687 2007 207 1977 1883 868 774 1484 1246 1369 870 0 1403 1487 1870 1038 1666 2124 1546 1156 1799 1150 1590 1848 1674 1433 2050 1448 1363 792 1664 1770 1397
1016 1891 774 1047 492 1843 828 899 1488 1679 2035 1064 1628 1403 1883 657 1739 1229 994 1608 839 1270 598 2054 1861 1262 70 2013 1403 0 1029 1257 790 2043 1511 924 1533 670 1222 1967 1235 1216 1469 912 502 333 747 2041 2147 367
1136 1629 617 1336 1378 1581 379 935 1007 1417 1998 954 1518 1167 1621 581 1824 616 1283 1692 1369 1159 863 2061 1598 790 1020 1946 1487 1029 0 1146 499 1781 1400 821 1465 1074 741 1705 1124 585 988 1800 723 1301 730 1779 2080 1335
1519 2226 1000 1394 1520 2178 948 1323 1605 2014 2503 1387 405 1764 2218 826 2207 1339 1341 2075 1427 183 1246 2522 2195 1387 1247 2481 1870 1257 1146 0 918 2378 416 482 2000 1132 1339 2302 129 1192 1585 1858 927 1534 1113 2376 2615 1568
687 1527 141 1108 1117 1479 267 483 946 1315 1671 528 1290 1039 1519 251 1375 735 1055 1243 1141 931 412 1690 1496 617 780 1649 1038 790 499 918 0 1679 1173 594 1168 847 683 1603 896 722 927 1540 496 854 277 1677 1783 887
1315 243 1603 2568 2269 848 1695 1441 1303 684 1676 1479 2749 1094 518 1813 2003 2103 2515 1871 2600 2391 1509 1739 480 1429 2010 1624 1666 2043 1781 2378 1679 0 2632 2053 1031 2306 1271 234 2356 2090 1425 2690 1955 2003 1433 272 866 2037
1773 2480 1254 1648 1774 2432 1203 1577 1859 2268 2757 1641 281 2019 2472 1080 2461 1419 1595 2329 1681 436 1500 2776 2450 1641 1501 2735 2124 1511 1400 416 1173 2632 0 736 2255 1387 1593 2556 463 1252 1840 2112 1181 1788 1368 2630 2869 1822
1195 1901 675 1065 1191 1854 624 999 1280 1689 2178 1063 854 1440 1894 501 1882 1021 1012 1751 1098 495 921 2198 1871 1063 914 2156 1546 924 821 482 594 2053 736 0 1676 796 1014 1978 460 1008 1261 1529 603 1201 789 2051 2290 1235
805 1191 1092 2190 1759 1204 1380 931 1197 1040 769 1130 2372 761 1171 1337 1492 1788 2137 1361 2107 2013 998 832 1149 1113 1499 716 1156 1533 1465 2000 1168 1031 2255 1676 0 1929 956 1212 1978 1775 1178 2180 1578 1493 922 872 660 1527
1448 2154 929 604 413 2107 877 1252 1533 1942 2431 1316 1452 1693 2147 754 2136 1274 551 2004 427 1146 1148 2451 2124 1316 661 2409 1799 670 1074 1132 847 2306 1387 796 1929 0 1267 2231 1111 1261 1514 794 632 647 1042 2304 2544 636
799 1119 635 1529 1557 987 656 674 473 907 1489 463 1710 658 1058 774 1486 1064 1476 1355 1561 1352 805 1552 1089 493 1213 1436 1150 1222 741 1339 683 1271 1593 1014 956 1267 0 1195 1317 1051 454 1978 916 1291 590 1269 1571 1325
1239 101 1527 2492 2194 747 1620 1365 1161 608 1854 1404 2674 1019 376 1738 1927 2028 2439 1795 2525 2315 1433 1917 338 1353 1934 1801 1590 1967 1705 2302 1603 234 2556 1978 1212 2231 1195 0 2280 2015 1283 2614 1880 1928 1357 467 1062 1962
1497 2204 978 1372 1498 2156 926 1301 1583 1992 2481 1365 475 1742 2196 804 2185 1255 1319 2053 1405 86 1224 2500 2173 1365 1225 2459 1848 1235 1124 129 896 2356 463 460 1978 1111 1317 2280 0 1088 1563 1836 905 1512 1091 2354 2593 1546
1323 1939 804 1523 1564 1891 528 1127 1317 1726 2301 1191 1502 1477 1931 733 2011 236 1470 1879 1555 1108 1049 2326 1908 1100 1207 2256 1674 1216 585 1192 722 2090 1252 1008 1775 1261 1051 2015 1088 0 1298 1986 910 1488 917 2089 2390 1522
1082 1182 876 1776 1798 822 903 931 158 840 1711 724 1957 879 908 1021 1770 1256 1723 1638 1808 1598 1045 1773 1013 670 1460 1658 1433 1469 988 1585 927 1425 1840 1261 1178 1514 454 1283 1563 1298 0 2218 1163 1532 830 1477 1792 1566
1663 2538 1460 833 433 2490 1602 1550 2238 2326 2682 1715 2178 2050 2530 1439 2386 1999 723 2255 556 1871 1240 2701 2508 1940 903 2660 2050 912 1800 1858 1540 2690 2112 1529 2180 794 1978 2614 1836 1986 2218 0 1284 738 1408 2688 2794 727
1097 1803 577 930 850 1756 521 901 1182 1591 2080 965 1299 1342 1796 351 1784 923 877 1653 963 940 747 2100 1773 965 493 2058 1448 502 723 927 496 1955 1181 603 1578 632 916 1880 905 910 1163 1284 0 779 691 1953 2192 813
977 1851 774 936 317 1804 1088 863 1551 1639 1995 1029 1906 1363 1844 934 1700 1501 826 1568 665 1547 553 2015 1821 1253 347 1973 1363 333 1301 1534 854 2003 1788 1201 1493 647 1291 1928 1512 1488 1532 738 779 0 721 2002 2108 85
441 1281 195 1303 987 1233 521 223 850 1069 1425 339 1485 793 1273 450 1129 930 1250 997 1320 1126 250 1444 1250 582 713 1403 792 747 730 1113 277 1433 1368 789 922 1042 590 1357 1091 917 830 1408 691 721 0 1431 1537 755
1313 476 1601 2566 2267 904 1693 1439 1401 740 1517 1478 2748 963 708 1811 2001 2101 2513 1869 2599 2389 1507 1580 686 1427 2008 1465 1664 2041 1779 2376 1677 272 2630 2051 872 2304 1269 467 2354 2089 1477 2688 1953 2002 1431 0 710 2035
1419 1071 1707 2805 2374 1483 1995 1545 1812 1318 1297 1745 2987 1347 1287 1952 2107 2403 2752 1975 2722 2628 1613 1360 1264 1728 2114 1244 1770 2147 2080 2615 1783 866 2869 2290 660 2544 1571 1062 2593 2390 1792 2794 2192 2108 1537 710 0 2141
1011 1885 807 925 306 1837 1121 897 1585 1673 2029 1062 1940 1397 1878 968 1733 1534 815 1602 654 1581 587 2049 1855 1287 381 2007 1397 367 1335 1568 887 2037 1822 1235 1527 636 1325 1962 1546 1522 1566 727 813 85 755 2035 2141 0
OSM_IDS: 4322192798 10226326507 109911149 310681527 1774614116 4617107636 353059711 470919373 2019934956 749526618 249641400 139483033 34750368 6356391663 106229597 568441244 60512880 101071884 262184187 275373483 271366264 25427484 1638473908 2088628721 995038588 146640843 27496233 216552681 599152834 209569142 136061708 25429099 5456937741 1097096035 408784936 96525901 279380079 1631160204 1659794381 1103581165 1483019308 132373967 320062560 1577144042 260772615 34788067 29798654 1477529915 1119860617 240316876
GRAPHML_FILE: data/tsp_dataset/graph_zurich_dist_20000.graphml
EOF