NAME: zurich_50_9
COMMENT: TSP instance with 50 nodes. City: Zurich, Switzerland, Seed: 51
TYPE: TSP
DIMENSION: 50
EDGE_WEIGHT_TYPE: EXPLICIT
EDGE_WEIGHT_FORMAT: FULL_MATRIX
NODE_COORD_SECTION:
1 47.3952769 8.771837
2 47.4201573 8.6859202
3 47.2914852 8.6197544
4 47.5193009 8.3268443
5 47.3621116 8.7870686
6 47.2459398 8.4641345
7 47.1980787 8.3866433
8 47.5159932 8.539224
9 47.3800934 8.5207595
10 47.3012807 8.7200655
11 47.5402535 8.3203153
12 47.457478 8.3299761
13 47.2419084 8.5323308
14 47.5093072 8.7582428
15 47.4602546 8.6371375
16 47.3480531 8.6382289
17 47.2930399 8.7751029
18 47.3676994 8.5345582
19 47.3813926 8.5446647
20 47.4695085 8.3343799
21 47.2395261 8.5344799
22 47.537901 8.7913345
23 47.4135595 8.2892585
24 47.3169692 8.5258554
25 47.5305731 8.5567329
26 47.2744702 8.6898771
27 47.2016057 8.7292366
28 47.5087897 8.369033
29 47.431887 8.3534377
30 47.5212941 8.7227475
31 47.2022379 8.7084627
32 47.4194956 8.2755256
33 47.4611817 8.5251415
34 47.4459522 8.3313918
35 47.4455295 8.3846988
36 47.4886908 8.7118444
37 47.551267 8.5737528
38 47.2300976 8.667074
39 47.2410308 8.7821896
40 47.2963835 8.3977724
41 47.3844362 8.5391685
42 47.4348661 8.5670128
43 47.3519241 8.3501937
44 47.4098192 8.6022044
45 47.3244023 8.7862619
46 47.4426765 8.6404476
47 47.2316359 8.6342579
48 47.4247768 8.3691473
49 47.505774 8.7161291
50 47.402071 8.5015678
EDGE_WEIGHT_SECTION:
0 645 1433 2369 309 2266 3016 1489 1348 955 2596 1876 2424 997 1062 1097 961 1367 1340 1943 2456 1239 2346 1808 1619 1200 2475 2144 1813 1086 2388 2376 1289 1888 1773 878 1697 2248 1380 2300 1229 1076 2056 908 672 975 2046 1724 1004 1387
645 0 1324 1991 759 1888 2637 1111 970 947 2218 1498 2045 794 534 791 1031 988 962 1565 2078 829 1968 1430 1213 1196 2097 1766 1435 675 2009 1997 910 1510 1395 467 1286 1869 1463 1922 850 698 1677 534 757 447 1668 1346 594 1009
1433 1324 0 2510 1303 1868 2617 1805 1102 654 2739 1940 2026 2054 1733 648 855 931 1036 2007 2058 2089 2300 1410 1935 511 2077 2432 1877 1935 1989 2376 1604 1952 1890 1728 2296 1850 1056 1936 1033 1392 1790 1190 1078 1628 1648 1788 1854 1338
2369 1991 2510 0 2294 1952 2702 1222 1455 2451 312 724 2236 2383 1807 2151 2535 1590 1722 712 2268 2418 1088 1893 1362 2666 2547 367 910 2265 2459 1113 1226 768 1010 2057 1781 2319 2967 1924 1597 1452 1514 1574 2260 1806 2118 969 2183 1439
309 759 1303 2294 0 2191 2941 1415 1274 790 2521 1801 2349 1263 1172 1031 756 1292 1265 1868 2382 1353 2272 1733 1545 1070 2401 2070 1739 1199 2313 2301 1214 1813 1698 991 1810 2173 1176 2226 1154 1002 1981 833 467 1072 1971 1649 1117 1312
2266 1888 1868 1952 2191 0 942 1847 1034 1980 2182 1382 366 2280 1850 1711 2181 956 1140 1449 399 2315 1512 937 1977 2077 1469 1993 1320 2161 1381 1589 1522 1394 1333 1953 2337 1223 2477 609 1089 1412 1003 1484 2157 1836 1021 1230 2080 1326
3016 2637 2617 2702 2941 942 0 2596 1784 2730 2931 2132 1263 3030 2600 2460 2931 1706 1890 2199 1296 3065 1783 1770 2726 2827 2366 2743 2070 2911 2279 1859 2272 2144 2082 2703 3087 2120 3227 1073 1839 2161 1392 2234 2907 2586 1918 1980 2829 2075
1489 1111 1805 1222 1415 1847 2596 0 958 1571 1449 1299 2033 1314 773 1271 1655 976 949 1366 2066 1237 1864 1417 180 1786 2085 997 1332 1083 1997 1894 450 1406 1152 1159 591 1857 2087 1819 838 484 1574 694 1381 772 1655 1242 1040 996
1348 970 1102 1455 1274 1034 1784 958 0 1214 1684 885 1192 1363 961 938 1416 182 336 952 1224 1397 1355 576 1088 1311 1243 1467 822 1244 1156 1385 757 897 835 1036 1448 1016 1711 1102 256 544 957 579 1240 937 814 733 1162 339
955 947 654 2451 790 1980 2730 1571 1214 0 2677 1957 2138 1651 1333 562 336 1044 1084 2024 2171 1686 2381 1522 1701 303 2189 2226 1895 1532 2102 2432 1370 1969 1854 1324 2062 1962 629 2048 1082 1158 1903 989 523 1228 1760 1805 1451 1386
2596 2218 2739 312 2521 2182 2931 1449 1684 2677 0 951 2465 2610 2034 2377 2762 1820 1951 939 2498 2645 1317 2122 1589 2893 2776 594 1137 2491 2689 1343 1453 995 1237 2284 2008 2549 3194 2154 1826 1679 1743 1801 2487 2033 2347 1199 2410 1666
1876 1498 1940 724 1801 1382 2132 1299 885 1957 951 0 1666 1890 1398 1657 2041 1020 1152 210 1698 1925 740 1323 1438 2140 1977 762 388 1771 1889 766 1056 246 354 1563 1858 1750 2473 1355 1027 959 1110 1080 1767 1396 1548 399 1690 936
2424 2045 2026 2236 2349 366 1263 2033 1192 2138 2465 1666 0 2438 2037 1868 2339 1114 1298 1733 62 2473 1796 754 2163 2235 1174 2277 1603 2319 1086 1872 1806 1678 1616 2111 2524 928 2635 930 1247 1620 1286 1654 2315 2012 726 1514 2237 1483
997 794 2054 2383 1263 2280 3030 1314 1363 1651 2610 1890 2438 0 941 1520 1735 1381 1354 1957 2471 278 2360 1822 1255 1900 2489 2158 1828 419 2402 2390 1303 1902 1787 414 1207 2262 2167 2315 1243 1090 2070 927 1461 938 2060 1738 330 1401
1062 534 1733 1807 1172 1850 2600 773 961 1333 2034 1398 2037 941 0 1199 1417 980 953 1465 2069 997 1868 1421 798 1582 2088 1582 1335 844 2001 1898 732 1410 1295 615 915 1861 1849 1823 842 488 1578 569 1143 234 1659 1246 741 1000
1097 791 648 2151 1031 1711 2460 1271 938 562 2377 1657 1868 1520 1199 0 763 774 797 1724 1901 1555 2103 1253 1401 659 1920 1926 1595 1401 1832 2155 1070 1669 1555 1194 1762 1692 1059 1779 797 858 1633 656 986 1094 1491 1505 1320 1098
961 1031 855 2535 756 2181 2931 1655 1416 336 2762 2041 2339 1735 1417 763 0 1245 1285 2108 2372 1770 2512 1724 1785 529 2391 2310 1979 1616 2303 2541 1454 2053 1939 1409 2146 2163 444 2250 1283 1242 2104 1074 335 1312 1961 1889 1535 1553
1367 988 931 1590 1292 956 1706 976 182 1044 1820 1020 1114 1381 980 774 1245 0 243 1087 1146 1415 1388 498 1106 1141 1165 1581 958 1262 1078 1456 775 1032 971 1054 1467 938 1541 1024 190 563 879 597 1258 955 736 868 1180 464
1340 962 1036 1722 1265 1140 1890 949 336 1084 1951 1152 1298 1354 953 797 1285 243 0 1219 1331 1389 1571 683 1079 1180 1350 1544 1089 1235 1262 1622 748 1164 1095 1028 1440 1122 1580 1209 177 536 1063 566 1231 929 920 1000 1154 470
1943 1565 2007 712 1868 1449 2199 1366 952 2024 939 210 1733 1957 1465 1724 2108 1087 1219 0 1765 1992 757 1390 1505 2207 2044 751 455 1838 1956 782 1123 313 467 1630 1925 1817 2540 1422 1094 1026 1175 1147 1834 1463 1615 466 1757 1003
2456 2078 2058 2268 2382 399 1296 2066 1224 2171 2498 1698 62 2471 2069 1901 2372 1146 1331 1765 0 2505 1828 787 2196 2267 1163 2309 1636 2352 1075 1905 1839 1710 1649 2144 2556 917 2667 962 1280 1652 1319 1687 2348 2045 715 1547 2270 1516
1239 829 2089 2418 1353 2315 3065 1237 1397 1686 2645 1925 2473 278 997 1555 1770 1415 1389 1992 2505 0 2395 1857 1178 1935 2524 2193 1862 345 2437 2425 1338 1937 1822 602 1129 2297 2202 2349 1278 1125 2105 961 1496 994 2095 1773 462 1436
2346 1968 2300 1088 2272 1512 1783 1864 1355 2381 1317 740 1796 2360 1868 2103 2512 1388 1571 757 1828 2395 0 1453 1994 2509 2107 1129 812 2242 2019 76 1540 724 978 2034 2355 1879 2888 1060 1479 1429 553 1551 2238 1867 1678 789 2160 1407
1808 1430 1410 1893 1733 937 1770 1417 576 1522 2122 1323 754 1822 1421 1253 1724 498 683 1390 787 1857 1453 0 1547 1619 1011 1934 1260 1704 923 1529 1217 1335 1273 1496 1908 783 2019 1089 632 1004 943 1039 1699 1397 581 1171 1622 868
1619 1213 1935 1362 1545 1977 2726 180 1088 1701 1589 1438 2163 1255 798 1401 1785 1106 1079 1505 2196 1178 1994 1547 0 1916 2215 1137 1462 1024 2127 2024 601 1536 1292 1108 532 1987 2217 1949 968 614 1704 824 1511 902 1785 1372 981 1126
1200 1196 511 2666 1070 2077 2827 1786 1311 303 2893 2140 2235 1900 1582 659 529 1141 1180 2207 2267 1935 2509 1619 1916 0 2286 2441 2078 1781 2199 2585 1585 2152 2070 1573 2277 2059 591 2145 1178 1373 2000 1171 752 1477 1857 1988 1700 1483
2475 2097 2077 2547 2401 1469 2366 2085 1243 2189 2776 1977 1174 2489 2088 1920 2391 1165 1350 2044 1163 2524 2107 1011 2215 2286 0 2588 1915 2371 175 2183 1884 1989 1927 2163 2575 384 2686 1743 1299 1671 1598 1706 2367 2064 461 1825 2289 1535
2144 1766 2432 367 2070 1993 2743 997 1467 2226 594 762 2277 2158 1582 1926 2310 1581 1544 751 2309 2193 1129 1934 1137 2441 2588 0 949 2040 2500 1154 1001 807 1048 1832 1556 2360 2742 1966 1412 1227 1555 1349 2036 1581 2159 1010 1958 1214
1813 1435 1877 910 1739 1320 2070 1332 822 1895 1137 388 1603 1828 1335 1595 1979 958 1089 455 1636 1862 812 1260 1462 2078 1915 949 0 1709 1827 849 1007 146 344 1501 1822 1687 2411 1292 965 897 968 1018 1705 1334 1485 123 1627 874
1086 675 1935 2265 1199 2161 2911 1083 1244 1532 2491 1771 2319 419 844 1401 1616 1262 1235 1838 2352 345 2242 1704 1024 1781 2371 2040 1709 0 2283 2271 1184 1783 1669 361 976 2143 2048 2196 1124 972 1951 808 1342 840 1941 1619 207 1283
2388 2009 1989 2459 2313 1381 2279 1997 1156 2102 2689 1889 1086 2402 2001 1832 2303 1078 1262 1956 1075 2437 2019 923 2127 2199 175 2500 1827 2283 0 2096 1796 1901 1840 2075 2488 323 2599 1656 1211 1584 1510 1618 2279 1976 373 1738 2201 1447
2376 1997 2376 1113 2301 1589 1859 1894 1385 2432 1343 766 1872 2390 1898 2155 2541 1456 1622 782 1905 2425 76 1529 2024 2585 2183 1154 849 2271 2096 0 1570 749 1003 2063 2385 1956 2939 1137 1527 1459 629 1580 2267 1896 1754 827 2190 1436
1289 910 1604 1226 1214 1522 2272 450 757 1370 1453 1056 1806 1303 732 1070 1454 775 748 1123 1839 1338 1540 1217 601 1585 1884 1001 1007 1184 1796 1570 0 1082 889 976 964 1656 1886 1495 637 287 1250 493 1180 731 1454 918 1102 734
1888 1510 1952 768 1813 1394 2144 1406 897 1969 995 246 1678 1902 1410 1669 2053 1032 1164 313 1710 1937 724 1335 1536 2152 1989 807 146 1783 1901 749 1082 0 473 1575 1897 1762 2485 1367 1039 971 1089 1092 1779 1408 1560 261 1702 948
1773 1395 1890 1010 1698 1333 2082 1152 835 1854 1237 354 1616 1787 1295 1555 1939 971 1095 467 1649 1822 978 1273 1292 2070 1927 1048 344 1669 1840 1003 889 473 0 1461 1711 1700 2371 1305 970 856 1060 978 1664 1294 1498 443 1587 735
878 467 1728 2057 991 1953 2703 1159 1036 1324 2284 1563 2111 414 615 1194 1409 1054 1028 1630 2144 602 2034 1496 1108 1573 2163 1832 1501 361 2075 2063 976 1575 1461 0 1060 1935 1841 1988 916 764 1743 600 1134 611 1733 1411 228 1075
1697 1286 2296 1781 1810 2337 3087 591 1448 2062 2008 1858 2524 1207 915 1762 2146 1467 1440 1925 2556 1129 2355 1908 532 2277 2575 1556 1822 976 2488 2385 964 1897 1711 1060 0 2348 2578 2309 1329 975 2065 1185 1872 1031 2146 1733 933 1487
2248 1869 1850 2319 2173 1223 2120 1857 1016 1962 2549 1750 928 2262 1861 1692 2163 938 1122 1817 917 2297 1879 783 1987 2059 384 2360 1687 2143 323 1956 1656 1762 1700 1935 2348 0 2459 1516 1071 1444 1370 1478 2139 1836 204 1598 2061 1307
1380 1463 1056 2967 1176 2477 3227 2087 1711 629 3194 2473 2635 2167 1849 1059 444 1541 1580 2540 2667 2202 2888 2019 2217 591 2686 2742 2411 2048 2599 2939 1886 2485 2371 1841 2578 2459 0 2545 1578 1674 2400 1506 714 1744 2257 2321 1967 1883
2300 1922 1936 1924 2226 609 1073 1819 1102 2048 2154 1355 930 2315 1823 1779 2250 1024 1209 1422 962 2349 1060 1089 1949 2145 1743 1966 1292 2196 1656 1137 1495 1367 1305 1988 2309 1516 2545 0 1158 1384 518 1496 2192 1821 1314 1203 2114 1367
1229 850 1033 1597 1154 1089 1839 838 256 1082 1826 1027 1247 1243 842 797 1283 190 177 1094 1280 1278 1479 632 968 1178 1299 1412 965 1124 1211 1527 637 1039 970 916 1329 1071 1578 1158 0 425 1012 459 1120 817 869 875 1042 345
1076 698 1392 1452 1002 1412 2161 484 544 1158 1679 959 1620 1090 488 858 1242 563 536 1026 1652 1125 1429 1004 614 1373 1671 1227 897 972 1584 1459 287 971 856 764 975 1444 1674 1384 425 0 1139 280 968 477 1242 807 890 583
2056 1677 1790 1514 1981 1003 1392 1574 957 1903 1743 1110 1286 2070 1578 1633 2104 879 1063 1175 1319 2105 553 943 1704 2000 1598 1555 968 1951 1510 629 1250 1089 1060 1743 2065 1370 2400 518 1012 1139 0 1260 1947 1576 1168 902 1869 1123
908 534 1190 1574 833 1484 2234 694 579 989 1801 1080 1654 927 569 656 1074 597 566 1147 1687 961 1551 1039 824 1171 1706 1349 1018 808 1618 1580 493 1092 978 600 1185 1478 1506 1496 459 280 1260 0 799 464 1277 928 726 618
672 757 1078 2260 467 2157 2907 1381 1240 523 2487 1767 2315 1461 1143 986 335 1258 1231 1834 2348 1496 2238 1699 1511 752 2367 2036 1705 1342 2279 2267 1180 1779 1664 1134 1872 2139 714 2192 1120 968 1947 799 0 1038 1937 1615 1261 1278
975 447 1628 1806 1072 1836 2586 772 937 1228 2033 1396 2012 938 234 1094 1312 955 929 1463 2045 994 1867 1397 902 1477 2064 1581 1334 840 1976 1896 731 1408 1294 611 1031 1836 1744 1821 817 477 1576 464 1038 0 1635 1244 737 976
2046 1668 1648 2118 1971 1021 1918 1655 814 1760 2347 1548 726 2060 1659 1491 1961 736 920 1615 715 2095 1678 581 1785 1857 461 2159 1485 1941 373 1754 1454 1560 1498 1733 2146 204 2257 1314 869 1242 1168 1277 1937 1635 0 1396 1860 1106
1724 1346 1788 969 1649 1230 1980 1242 733 1805 1199 399 1514 1738 1246 1505 1889 868 1000 466 1547 1773 789 1171 1372 1988 1825 1010 123 1619 1738 827 918 261 443 1411 1733 1598 2321 1203 875 807 902 928 1615 1244 1396 0 1538 784
1004 594 1854 2183 1117 2080 2829 1040 1162 1451 2410 1690 2237 330 741 1320 1535 1180 1154 1757 2270 462 2160 1622 981 1700 2289 1958 1627 207 2201 2190 1102 1702 1587 228 933 2061 1967 2114 1042 890 1869 726 1261 737 1860 1538 0 1201
1387 1009 1338 1439 1312 1326 2075 996 339 1386 1666 936 1483 1401 1000 1098 1553 464 470 1003 1516 1436 1407 868 1126 1483 1535 1214 874 1283 1447 1436 734 948 735 1075 1487 1307 1883 1367 345 583 1123 618 1278 976 1106 784 1201 0
OSM_IDS: 310807980 10743488998 243638605 312876221 303380235 322062213 1269650897 4047874745 568338655 731398476 1139753989 384880652 1371987422 25428220 114289362 27665952 325224037 29798702 5505992166 261189802 603733547 432467234 832855279 2479395654 274228676 28105334 2020041895 250572793 4831601229 25429393 66952509 106293481 107310885 259004655 4067575553 25430178 1862777971 1515242525 280531479 911469713 110414111 6583833348 262153253 703518064 2536944845 8662971172 124299521 2063287830 25428808 1852506175
GRAPHML_FILE: data/tsp_dataset/graph_zurich_dist_20000.graphml
EOF