NAME: zurich_50_8
COMMENT: TSP instance with 50 nodes. City: Zurich, Switzerland, Seed: 50
TYPE: TSP
DIMENSION: 50
EDGE_WEIGHT_TYPE: EXPLICIT
EDGE_WEIGHT_FORMAT: FULL_MATRIX
NODE_COORD_SECTION:
1 47.2731925 8.6891282
2 47.3904763 8.4844077
3 47.3483929 8.381053
4 47.4987664 8.3407803
5 47.2683815 8.4834415
6 47.3092281 8.5505405
7 47.3401046 8.6645171
8 47.4145574 8.5593826
9 47.2841346 8.5436504
10 47.3411152 8.6695277
11 47.2231015 8.5599887
12 47.4832973 8.314613
13 47.5318909 8.4934183
14 47.2822022 8.5773687
15 47.2882315 8.5607756
16 47.3867841 8.7580704
17 47.3523343 8.7144485
18 47.4276341 8.5714942
19 47.3226355 8.542039
20 47.4422041 8.5830168
21 47.5098417 8.4788058
22 47.4142055 8.5508749
23 47.3060116 8.5314562
24 47.2615457 8.3176223
25 47.5005509 8.7478914
26 47.4569016 8.7746506
27 47.4953876 8.2972403
28 47.3947344 8.5296962
29 47.2003018 8.4322142
30 47.4338655 8.2898087
31 47.4223098 8.7680369
32 47.2515432 8.7623005
33 47.3911818 8.6995041
34 47.350999 8.5830708
35 47.4144165 8.5876011
36 47.5190763 8.3690506
37 47.4693783 8.3206515
38 47.508685 8.5381393
39 47.5025325 8.7256923
40 47.1985512 8.7718017
41 47.5284791 8.7730656
42 47.4021949 8.4369752
43 47.4053017 8.6137332
44 47.454775 8.4357076
45 47.4214676 8.4376104
46 47.5156446 8.5312996
47 47.3151665 8.3868526
48 47.3503159 8.4321877
49 47.504459 8.7294713
50 47.4087694 8.3319137
EDGE_WEIGHT_SECTION:
0 1531 1916 2533 2199 1665 645 1421 1779 573 2383 2385 2243 1815 1700 1093 713 1437 1539 1506 2006 1444 1696 2692 1835 1527 2505 1337 2538 2446 1280 509 1063 802 1326 2518 2231 1788 1718 2642 1883 1772 1175 1883 1808 1783 2126 1706 1758 2397
1531 0 856 1179 1128 811 1281 626 870 1253 1474 1031 1457 906 791 1403 1207 746 682 840 1113 581 788 1749 1460 1586 1151 384 1629 1092 1477 1788 1151 728 757 1397 877 1121 1343 1733 1507 320 853 823 490 1117 1059 599 1383 1043
1916 856 0 1358 977 886 1671 1131 946 1643 1367 1210 1742 982 866 1804 1608 1080 758 1151 1398 1085 863 1055 1860 1986 1330 983 1319 863 1878 2173 1551 1113 1205 1576 1056 1431 1744 1809 1908 570 1234 1107 823 1427 380 276 1784 611
2533 1179 1358 0 1833 1742 2079 1428 1802 2000 2223 273 1223 1838 1722 2100 1905 1376 1614 1447 895 1381 1719 2251 2157 2283 434 1287 2175 681 2175 2732 1848 1731 1501 277 386 1224 2040 2665 2205 1025 1531 943 1081 1105 1576 1150 2080 932
2199 1128 977 1833 0 892 1954 1475 633 1925 553 1686 2217 949 818 2220 2024 1555 862 1626 1873 1430 779 1149 2276 2402 1806 1285 877 1679 2294 2456 1967 1396 1573 2052 1532 1907 2160 1829 2324 1045 1667 1583 1307 1902 729 767 2200 1486
1665 811 886 1742 892 0 1421 996 364 1392 1002 1595 1914 362 285 1741 1545 1103 182 1177 1677 951 210 1663 1797 1923 1715 806 1509 1600 1815 1922 1488 863 1094 1961 1441 1459 1681 1261 1845 954 1191 1492 1216 1454 1097 677 1720 1411
645 1281 1671 2079 1954 1421 0 934 1534 87 2139 1931 1757 1570 1455 967 587 951 1295 1020 1520 970 1452 2448 1484 1377 2051 1048 2294 1992 1154 928 757 594 840 2032 1777 1302 1368 2398 1532 1433 689 1396 1321 1297 1882 1462 1407 1943
1421 626 1131 1428 1475 996 934 0 1055 855 1659 1280 1095 1091 976 1008 812 181 867 358 855 46 972 1968 1065 1191 1400 308 1814 1341 1082 1639 756 701 219 1381 1126 639 948 1918 1112 768 363 745 670 635 1349 923 988 1292
1779 870 946 1802 633 364 1534 1055 0 1506 681 1654 1973 316 185 1800 1604 1162 386 1236 1736 1010 302 1722 1857 1983 1774 865 1261 1659 1874 2036 1547 977 1153 2020 1500 1518 1740 1320 1904 1014 1250 1551 1275 1514 1139 736 1780 1471
573 1253 1643 2000 1925 1392 87 855 1506 0 2110 1852 1678 1542 1426 895 515 872 1266 941 1441 891 1423 2419 1405 1298 1972 983 2265 1913 1082 856 679 566 761 1953 1698 1223 1289 2369 1453 1354 610 1317 1242 1218 1853 1433 1328 1864
2383 1474 1367 2223 553 1002 2139 1659 681 2110 0 2075 2577 969 866 2404 2208 1766 1041 1841 2263 1614 957 1548 2461 2587 2195 1469 895 2080 2478 2640 2152 1581 1758 2441 1921 2122 2344 1392 2508 1435 1854 1972 1696 2118 1217 1156 2384 1892
2385 1031 1210 273 1686 1595 1931 1280 1654 1852 2075 0 1447 1690 1575 1953 1757 1229 1466 1300 1119 1234 1572 2104 2010 2136 280 1139 2028 534 2027 2584 1700 1583 1354 500 239 1447 1893 2517 2057 878 1383 795 933 1328 1428 1003 1933 785
2243 1457 1742 1223 2217 1914 1757 1095 1973 1678 2577 1447 0 2009 1894 1778 1582 922 1786 988 344 1080 1891 2635 1771 1961 1607 1264 2559 1769 1852 2409 1526 1621 1077 1106 1451 666 1599 2837 1651 1393 1208 923 1204 557 1960 1534 1638 1902
1815 906 982 1838 949 362 1570 1091 316 1542 969 1690 2009 0 177 1836 1640 1198 446 1272 1772 1046 400 1758 1893 2018 1810 901 1577 1695 1910 2072 1583 1013 1189 2056 1536 1554 1776 1265 1940 1050 1286 1587 1311 1550 1192 772 1816 1507
1700 791 866 1722 818 285 1455 976 185 1426 866 1575 1894 177 0 1721 1525 1083 369 1157 1657 931 285 1643 1777 1903 1695 786 1445 1580 1795 1957 1468 897 1074 1941 1421 1439 1661 1241 1825 934 1171 1472 1196 1434 1077 657 1700 1391
1093 1403 1804 2100 2220 1741 967 1008 1800 895 2404 1953 1778 1836 1721 0 458 972 1612 1041 1541 1022 1717 2697 997 535 2072 1090 2559 2014 288 1240 432 1154 903 2053 1799 1323 880 2663 1045 1455 789 1418 1343 1319 2022 1596 920 1964
713 1207 1608 1905 2024 1545 587 812 1604 515 2208 1757 1582 1640 1525 458 0 776 1416 845 1345 827 1521 2501 1141 844 1877 894 2363 1818 644 911 368 953 707 1858 1603 1127 1024 2467 1188 1259 593 1222 1147 1123 1826 1400 1064 1768
1437 746 1080 1376 1555 1103 951 181 1162 872 1766 1229 922 1198 1083 972 776 0 974 185 684 166 1080 1973 1029 1155 1349 428 1897 1290 1047 1604 720 810 163 1326 1075 467 912 2025 1077 731 360 694 619 462 1298 872 952 1240
1539 682 758 1614 862 182 1295 867 386 1266 1041 1466 1786 446 369 1612 1416 974 0 1049 1549 822 275 1534 1669 1795 1586 677 1380 1471 1686 1797 1360 737 966 1832 1312 1331 1552 1341 1717 826 1062 1364 1087 1326 968 548 1592 1283
1506 840 1151 1447 1626 1177 1020 358 1236 941 1841 1300 988 1272 1157 1041 845 185 1049 0 751 343 1154 2044 1098 1224 1420 527 1968 1361 1116 1672 789 884 340 1389 1146 533 981 2100 1146 802 467 765 690 528 1369 943 1021 1311
2006 1113 1398 895 1873 1677 1520 855 1736 1441 2263 1119 344 1772 1657 1541 1345 684 1549 751 0 830 1654 2291 1584 1724 1280 1027 2215 1425 1615 2172 1289 1384 840 778 1107 439 1425 2599 1477 1049 971 579 860 320 1616 1190 1465 1558
1444 581 1085 1381 1430 951 970 46 1010 891 1614 1234 1080 1046 931 1022 827 166 822 343 830 0 928 1923 1079 1205 1353 263 1769 1295 1097 1654 770 656 266 1334 1080 625 962 1873 1127 723 409 698 624 620 1303 877 1002 1245
1696 788 863 1719 779 210 1452 972 302 1423 957 1572 1891 400 285 1717 1521 1080 275 1154 1654 928 0 1640 1774 1900 1691 783 1406 1576 1792 1954 1465 894 1071 1938 1418 1436 1657 1237 1822 931 1168 1469 1192 1431 1074 653 1697 1388
2692 1749 1055 2251 1149 1663 2448 1968 1722 2419 1548 2104 2635 1758 1643 2697 2501 1973 1534 2044 2291 1923 1640 0 2754 2880 2223 1778 1142 1638 2771 2949 2445 1890 2067 2470 1950 2324 2637 2585 2802 1463 2127 2001 1724 2320 862 1169 2677 1468
1835 1460 1860 2157 2276 1797 1484 1065 1857 1405 2461 2010 1771 1893 1777 997 1141 1029 1669 1098 1584 1079 1774 2754 0 525 2129 1147 2616 2071 743 1968 995 1504 964 2110 1856 1374 182 2720 273 1512 858 1474 1400 1304 2078 1653 155 2021
1527 1586 1986 2283 2402 1923 1377 1191 1983 1298 2587 2136 1961 2018 1903 535 844 1155 1795 1224 1724 1205 1900 2880 525 0 2255 1273 2742 2197 247 1673 694 1514 1090 2236 1982 1506 572 2846 668 1638 984 1600 1526 1501 2204 1779 545 2147
2505 1151 1330 434 1806 1715 2051 1400 1774 1972 2195 280 1607 1810 1695 2072 1877 1349 1586 1420 1280 1353 1691 2223 2129 2255 0 1259 2147 654 2147 2704 1820 1703 1473 661 426 1608 2013 2637 2177 998 1503 976 1053 1489 1548 1122 2052 905
1337 384 983 1287 1285 806 1048 308 865 983 1469 1139 1264 901 786 1090 894 428 677 527 1027 263 783 1778 1147 1273 1259 0 1624 1200 1165 1594 838 535 444 1406 985 809 1030 1728 1195 526 540 770 668 804 1193 784 1070 1151
2538 1629 1319 2175 877 1509 2294 1814 1261 2265 895 2028 2559 1577 1445 2559 2363 1897 1380 1968 2215 1769 1406 1142 2616 2742 2147 1624 0 2002 2633 2795 2306 1736 1913 2394 1874 2249 2499 2152 2663 1387 2008 1925 1649 2244 1034 1110 2539 1791
2446 1092 863 681 1679 1600 1992 1341 1659 1913 2080 534 1769 1695 1580 2014 1818 1290 1471 1361 1425 1295 1576 1638 2071 2197 654 1200 2002 0 2088 2645 1761 1644 1415 900 448 1641 1954 2522 2118 939 1444 922 994 1621 1036 996 1994 333
1280 1477 1878 2175 2294 1815 1154 1082 1874 1082 2478 2027 1852 1910 1795 288 644 1047 1686 1116 1615 1097 1792 2771 743 247 2147 1165 2633 2088 0 1426 534 1332 981 2128 1873 1397 790 2737 886 1529 876 1492 1417 1393 2096 1670 763 2039
509 1788 2173 2732 2456 1922 928 1639 2036 856 2640 2584 2409 2072 1957 1240 911 1604 1797 1672 2172 1654 1954 2949 1968 1673 2704 1594 2795 2645 1426 0 1195 1059 1534 2685 2430 1954 1851 2899 2015 2030 1420 2049 1974 1950 2383 1963 1891 2595
1063 1151 1551 1848 1967 1488 757 756 1547 679 2152 1700 1526 1583 1468 432 368 720 1360 789 1289 770 1465 2445 995 694 1820 838 2306 1761 534 1195 0 894 650 1801 1546 1071 879 2411 1043 1203 533 1165 1090 1066 1769 1344 918 1712
802 728 1113 1731 1396 863 594 701 977 566 1581 1583 1621 1013 897 1154 953 810 737 884 1384 656 894 1890 1504 1514 1703 535 1736 1644 1332 1059 894 0 801 1852 1429 1166 1387 1840 1552 970 824 1217 1138 1161 1324 904 1427 1595
1326 757 1205 1501 1573 1094 840 219 1153 761 1758 1354 1077 1189 1074 903 707 163 966 340 840 266 1071 2067 964 1090 1473 444 1913 1415 981 1534 650 801 0 1454 1200 622 847 2017 1011 856 231 819 744 617 1423 997 887 1365
2518 1397 1576 277 2052 1961 2032 1381 2020 1953 2441 500 1106 2056 1941 2053 1858 1326 1832 1389 778 1334 1938 2470 2110 2236 661 1406 2394 900 2128 2685 1801 1852 1454 0 605 1106 1994 2883 2158 1244 1484 921 1205 987 1794 1369 2033 1151
2231 877 1056 386 1532 1441 1777 1126 1500 1698 1921 239 1451 1536 1421 1799 1603 1075 1312 1146 1107 1080 1418 1950 1856 1982 426 985 1874 448 1873 2430 1546 1429 1200 605 0 1414 1739 2363 1903 724 1229 604 775 1302 1274 849 1779 699
1788 1121 1431 1224 1907 1459 1302 639 1518 1223 2122 1447 666 1554 1439 1323 1127 467 1331 533 439 625 1436 2324 1374 1506 1608 809 2249 1641 1397 1954 1071 1166 622 1106 1414 0 1220 2381 1273 1082 753 894 970 146 1649 1224 1260 1592
1718 1343 1744 2040 2160 1681 1368 948 1740 1289 2344 1893 1599 1776 1661 880 1024 912 1552 981 1425 962 1657 2637 182 572 2013 1030 2499 1954 790 1851 879 1387 847 1994 1739 1220 0 2603 369 1395 741 1358 1283 1132 1962 1536 57 1904
2642 1733 1809 2665 1829 1261 2398 1918 1320 2369 1392 2517 2837 1265 1241 2663 2467 2025 1341 2100 2599 1873 1237 2585 2720 2846 2637 1728 2152 2522 2737 2899 2411 1840 2017 2883 2363 2381 2603 0 2767 1877 2113 2414 2138 2377 2019 1599 2643 2334
1883 1507 1908 2205 2324 1845 1532 1112 1904 1453 2508 2057 1651 1940 1825 1045 1188 1077 1717 1146 1477 1127 1822 2802 273 668 2177 1195 2663 2118 886 2015 1043 1552 1011 2158 1903 1273 369 2767 0 1559 906 1522 1447 1184 2126 1701 348 2069
1772 320 570 1025 1045 954 1433 768 1014 1354 1435 878 1393 1050 934 1455 1259 731 826 802 1049 723 931 1463 1512 1638 998 526 1387 939 1529 2030 1203 970 856 1244 724 1082 1395 1877 1559 0 885 759 274 1078 788 362 1435 786
1175 853 1234 1531 1667 1191 689 363 1250 610 1854 1383 1208 1286 1171 789 593 360 1062 467 971 409 1168 2127 858 984 1503 540 2008 1444 876 1420 533 824 231 1484 1229 753 741 2113 906 885 0 848 773 749 1452 1026 781 1394
1883 823 1107 943 1583 1492 1396 745 1551 1317 1972 795 923 1587 1472 1418 1222 694 1364 765 579 698 1469 2001 1474 1600 976 770 1925 922 1492 2049 1165 1217 819 921 604 894 1358 2414 1522 759 848 0 569 775 1325 900 1397 1085
1808 490 823 1081 1307 1216 1321 670 1275 1242 1696 933 1204 1311 1196 1343 1147 619 1087 690 860 624 1192 1724 1400 1526 1053 668 1649 994 1417 1974 1090 1138 744 1205 775 970 1283 2138 1447 274 773 569 0 966 1049 623 1323 838
1783 1117 1427 1105 1902 1454 1297 635 1514 1218 2118 1328 557 1550 1434 1319 1123 462 1326 528 320 620 1431 2320 1304 1501 1489 804 2244 1621 1393 1950 1066 1161 617 987 1302 146 1132 2377 1184 1078 749 775 966 0 1644 1219 1172 1587
2126 1059 380 1576 729 1097 1882 1349 1139 1853 1217 1428 1960 1192 1077 2022 1826 1298 968 1369 1616 1303 1074 862 2078 2204 1548 1193 1034 1036 2096 2383 1769 1324 1423 1794 1274 1649 1962 2019 2126 788 1452 1325 1049 1644 0 486 2002 821
1706 599 276 1150 767 677 1462 923 736 1433 1156 1003 1534 772 657 1596 1400 872 548 943 1190 877 653 1169 1653 1779 1122 784 1110 996 1670 1963 1344 904 997 1369 849 1224 1536 1599 1701 362 1026 900 623 1219 486 0 1576 801
1758 1383 1784 2080 2200 1720 1407 988 1780 1328 2384 1933 1638 1816 1700 920 1064 952 1592 1021 1465 1002 1697 2677 155 545 2052 1070 2539 1994 763 1891 918 1427 887 2033 1779 1260 57 2643 348 1435 781 1397 1323 1172 2002 1576 0 1944
2397 1043 611 932 1486 1411 1943 1292 1471 1864 1892 785 1902 1507 1391 1964 1768 1240 1283 1311 1558 1245 1388 1468 2021 2147 905 1151 1791 333 2039 2595 1712 1595 1365 1151 699 1592 1904 2334 2069 786 1394 1085 838 1587 821 801 1944 0
OSM_IDS: 9372869131 353235049 782532165 310596467 5106925391 471142717 97941822 460377059 298540181 97942972 233474645 603693443 102212379 611238397 461078314 296982617 269108909 92286662 470590308 1706797170 99360874 78206050 496318907 1746008801 25427706 300910860 519271644 353294940 1861339070 105962762 280542795 2191823266 367653088 3692137143 145819379 364621571 286760326 132751699 1483019324 122507528 8841026754 1672660697 144725181 9934326599 432657115 101068522 857421709 231933856 25427908 703777390
GRAPHML_FILE: data/tsp_dataset/graph_zurich_dist_20000.graphml
EOF