NAME: zurich_50_10
COMMENT: TSP instance with 50 nodes. City: Zurich, Switzerland, Seed: 52
TYPE: TSP
DIMENSION: 50
EDGE_WEIGHT_TYPE: EXPLICIT
EDGE_WEIGHT_FORMAT: FULL_MATRIX
NODE_COORD_SECTION:
1 47.3485762 8.7261691
2 47.2296856 8.6705983
3 47.4122291 8.4639416
4 47.5261125 8.5443336
5 47.2943962 8.3579983
6 47.5494696 8.7390518
7 47.4030679 8.4048732
8 47.4989749 8.4551374
9 47.3421707 8.4829274
10 47.3986853 8.6046741
11 47.3028695 8.6884092
12 47.4086027 8.3178868
13 47.4212318 8.3161469
14 47.4495062 8.6993198
15 47.3771776 8.5338267
16 47.2786663 8.3388102
17 47.2080162 8.7393276
18 47.4847142 8.7104963
19 47.2246386 8.6323251
20 47.4903555 8.5483125
21 47.3260954 8.4905162
22 47.3669792 8.7867888
23 47.2604114 8.5979963
24 47.4941306 8.2775779
25 47.4165836 8.4501
26 47.3058775 8.5515374
27 47.4142965 8.4575525
28 47.3739396 8.5353072
29 47.508685 8.5381393
30 47.2609205 8.5963011
31 47.3942803 8.533652
32 47.344676 8.6186074
33 47.228132 8.386005
34 47.3231966 8.3863661
35 47.3157679 8.590367
36 47.2693406 8.6513207
37 47.403467 8.5305653
38 47.2385185 8.6107184
39 47.3379157 8.4575519
40 47.5321316 8.5789557
41 47.2500623 8.7042724
42 47.2489605 8.7805052
43 47.2464064 8.7106212
44 47.4110621 8.5901772
45 47.307313 8.6018049
46 47.4584966 8.4090165
47 47.4806645 8.7606572
48 47.2335261 8.3185996
49 47.50209 8.8028863
50 47.3624992 8.7904234
EDGE_WEIGHT_SECTION:
0 1986 1267 1271 2097 1390 1360 1491 1662 678 478 1998 1956 871 1031 2251 2297 904 1813 1072 1750 480 1886 1897 1245 1475 1305 1039 1180 1886 937 848 2358 1832 925 840 922 1696 1502 1513 963 875 977 690 985 1372 1169 2679 1427 458
1986 0 1458 1940 1712 2383 1399 2126 1321 1489 1863 1764 1886 1864 981 1861 467 1898 280 1741 1237 2214 447 2071 1565 605 1496 973 1848 458 1225 1578 1763 1447 1544 2036 1271 315 984 2181 2372 2450 2363 1471 1671 1888 2306 2161 2486 2193
1267 1458 0 1130 1238 1664 423 933 809 770 1523 1157 1123 1145 608 1393 1768 1178 1285 931 927 1495 1358 1162 190 947 39 638 1038 1357 577 1237 1562 974 1230 1721 562 1167 674 1371 2042 2048 2048 779 1356 786 1587 1883 1767 1473
1271 1940 1130 0 1959 1246 1223 539 1559 774 1635 1861 1819 1078 984 2113 2250 1091 1767 282 1676 1499 1840 1638 1108 1428 1168 993 218 1839 891 1379 2283 1695 1560 1997 875 1649 1395 365 2141 2053 2155 750 1686 996 1412 2603 1474 1478
2097 1712 1238 1959 0 2494 1062 1789 1023 1599 2107 952 1072 1974 1224 260 2022 2008 1539 1760 1003 2325 1612 1734 1228 1200 1276 1216 1867 1611 1469 1821 646 368 1788 2279 1493 1421 811 2200 2615 2693 2606 1609 1914 1550 2416 793 2596 2303
1390 2383 1664 1246 2494 0 1758 1703 2059 1075 1787 2395 2354 725 1428 2648 2694 596 2210 1294 2147 1423 2283 2294 1642 1872 1703 1437 1382 2283 1335 1667 2755 2229 2003 2150 1319 2093 1899 983 2260 2172 2274 1091 2129 1769 689 3076 710 1401
1360 1399 423 1223 1062 1758 0 1052 662 863 1709 824 789 1238 764 1216 1710 1272 1226 1024 779 1588 1299 886 406 888 461 806 1131 1299 799 1423 1385 797 1398 1889 758 1109 498 1464 2225 2142 2216 872 1524 703 1680 1706 1860 1567
1491 2126 933 539 1789 1703 1052 0 1388 994 1854 1518 1462 1369 1171 1943 2436 1402 1953 570 1506 1719 2026 1099 937 1615 971 1203 532 2025 1033 1598 2112 1524 1764 2217 909 1835 1225 821 2361 2272 2374 970 1890 625 1811 2433 1930 1697
1662 1321 809 1559 1023 2059 662 1388 0 1164 1600 1075 1197 1539 692 1177 1631 1573 1148 1360 117 1889 1220 1334 799 809 848 690 1467 1220 878 1315 1270 758 1281 1773 863 1030 396 1800 2109 2187 2100 1146 1408 1150 1981 1591 2161 1868
678 1489 770 774 1599 1075 863 994 1164 0 906 1501 1459 556 533 1754 1799 589 1316 575 1252 906 1389 1399 748 977 808 542 682 1388 440 650 1860 1335 1050 1269 424 1198 1004 1015 1425 1459 1438 168 1190 875 997 2181 1177 884
478 1863 1523 1635 2107 1787 1709 1854 1600 906 0 2159 2281 1268 963 2256 2174 1301 1690 1436 1632 877 1763 2227 1608 1352 1561 945 1543 1763 1094 442 2235 1842 535 363 1152 1573 1379 1876 519 653 532 1012 596 1735 1566 2556 1824 855
1998 1764 1157 1861 952 2395 824 1518 1075 1501 2159 0 124 1876 1277 1107 2075 1909 1591 1662 1147 2226 1664 829 1135 1253 1195 1269 1769 1663 1420 1873 1493 743 1840 2331 1392 1473 863 2102 2667 2745 2658 1510 1966 1006 2318 1639 2498 2204
1956 1886 1123 1819 1072 2354 789 1462 1197 1459 2281 124 0 1834 1343 1226 2197 1868 1713 1620 1270 2184 1786 773 1101 1375 1161 1383 1727 1786 1378 1995 1612 865 1962 2454 1350 1596 985 2060 2790 2738 2781 1468 2089 950 2276 1759 2456 2163
871 1864 1145 1078 1974 725 1238 1369 1539 556 1268 1876 1834 0 908 2129 2175 240 1691 950 1627 903 1764 1774 1123 1353 1183 917 1057 1763 815 1147 2236 1710 1484 1630 799 1573 1379 965 1741 1652 1754 571 1610 1250 648 2556 828 882
1031 981 608 984 1224 1428 764 1171 692 533 963 1277 1343 908 0 1374 1291 942 808 785 750 1258 881 1283 714 470 647 63 892 880 259 677 1352 960 669 1161 299 690 496 1225 1481 1549 1486 515 796 1024 1350 1673 1530 1237
2251 1861 1393 2113 260 2648 1216 1943 1177 1754 2256 1107 1226 2129 1374 0 2172 2162 1688 1915 1157 2479 1761 1888 1382 1350 1431 1366 2022 1760 1618 1970 673 522 1937 2428 1647 1571 938 2355 2764 2843 2755 1763 2063 1705 2571 649 2751 2457
2297 467 1768 2250 2022 2694 1710 2436 1631 1799 2174 2075 2197 2175 1291 2172 0 2208 609 2051 1548 2525 819 2382 1876 915 1807 1284 2159 829 1536 1888 2092 1758 1855 2346 1582 626 1294 2491 2682 2760 2673 1781 1981 2198 2616 2471 2796 2503
904 1898 1178 1091 2008 596 1272 1402 1573 589 1301 1909 1868 240 942 2162 2208 0 1724 984 1661 937 1797 1808 1157 1386 1217 951 1091 1797 849 1181 2269 1743 1517 1664 833 1607 1413 851 1774 1686 1788 605 1644 1283 408 2590 595 915
1813 280 1285 1767 1539 2210 1226 1953 1148 1316 1690 1591 1713 1691 808 1688 609 1724 0 1568 1064 2041 335 1898 1392 432 1323 800 1675 345 1052 1405 1527 1274 1371 1863 1098 129 811 2008 2199 2277 2190 1298 1498 1714 2133 1980 2313 2020
1072 1741 931 282 1760 1294 1024 570 1360 575 1436 1662 1620 950 785 1915 2051 984 1568 0 1478 1300 1641 1560 909 1229 969 794 209 1640 692 1180 2084 1496 1361 1798 676 1450 1196 517 1942 1854 1956 551 1487 1003 1392 2405 1522 1279
1750 1237 927 1676 1003 2147 779 1506 117 1252 1632 1147 1270 1627 750 1157 1548 1661 1064 1478 0 1977 1137 1451 917 726 965 742 1585 1136 983 1346 1163 783 1313 1804 980 947 289 1918 2140 2219 2131 1234 1439 1268 2069 1484 2249 1956
480 2214 1495 1499 2325 1423 1588 1719 1889 906 877 2226 2184 903 1258 2479 2525 937 2041 1300 1977 0 2114 2125 1473 1703 1533 1267 1408 2113 1165 1098 2586 2060 1324 1239 1149 1924 1730 1662 1316 1100 1330 918 1384 1600 1047 2907 1306 62
1886 447 1358 1840 1612 2283 1299 2026 1220 1389 1763 1664 1786 1764 881 1761 819 1797 335 1641 1137 2114 0 1971 1465 488 1396 873 1748 11 1125 1478 1697 1347 1444 1935 1171 209 884 2081 2272 2350 2262 1370 1571 1787 2206 2061 2386 2092
1897 2071 1162 1638 1734 2294 886 1099 1334 1399 2227 829 773 1774 1283 1888 2382 1808 1898 1560 1451 2125 1971 0 1140 1560 1200 1325 1631 1970 1318 1942 2057 1469 1917 2408 1290 1780 1170 1920 2743 2678 2735 1408 2043 819 2216 2378 2396 2103
1245 1565 190 1108 1228 1642 406 937 799 748 1608 1135 1101 1123 714 1382 1876 1157 1392 909 917 1473 1465 1140 0 1054 228 756 1016 1465 720 1353 1551 963 1348 1839 643 1275 664 1349 2115 2027 2129 757 1474 790 1565 1872 1745 1452
1475 605 947 1428 1200 1872 888 1615 809 977 1352 1253 1375 1353 470 1350 915 1386 432 1229 726 1703 488 1560 1054 0 985 462 1337 480 714 1066 1329 936 1033 1524 760 314 472 1670 1860 1938 1851 959 1159 1376 1794 1649 1974 1681
1305 1496 39 1168 1276 1703 461 971 848 808 1561 1195 1161 1183 647 1431 1807 1217 1323 969 965 1533 1396 1200 228 985 0 676 1076 1396 615 1276 1600 1012 1268 1759 600 1206 713 1409 2080 2087 2086 817 1394 824 1625 1921 1805 1512
1039 973 638 993 1216 1437 806 1203 690 542 945 1269 1383 917 63 1366 1284 951 800 794 742 1267 873 1325 756 462 676 0 901 872 279 659 1345 952 636 1128 337 683 489 1234 1461 1531 1455 524 763 1056 1359 1666 1539 1246
1180 1848 1038 218 1867 1382 1131 532 1467 682 1543 1769 1727 1057 892 2022 2159 1091 1675 209 1585 1408 1748 1631 1016 1337 1076 901 0 1747 799 1287 2191 1603 1468 1905 783 1557 1304 501 2050 1961 2063 658 1594 989 1499 2512 1610 1386
1886 458 1357 1839 1611 2283 1299 2025 1220 1388 1763 1663 1786 1763 880 1760 829 1797 345 1640 1136 2113 11 1970 1465 480 1396 872 1747 0 1125 1477 1688 1346 1444 1935 1171 218 883 2080 2271 2349 2262 1370 1570 1787 2205 2060 2385 2092
937 1225 577 891 1469 1335 799 1033 878 440 1094 1420 1378 815 259 1618 1536 849 1052 692 983 1165 1125 1318 720 714 615 279 799 1125 0 809 1597 1204 840 1331 161 935 741 1132 1613 1681 1626 422 966 886 1257 1918 1437 1144
848 1578 1237 1379 1821 1667 1423 1598 1315 650 442 1873 1995 1147 677 1970 1888 1181 1405 1180 1346 1098 1478 1942 1353 1066 1276 659 1287 1477 809 0 1949 1557 464 793 866 1287 1093 1620 960 1028 973 756 586 1480 1589 2270 1769 1076
2358 1763 1562 2283 646 2755 1385 2112 1270 1860 2235 1493 1612 2236 1352 673 2092 2269 1527 2084 1163 2586 1697 2057 1551 1329 1600 1345 2191 1688 1597 1949 0 908 1916 2407 1643 1493 911 2524 2743 2821 2734 1842 2042 1874 2677 580 2857 2564
1832 1447 974 1695 368 2229 797 1524 758 1335 1842 743 865 1710 960 522 1758 1743 1274 1496 783 2060 1347 1469 963 936 1012 952 1603 1346 1204 1557 908 0 1523 2014 1228 1157 546 1936 2351 2429 2341 1344 1649 1286 2152 1055 2332 2038
925 1544 1230 1560 1788 2003 1398 1764 1281 1050 535 1840 1962 1484 669 1937 1855 1517 1371 1361 1313 1324 1444 1917 1348 1033 1268 636 1468 1444 840 464 1916 1523 0 639 897 1254 1060 1801 975 1121 966 1090 167 1617 1926 2237 2106 1302
840 2036 1721 1997 2279 2150 1889 2217 1773 1269 363 2331 2454 1630 1161 2428 2346 1664 1863 1798 1804 1239 1935 2408 1839 1524 1759 1128 1905 1935 1331 793 2407 2014 639 0 1389 1745 1551 2238 397 815 388 1374 565 2098 1928 2728 2187 1218
922 1271 562 875 1493 1319 758 909 863 424 1152 1392 1350 799 299 1647 1582 833 1098 676 980 1149 1171 1290 643 760 600 337 783 1171 161 866 1643 1228 897 1389 0 981 787 1116 1671 1703 1684 406 1024 762 1241 1964 1421 1128
1696 315 1167 1649 1421 2093 1109 1835 1030 1198 1573 1473 1596 1573 690 1571 626 1607 129 1450 947 1924 209 1780 1275 314 1206 683 1557 218 935 1287 1493 1157 1254 1745 981 0 693 1890 2081 2159 2072 1180 1380 1597 2015 1870 2195 1902
1502 984 674 1395 811 1899 498 1225 396 1004 1379 863 985 1379 496 938 1294 1413 811 1196 289 1730 884 1170 664 472 713 489 1304 883 741 1093 911 546 1060 1551 787 693 0 1636 1887 1965 1878 986 1186 986 1821 1232 2001 1708
1513 2181 1371 365 2200 983 1464 821 1800 1015 1876 2102 2060 965 1225 2355 2491 851 2008 517 1918 1662 2081 1920 1349 1670 1409 1234 501 2080 1132 1620 2524 1936 1801 2238 1116 1890 1636 0 2382 2294 2396 991 1927 1278 1171 2845 1233 1640
963 2372 2042 2141 2615 2260 2225 2361 2109 1425 519 2667 2790 1741 1481 2764 2682 1774 2199 1942 2140 1316 2272 2743 2115 1860 2080 1461 2050 2271 1613 960 2743 2351 975 397 1671 2081 1887 2382 0 564 93 1530 882 2242 2053 3064 2311 1295
875 2450 2048 2053 2693 2172 2142 2272 2187 1459 653 2745 2738 1652 1549 2843 2760 1686 2277 1854 2219 1100 2350 2678 2027 1938 2087 1531 1961 2349 1681 1028 2821 2429 1121 815 1703 2159 1965 2294 564 0 478 1471 1114 2154 1945 3142 2203 1078
977 2363 2048 2155 2606 2274 2216 2374 2100 1438 532 2658 2781 1754 1486 2755 2673 1788 2190 1956 2131 1330 2262 2735 2129 1851 2086 1455 2063 2262 1626 973 2734 2341 966 388 1684 2072 1878 2396 93 478 0 1544 873 2256 2066 3055 2325 1308
690 1471 779 750 1609 1091 872 970 1146 168 1012 1510 1468 571 515 1763 1781 605 1298 551 1234 918 1370 1408 757 959 817 524 658 1370 422 756 1842 1344 1090 1374 406 1180 986 991 1530 1471 1544 0 1217 884 1013 2163 1193 896
985 1671 1356 1686 1914 2129 1524 1890 1408 1190 596 1966 2089 1610 796 2063 1981 1644 1498 1487 1439 1384 1571 2043 1474 1159 1394 763 1594 1570 966 586 2042 1649 167 565 1024 1380 1186 1927 882 1114 873 1217 0 1743 2052 2363 2232 1363
1372 1888 786 996 1550 1769 703 625 1150 875 1735 1006 950 1250 1024 1705 2198 1283 1714 1003 1268 1600 1787 819 790 1376 824 1056 989 1787 886 1480 1874 1286 1617 2098 762 1597 986 1278 2242 2154 2256 884 1743 0 1692 2195 1872 1579
1169 2306 1587 1412 2416 689 1680 1811 1981 997 1566 2318 2276 648 1350 2571 2616 408 2133 1392 2069 1047 2206 2216 1565 1794 1625 1359 1499 2205 1257 1589 2677 2152 1926 1928 1241 2015 1821 1171 2053 1945 2066 1013 2052 1692 0 2998 445 1025
2679 2161 1883 2603 793 3076 1706 2433 1591 2181 2556 1639 1759 2556 1673 649 2471 2590 1980 2405 1484 2907 2061 2378 1872 1649 1921 1666 2512 2060 1918 2270 580 1055 2237 2728 1964 1870 1232 2845 3064 3142 3055 2163 2363 2195 2998 0 3178 2885
1427 2486 1767 1474 2596 710 1860 1930 2161 1177 1824 2498 2456 828 1530 2751 2796 595 2313 1522 2249 1306 2386 2396 1745 1974 1805 1539 1610 2385 1437 1769 2857 2332 2106 2187 1421 2195 2001 1233 2311 2203 2325 1193 2232 1872 445 3178 0 1284
458 2193 1473 1478 2303 1401 1567 1697 1868 884 855 2204 2163 882 1237 2457 2503 915 2020 1279 1956 62 2092 2103 1452 1681 1512 1246 1386 2092 1144 1076 2564 2038 1302 1218 1128 1902 1708 1640 1295 1078 1308 896 1363 1579 1025 2885 1284 0
OSM_IDS: 360643347 60504731 13310917415 6532953486 920547043 1422806639 30228243 192581119 242410855 1492866216 264890214 599261583 2049923274 17284579 30230049 1145501550 2014256593 25429003 307649494 92317040 242410541 254298384 6339842537 302952693 373458784 7066694153 9806138049 1552956926 132751699 30123202 1048476009 100232260 1233799272 813681499 150998503 207713369 1261296605 262327134 390544138 101049193 463214327 266829436 1633398658 1670317429 27794932 280712275 25427364 282280864 6341209081 3198358794
GRAPHML_FILE: data/tsp_dataset/graph_zurich_dist_20000.graphml
EOF