NAME: zurich_50_23
COMMENT: TSP instance with 50 nodes. City: Zurich, Switzerland, Seed: 65
TYPE: TSP
DIMENSION: 50
EDGE_WEIGHT_TYPE: EXPLICIT
EDGE_WEIGHT_FORMAT: FULL_MATRIX
NODE_COORD_SECTION:
1 47.3134111 8.6715671
2 47.2624233 8.3731248
3 47.4082543 8.4681383
4 47.5291715 8.4655698
5 47.2499529 8.7044814
6 47.4705707 8.3341001
7 47.3756155 8.5164314
8 47.4440537 8.3344653
9 47.3878605 8.5154674
10 47.369107 8.7786196
11 47.502047 8.4954181
12 47.3557553 8.3248479
13 47.4320383 8.6715459
14 47.2996004 8.5638311
15 47.3734022 8.5317652
16 47.4186599 8.415926
17 47.3606702 8.7298919
18 47.3955606 8.5321527
19 47.3460887 8.4806666
20 47.3609177 8.5580539
21 47.3930052 8.5267988
22 47.4242206 8.3047071
23 47.3259263 8.5750651
24 47.3928707 8.6744389
25 47.405176 8.3045533
26 47.5191331 8.6425685
27 47.5237738 8.4381345
28 47.4456835 8.3664385
29 47.272 8.6676575
30 47.2605378 8.687851
31 47.4162285 8.5279074
32 47.2677135 8.4888967
33 47.3705349 8.6399686
34 47.1972554 8.7437092
35 47.3816026 8.5153875
36 47.2931043 8.567489
37 47.3169701 8.5797404
38 47.4911094 8.7076404
39 47.366881 8.5145897
40 47.2539127 8.7673599
41 47.4382869 8.4724534
42 47.3024876 8.5532561
43 47.492253 8.7103732
44 47.4688786 8.3028121
45 47.2837575 8.6214453
46 47.2655336 8.3249091
47 47.3141304 8.5809478
48 47.4855767 8.7757623
49 47.2801606 8.6222463
50 47.5447388 8.4582844
EDGE_WEIGHT_SECTION:
0 1997 1427 1851 636 1969 1023 1921 1124 897 1600 1827 1202 1411 901 1519 658 1011 1543 700 1072 2218 608 823 2184 1728 2018 1776 420 589 1232 1917 494 2143 1054 1434 603 1396 1077 664 1335 1326 1419 1988 535 2275 591 1740 552 1950
1997 0 1396 2145 2560 1664 1168 1617 1316 2348 1942 704 2008 1280 1130 1344 2052 1367 1110 1342 1406 1312 1571 1860 1153 2406 2175 1471 2298 2428 1594 768 1886 1985 1223 1276 1648 2111 1170 2529 1443 1168 2134 1683 2075 494 1672 2568 2086 2267
1427 1396 0 1108 1997 972 467 842 396 1464 905 1031 1125 1040 557 307 1169 467 818 772 436 1185 1027 976 1303 1460 1137 685 1754 1883 519 1312 1093 1745 493 1036 1104 1227 549 1959 388 927 1250 995 1530 1596 1128 1685 1542 1230
1851 2145 1108 0 2423 1316 1343 1376 1291 1729 272 1780 1354 1848 1286 1132 1434 1136 1602 1389 1223 1680 1682 1241 1885 1074 211 1157 2219 2384 1105 2062 1358 2553 1342 1843 1760 1492 1441 2306 722 1735 1514 1364 2186 2345 1784 1918 2197 122
636 2560 1997 2423 0 2538 1586 2490 1692 1265 2172 2391 1632 1975 1464 2091 1065 1582 2106 1270 1642 2782 990 1238 2747 2135 2589 2344 380 247 1803 2481 1077 2707 1618 1998 912 1803 1640 497 1907 1890 1826 2556 640 2839 888 2157 595 2521
1969 1664 972 1316 2538 0 1036 377 886 1867 1113 1288 1527 1491 1082 672 1571 1047 1121 1315 1019 698 1552 1379 904 1862 1328 407 2279 2409 1065 1581 1495 2196 1013 1487 1629 1630 1132 2443 822 1379 1653 344 2056 1864 1653 2087 2067 1438
1023 1168 467 1343 1586 1036 0 988 188 1285 1092 999 945 610 127 732 989 278 601 368 277 1307 597 797 1355 1372 1432 843 1324 1453 466 1089 904 1315 102 606 674 1048 143 1555 683 497 1071 1055 1100 1446 698 1505 1112 1442
1921 1617 842 1376 2490 377 988 0 839 1819 1173 1185 1479 1443 1034 610 1523 999 1073 1267 971 672 1504 1331 875 1814 1391 413 2231 2361 1017 1533 1448 2149 965 1439 1582 1582 1085 2395 852 1331 1605 395 2008 1816 1605 2039 2019 1498
1124 1316 396 1291 1692 886 188 839 0 1240 1047 1071 900 757 244 606 944 215 713 469 186 1157 714 752 1315 1326 1355 693 1441 1571 402 1236 861 1463 169 753 792 1003 296 1656 606 645 1026 905 1218 1594 815 1460 1229 1396
897 2348 1464 1729 1265 1867 1285 1819 1240 0 1478 2046 733 1789 1228 1397 367 1078 1832 1308 1165 2138 1414 545 2296 1191 1896 1674 1128 1235 1205 2268 742 2495 1284 1785 1398 859 1383 1102 1213 1677 882 1886 1305 2610 1386 1044 1260 1828
1600 1942 905 272 2172 1113 1092 1173 1047 1478 0 1578 1103 1597 1035 929 1183 885 1399 1138 972 1508 1431 990 1714 910 417 954 1968 2133 889 1859 1107 2302 1091 1593 1509 1241 1190 2055 519 1484 1264 1230 1935 2142 1533 1698 1946 393
1827 704 1031 1780 2391 1288 999 1185 1071 2046 1578 0 1706 1110 960 941 1750 1197 789 1172 1204 622 1401 1557 462 2041 1810 1106 2128 2258 1243 1193 1674 1816 1054 1106 1479 1808 1000 2360 1078 998 1831 1044 1905 806 1503 2266 1916 1902
1202 2008 1125 1354 1632 1527 945 1479 900 733 1103 1706 0 1449 888 1057 642 738 1492 991 825 1798 1284 406 1956 793 1521 1334 1461 1602 865 1928 709 2155 944 1445 1362 461 1043 1515 873 1337 484 1546 1559 2270 1386 918 1576 1453
1411 1280 1040 1848 1975 1491 610 1443 757 1789 1597 1110 1449 0 571 1170 1494 808 961 756 847 1518 985 1301 1467 1876 2002 1298 1712 1842 1035 838 1300 1074 664 62 1063 1552 611 1944 1256 142 1575 1510 1489 1558 1087 2009 1500 1946
901 1130 557 1286 1464 1082 127 1034 244 1228 1035 960 888 571 0 802 932 241 648 246 292 1337 475 739 1317 1314 1452 889 1202 1332 476 1050 783 1276 159 567 552 991 184 1433 728 459 1013 1101 979 1408 576 1448 990 1384
1519 1344 307 1132 2091 672 732 610 606 1397 929 941 1057 1170 802 0 1102 679 800 1021 720 939 1272 909 1072 1393 1162 380 1887 2052 595 1260 1026 1876 733 1166 1349 1160 814 1974 421 1058 1183 719 1775 1543 1373 1617 1787 1254
658 2052 1169 1434 1065 1571 989 1523 944 367 1183 1750 642 1494 932 1102 0 782 1536 1012 869 1842 1121 249 2000 1146 1600 1378 890 1035 909 1973 447 2199 988 1490 1145 814 1087 948 918 1381 837 1590 1067 2314 1148 1150 1022 1532
1011 1367 467 1136 1582 1047 278 999 215 1078 885 1197 738 808 241 679 782 0 807 357 113 1318 650 590 1476 1164 1219 854 1355 1507 235 1287 700 1513 260 804 727 841 372 1544 487 696 864 1066 1154 1645 751 1298 1165 1234
1543 1110 818 1602 2106 1121 601 1073 713 1832 1399 789 1492 961 648 800 1536 807 0 888 806 1196 1117 1344 1145 1862 1631 928 1844 1974 994 623 1428 1667 651 957 1194 1595 564 2075 900 849 1618 1140 1621 1353 1218 2052 1632 1724
700 1342 772 1389 1270 1315 368 1267 469 1308 1138 1172 991 756 246 1021 1012 357 888 0 417 1563 340 843 1529 1417 1552 1121 1036 1185 577 1262 603 1489 399 779 418 1094 422 1232 829 671 1117 1333 844 1620 442 1551 855 1487
1072 1406 436 1223 1642 1019 277 971 186 1165 972 1204 825 847 292 720 869 113 806 417 0 1290 710 677 1448 1251 1304 826 1415 1567 327 1326 787 1552 259 843 788 928 385 1604 564 735 951 1038 1214 1684 811 1385 1225 1321
2218 1312 1185 1680 2782 698 1307 672 1157 2138 1508 622 1798 1518 1337 939 1842 1318 1196 1563 1290 0 1792 1650 238 2133 1590 802 2519 2649 1336 1592 1766 2223 1284 1514 1869 1901 1380 2710 1171 1405 1924 454 2296 1414 1893 2358 2307 1802
608 1571 1027 1682 990 1552 597 1504 714 1414 1431 1401 1284 985 475 1272 1121 650 1117 340 710 1792 0 1016 1758 1710 1845 1358 727 857 871 1491 697 1717 628 1008 78 1387 651 1140 1122 900 1410 1571 504 1849 101 1844 515 1780
823 1860 976 1241 1238 1379 797 1331 752 545 990 1557 406 1301 739 909 249 590 1344 843 677 1650 1016 0 1808 953 1407 1185 1068 1208 717 1780 331 2006 796 1297 1083 621 895 1121 725 1189 644 1398 1181 2122 1106 1078 1191 1339
2184 1153 1303 1885 2747 904 1355 875 1315 2296 1714 462 1956 1467 1317 1072 2000 1476 1145 1529 1448 238 1758 1808 0 2291 1796 1008 2485 2615 1494 1541 1924 2172 1410 1463 1835 2059 1357 2716 1329 1354 2082 660 2262 1254 1859 2516 2273 2007
1728 2406 1460 1074 2135 1862 1372 1814 1326 1191 910 2041 793 1876 1314 1393 1146 1164 1862 1417 1251 2133 1710 953 2291 0 1273 1669 1964 2105 1190 2322 1239 2581 1370 1872 1788 512 1469 2018 1209 1763 502 1881 2088 2605 1812 883 2095 1173
2018 2175 1137 211 2589 1328 1432 1391 1355 1896 417 1810 1521 2002 1452 1162 1600 1219 1631 1552 1304 1590 1845 1407 1796 1273 0 1182 2385 2550 1135 2091 1524 2707 1431 1998 1923 1659 1514 2472 751 1889 1682 1236 2349 2374 1946 2101 2360 333
1776 1471 685 1157 2344 407 843 413 693 1674 954 1106 1334 1298 889 380 1378 854 928 1121 826 802 1358 1185 1008 1669 1182 0 2085 2215 871 1387 1302 2003 820 1294 1436 1437 939 2250 595 1186 1459 524 1862 1671 1460 1894 1874 1278
420 2298 1754 2219 380 2279 1324 2231 1441 1128 1968 2128 1461 1712 1202 1887 890 1355 1844 1036 1415 2519 727 1068 2485 1964 2385 2085 0 169 1575 2218 861 2444 1355 1735 649 1632 1378 618 1703 1627 1655 2298 298 2576 626 1972 253 2317
589 2428 1883 2384 247 2409 1453 2361 1571 1235 2133 2258 1602 1842 1332 2052 1035 1507 1974 1185 1567 2649 857 1208 2615 2105 2550 2215 169 0 1727 2348 1030 2574 1485 1865 779 1773 1508 530 1868 1757 1796 2428 467 2706 755 2125 422 2482
1232 1594 519 1105 1803 1065 466 1017 402 1205 889 1243 865 1035 476 595 909 235 994 577 327 1336 871 717 1494 1190 1135 871 1575 1727 0 1514 822 1741 447 1031 948 968 574 1765 404 923 991 1084 1374 1808 972 1425 1386 1227
1917 768 1312 2062 2481 1581 1089 1533 1236 2268 1859 1193 1928 838 1050 1260 1973 1287 623 1262 1326 1592 1491 1780 1541 2322 2091 1387 2218 2348 1514 0 1807 1588 1143 826 1569 2031 1090 2450 1359 839 2054 1600 1995 1046 1593 2488 2006 2184
494 1886 1093 1358 1077 1495 904 1448 861 742 1107 1674 709 1300 783 1026 447 700 1428 603 787 1766 697 331 1924 1239 1524 1302 861 1030 822 1807 0 2033 905 1324 763 907 962 1065 842 1215 930 1514 862 2164 787 1364 878 1456
2143 1985 1745 2553 2707 2196 1315 2149 1463 2495 2302 1816 2155 1074 1276 1876 2199 1513 1667 1489 1552 2223 1717 2006 2172 2581 2707 2003 2444 2574 1741 1588 2033 0 1370 1070 1795 2258 1316 2676 1961 962 2280 2215 2221 2263 1819 2715 2233 2651
1054 1223 493 1342 1618 1013 102 965 169 1284 1091 1054 944 664 159 733 988 260 651 399 259 1284 628 796 1410 1370 1431 820 1355 1485 447 1143 905 1370 0 660 706 1047 209 1587 699 552 1070 1032 1132 1501 730 1504 1143 1440
1434 1276 1036 1843 1998 1487 606 1439 753 1785 1593 1106 1445 62 567 1166 1490 804 957 779 843 1514 1008 1297 1463 1872 1998 1294 1735 1865 1031 826 1324 1070 660 0 1086 1548 607 1967 1252 182 1571 1506 1512 1554 1110 2005 1523 1942
603 1648 1104 1760 912 1629 674 1582 792 1398 1509 1479 1362 1063 552 1349 1145 727 1194 418 788 1869 78 1083 1835 1788 1923 1436 649 779 948 1569 763 1795 706 1086 0 1465 728 1142 1200 977 1488 1648 426 1927 24 1922 437 1858
1396 2111 1227 1492 1803 1630 1048 1582 1003 859 1241 1808 461 1552 991 1160 814 841 1595 1094 928 1901 1387 621 2059 512 1659 1437 1632 1773 968 2031 907 2258 1047 1548 1465 0 1146 1686 976 1440 42 1649 1756 2373 1488 486 1763 1591
1077 1170 549 1441 1640 1132 143 1085 296 1383 1190 1000 1043 611 184 814 1087 372 564 422 385 1380 651 895 1357 1469 1514 939 1378 1508 574 1090 962 1316 209 607 728 1146 0 1609 764 499 1169 1151 1155 1448 752 1603 1166 1539
664 2529 1959 2306 497 2443 1555 2395 1656 1102 2055 2360 1515 1944 1433 1974 948 1544 2075 1232 1604 2710 1140 1121 2716 2018 2472 2250 618 530 1765 2450 1065 2676 1587 1967 1142 1686 1609 0 1790 1858 1709 2462 859 2807 1130 2039 815 2404
1335 1443 388 722 1907 822 683 852 606 1213 519 1078 873 1256 728 421 918 487 900 829 564 1171 1122 725 1329 1209 751 595 1703 1868 404 1359 842 1961 699 1252 1200 976 764 1790 0 1143 999 919 1626 1643 1224 1433 1638 843
1326 1168 927 1735 1890 1379 497 1331 645 1677 1484 998 1337 142 459 1058 1381 696 849 671 735 1405 900 1189 1354 1763 1889 1186 1627 1757 923 839 1215 962 552 182 977 1440 499 1858 1143 0 1463 1398 1404 1446 1001 1897 1415 1833
1419 2134 1250 1514 1826 1653 1071 1605 1026 882 1264 1831 484 1575 1013 1183 837 864 1618 1117 951 1924 1410 644 2082 502 1682 1459 1655 1796 991 2054 930 2280 1070 1571 1488 42 1169 1709 999 1463 0 1672 1778 2396 1511 474 1786 1612
1988 1683 995 1364 2556 344 1055 395 905 1886 1230 1044 1546 1510 1101 719 1590 1066 1140 1333 1038 454 1571 1398 660 1881 1236 524 2298 2428 1084 1600 1514 2215 1032 1506 1648 1649 1151 2462 919 1398 1672 0 2075 1836 1672 2106 2086 1485
535 2075 1530 2186 640 2056 1100 2008 1218 1305 1935 1905 1559 1489 979 1775 1067 1154 1621 844 1214 2296 504 1181 2262 2088 2349 1862 298 467 1374 1995 862 2221 1132 1512 426 1756 1155 859 1626 1404 1778 2075 0 2353 402 2149 79 2284
2275 494 1596 2345 2839 1864 1446 1816 1594 2610 2142 806 2270 1558 1408 1543 2314 1645 1353 1620 1684 1414 1849 2122 1254 2605 2374 1671 2576 2706 1808 1046 2164 2263 1501 1554 1927 2373 1448 2807 1643 1446 2396 1836 2353 0 1950 2830 2364 2467
591 1672 1128 1784 888 1653 698 1605 815 1386 1533 1503 1386 1087 576 1373 1148 751 1218 442 811 1893 101 1106 1859 1812 1946 1460 626 755 972 1593 787 1819 730 1110 24 1488 752 1130 1224 1001 1511 1672 402 1950 0 1945 414 1882
1740 2568 1685 1918 2157 2087 1505 2039 1460 1044 1698 2266 918 2009 1448 1617 1150 1298 2052 1551 1385 2358 1844 1078 2516 883 2101 1894 1972 2125 1425 2488 1364 2715 1504 2005 1922 486 1603 2039 1433 1897 474 2106 2149 2830 1945 0 2104 2016
552 2086 1542 2197 595 2067 1112 2019 1229 1260 1946 1916 1576 1500 990 1787 1022 1165 1632 855 1225 2307 515 1191 2273 2095 2360 1874 253 422 1386 2006 878 2233 1143 1523 437 1763 1166 815 1638 1415 1786 2086 79 2364 414 2104 0 2296
1950 2267 1230 122 2521 1438 1442 1498 1396 1828 393 1902 1453 1946 1384 1254 1532 1234 1724 1487 1321 1802 1780 1339 2007 1173 333 1278 2317 2482 1227 2184 1456 2651 1440 1942 1858 1591 1539 2404 843 1833 1612 1485 2284 2467 1882 2016 2296 0
OSM_IDS: 1509997059 411905751 410648654 293871592 2257796038 3421839396 2202561044 534451675 1967203546 299083545 93513858 4362009587 345351198 277183616 5116225762 47100333 322992131 112303150 242411067 154587110 142587290 173489697 645036279 848967533 817880799 303010570 301188095 1276482915 2504897006 5317189641 60118893 233443182 26905298 498329424 316676658 461116136 366914832 25428322 255858462 1744627926 94574865 334033341 25428585 264327709 243638351 1802890062 150998764 1602877827 463546960 297747502
GRAPHML_FILE: data/tsp_dataset/graph_zurich_dist_20000.graphml
EOF