NAME: zurich_50_21
COMMENT: TSP instance with 50 nodes. City: Zurich, Switzerland, Seed: 63
TYPE: TSP
DIMENSION: 50
EDGE_WEIGHT_TYPE: EXPLICIT
EDGE_WEIGHT_FORMAT: FULL_MATRIX
NODE_COORD_SECTION:
1 47.5190522 8.5474998
2 47.3070633 8.3097058
3 47.5489144 8.7176677
4 47.409652 8.3996952
5 47.2389379 8.6372095
6 47.4322277 8.5729135
7 47.3569593 8.557845
8 47.4962889 8.4936725
9 47.4218367 8.5077562
10 47.3727914 8.3099428
11 47.3947321 8.3779605
12 47.3993316 8.5858527
13 47.2807448 8.4573125
14 47.3873672 8.4956722
15 47.3699083 8.7726298
16 47.430466 8.6429062
17 47.2933178 8.7789966
18 47.3991968 8.7701561
19 47.4486464 8.4405715
20 47.4131544 8.619877
21 47.3988095 8.5295869
22 47.5274005 8.7126702
23 47.3869316 8.3523023
24 47.2655896 8.3412979
25 47.2479209 8.3649077
26 47.2708041 8.5802357
27 47.4398686 8.6337845
28 47.2750988 8.7480284
29 47.4778145 8.5612527
30 47.4047493 8.5041845
31 47.395994 8.5452781
32 47.3510711 8.4388467
33 47.3071324 8.5556767
34 47.2028093 8.7787253
35 47.3890414 8.477062
36 47.3619112 8.7937284
37 47.4904119 8.7471146
38 47.2752865 8.3491273
39 47.4203478 8.4196824
40 47.253505 8.7680336
41 47.3091749 8.3608541
42 47.2343253 8.5979978
43 47.3462441 8.2874976
44 47.1976207 8.4944349
45 47.3533052 8.3667195
46 47.2032934 8.7544644
47 47.4408896 8.6265964
48 47.3823239 8.4990841
49 47.4506986 8.5936848
50 47.2834574 8.7662121
EDGE_WEIGHT_SECTION:
0 2193 1092 1217 1802 582 1162 425 911 1889 1469 886 1818 1125 1421 882 1720 1548 946 839 904 993 1681 2274 2186 1713 785 1884 411 1022 794 1368 1512 2473 1253 1509 1258 2116 1200 2024 1837 1853 1964 2297 1572 2328 774 1122 570 1739
2193 0 2656 1337 1807 1731 1645 2044 1551 683 1220 1900 993 1554 2480 1998 2660 2607 1802 1898 1752 2459 1059 418 536 1719 2079 2673 1956 1680 1691 1014 1518 2479 1536 2568 2521 391 1560 2820 391 1825 345 1417 883 2334 2071 1509 1867 2623
1092 2656 0 1680 2174 1158 1534 1454 1374 2352 1933 1129 2229 1497 1247 981 1767 1198 1625 909 1276 197 2144 2718 2586 2086 1064 1931 1194 1394 1167 1831 1885 2845 1625 1361 588 2554 1664 2071 2301 2225 2428 2697 2036 2701 1068 1494 1189 1787
1217 1337 1680 0 1339 755 1054 1067 575 971 338 969 999 605 1503 1022 1802 1630 771 921 811 1483 624 1454 1366 1251 1103 1966 980 685 815 548 1050 2011 547 1592 1545 1296 329 2106 1018 1390 1046 1477 579 1866 1095 652 891 1822
1802 1807 2174 1339 0 1362 1030 1874 1350 1503 1475 1284 1247 996 1997 1516 2045 2124 1702 1442 1156 1977 1484 1739 1605 474 1585 2058 1565 1253 1076 956 551 870 1092 2086 2039 1572 1525 2205 1452 340 1578 1021 1205 725 1648 946 1476 2007
582 1731 1158 755 1362 0 721 658 449 1427 1008 362 1356 679 981 499 1280 1108 700 374 432 960 1219 1812 1724 1273 443 1443 345 550 354 906 1072 2033 807 1069 1022 1654 738 1583 1376 1412 1502 1835 1111 1888 453 677 249 1299
1162 1645 1534 1054 1030 721 0 1234 710 1340 1259 644 1084 521 1334 876 1114 1482 1133 802 521 1337 1321 1576 1442 941 944 1127 925 618 415 793 714 1701 625 1423 1398 1410 1173 1274 1289 1080 1416 1553 1043 1556 1007 479 836 1077
425 2044 1454 1067 1874 658 1234 0 739 1740 1320 959 1669 1064 1493 979 1792 1620 596 911 943 1355 1531 2124 2036 1786 885 1956 586 882 867 1219 1585 2546 1126 1582 1535 1966 1050 2096 1688 1925 1815 2147 1423 2401 874 1123 671 1812
911 1551 1374 575 1350 449 710 739 0 1247 828 560 1176 567 1197 716 1496 1324 500 615 319 1177 1039 1632 1544 1261 797 1660 674 206 329 726 1060 2021 629 1286 1238 1474 559 1800 1196 1401 1323 1655 931 1876 789 586 585 1515
1889 683 2352 971 1503 1427 1340 1740 1247 0 854 1595 1135 1249 2175 1694 2356 2302 1491 1593 1447 2155 692 930 988 1414 1775 2369 1652 1375 1386 709 1213 2174 1231 2264 2217 772 1218 2516 518 1554 391 1641 516 2029 1767 1205 1563 2318
1469 1220 1933 338 1475 1008 1259 1320 828 854 0 1221 1134 836 1756 1274 2055 1883 1028 1174 1043 1736 472 1396 1454 1386 1355 2219 1233 941 1020 671 1185 2146 778 1844 1797 1238 585 2358 959 1525 929 1613 465 2001 1347 882 1144 2074
886 1900 1129 969 1284 362 644 959 560 1595 1221 0 1339 607 952 471 1251 1079 914 313 387 932 1432 1831 1697 1196 511 1313 649 504 275 1048 995 1956 735 1040 993 1665 952 1460 1544 1335 1671 1808 1298 1811 577 604 561 1259
1818 993 2229 999 1247 1356 1084 1669 1176 1135 1134 1339 0 1050 2052 1571 2100 2179 1427 1487 1210 2032 1144 811 677 1158 1640 2113 1581 1305 1130 572 957 1918 1143 2141 2093 645 1185 2260 729 1026 1211 731 865 1773 1681 1001 1492 2062
1125 1554 1497 605 996 679 521 1064 567 1249 836 607 1050 0 1320 839 1537 1447 754 765 394 1300 1048 1543 1408 907 907 1550 888 361 370 611 706 1667 159 1408 1361 1376 723 1696 1198 1046 1325 1519 940 1522 970 106 799 1499
1421 2480 1247 1503 1997 981 1334 1493 1197 2175 1756 952 2052 1320 0 797 690 330 1448 723 1100 1050 1967 2541 2410 1909 879 934 1184 1217 990 1654 1708 2669 1448 174 1001 2378 1487 1063 2124 2048 2251 2521 1859 2524 942 1317 1085 789
882 1998 981 1022 1516 499 876 979 716 1694 1274 471 1571 839 797 0 1096 836 967 200 618 784 1486 2060 1928 1427 104 1260 625 736 508 1173 1226 2187 967 885 846 1896 1005 1399 1642 1567 1769 2039 1378 2042 167 836 314 1115
1720 2660 1767 1802 2045 1280 1114 1792 1496 2356 2055 1251 2100 1537 690 1096 0 992 1747 1022 1399 1570 2266 2592 2457 1957 1178 266 1483 1516 1289 1809 1729 2716 1641 779 1632 2425 1786 399 2304 2096 2431 2568 2058 2571 1241 1495 1384 122
1548 2607 1198 1630 2124 1108 1482 1620 1324 2302 1883 1079 2179 1447 330 836 992 0 1575 860 1227 1001 2094 2668 2537 2036 918 1235 1311 1345 1117 1781 1835 2796 1575 356 800 2505 1614 1366 2251 2175 2378 2648 1986 2651 981 1444 1128 1091
946 1802 1625 771 1702 700 1133 596 500 1491 1028 914 1427 754 1448 967 1747 1575 0 866 741 1428 1290 1883 1795 1613 1048 1911 925 611 752 977 1412 2373 816 1537 1489 1725 754 2051 1446 1753 1573 1906 1181 2228 1040 812 836 1766
839 1898 909 921 1442 374 802 911 615 1593 1174 313 1487 765 723 200 1022 860 866 0 545 712 1385 1959 1853 1354 256 1186 602 663 435 1072 1153 2114 893 812 774 1801 905 1326 1542 1493 1669 1964 1277 1969 321 762 469 1042
904 1752 1276 811 1156 432 521 943 319 1447 1043 387 1210 394 1100 618 1399 1227 741 545 0 1079 1253 1702 1568 1067 687 1507 667 287 150 894 866 1827 522 1188 1141 1536 800 1654 1396 1206 1523 1679 1142 1682 750 392 579 1418
993 2459 197 1483 1977 960 1337 1355 1177 2155 1736 932 2032 1300 1050 784 1570 1001 1428 712 1079 0 1947 2521 2389 1889 867 1734 1096 1197 970 1634 1688 2648 1428 1164 391 2357 1467 1874 2104 2028 2231 2500 1839 2504 871 1297 1007 1590
1681 1059 2144 624 1484 1219 1321 1531 1039 692 472 1432 1144 1048 1967 1486 2266 2094 1290 1385 1253 1947 0 1259 1318 1396 1567 2350 1444 1167 1229 690 1195 2155 1017 2056 2008 1101 871 2497 823 1535 768 1622 329 2010 1559 1105 1355 2285
2274 418 2718 1454 1739 1812 1576 2124 1632 930 1396 1831 811 1543 2541 2060 2592 2668 1883 1959 1702 2521 1259 0 243 1651 2127 2605 2037 1760 1623 1089 1450 2410 1616 2630 2583 188 1640 2752 471 1663 722 1189 981 2266 2152 1493 1948 2554
2186 536 2586 1366 1605 1724 1442 2036 1544 988 1454 1697 677 1408 2410 1928 2457 2537 1795 1853 1568 2389 1318 243 0 1516 1997 2471 1949 1664 1488 959 1315 2276 1502 2498 2451 295 1552 2617 530 1438 840 946 1039 2131 2047 1358 1860 2420
1713 1719 2086 1251 474 1273 941 1786 1261 1414 1386 1196 1158 907 1909 1427 1957 2036 1613 1354 1067 1889 1396 1651 1516 0 1496 1970 1477 1164 987 867 370 1145 1004 1997 1950 1484 1437 2116 1363 425 1490 1169 1117 1000 1559 857 1388 1919
785 2079 1064 1103 1585 443 944 885 797 1775 1355 511 1640 907 879 104 1178 918 1048 256 687 867 1567 2127 1997 1496 0 1342 528 805 577 1254 1295 2256 1035 968 922 1965 1086 1482 1723 1636 1850 2108 1458 2111 70 905 217 1198
1884 2673 1931 1966 2058 1443 1127 1956 1660 2369 2219 1313 2113 1550 934 1260 266 1235 1911 1186 1507 1734 2350 2605 2471 1970 1342 0 1647 1604 1400 1822 1742 2730 1654 1022 1795 2438 1949 215 2318 2109 2445 2581 2071 2585 1405 1508 1548 144
411 1956 1194 980 1565 345 925 586 674 1652 1233 649 1581 888 1184 625 1483 1311 925 602 667 1096 1444 2037 1949 1477 528 1647 0 785 558 1131 1276 2236 1016 1273 1225 1879 963 1787 1601 1616 1727 2060 1336 2092 517 885 313 1502
1022 1680 1394 685 1253 550 618 882 206 1375 941 504 1305 361 1217 736 1516 1345 611 663 287 1197 1167 1760 1664 1164 805 1604 785 0 267 854 963 1924 423 1306 1259 1602 668 1751 1324 1303 1451 1775 1059 1779 868 419 696 1536
794 1691 1167 815 1076 354 415 867 329 1386 1020 275 1130 370 990 508 1289 1117 752 435 150 970 1229 1623 1488 987 577 1400 558 267 0 837 786 1747 498 1078 1031 1456 810 1547 1335 1126 1462 1599 1089 1602 640 367 469 1308
1368 1014 1831 548 956 906 793 1219 726 709 671 1048 572 611 1654 1173 1809 1781 977 1072 894 1634 690 1089 959 867 1254 1822 1131 854 837 0 666 1627 613 1743 1696 923 734 1968 658 1006 785 1070 412 1482 1246 565 1042 1771
1512 1518 1885 1050 551 1072 714 1585 1060 1213 1185 995 957 706 1708 1226 1729 1835 1412 1153 866 1688 1195 1450 1315 370 1295 1742 1276 963 786 666 0 1222 802 1796 1749 1283 1236 1889 1162 601 1289 1283 916 1077 1358 656 1187 1692
2473 2479 2845 2011 870 2033 1701 2546 2021 2174 2146 1956 1918 1667 2669 2187 2716 2796 2373 2114 1827 2648 2155 2410 2276 1145 2256 2730 2236 1924 1747 1627 1222 0 1763 2757 2710 2244 2197 2876 2123 1030 2250 1711 1877 198 2319 1617 2148 2679
1253 1536 1625 547 1092 807 625 1126 629 1231 778 735 1143 159 1448 967 1641 1575 816 893 522 1428 1017 1616 1502 1004 1035 1654 1016 423 498 613 802 1763 0 1536 1489 1452 666 1801 1180 1143 1307 1613 909 1618 1098 202 927 1603
1509 2568 1361 1592 2086 1069 1423 1582 1286 2264 1844 1040 2141 1408 174 885 779 356 1537 812 1188 1164 2056 2630 2498 1997 968 1022 1273 1306 1078 1743 1796 2757 1536 0 1116 2466 1575 1152 2212 2137 2339 2609 1947 2612 1031 1406 1174 878
1258 2521 588 1545 2039 1022 1398 1535 1238 2217 1797 993 2093 1361 1001 846 1632 800 1489 774 1141 391 2008 2583 2451 1950 922 1795 1225 1259 1031 1696 1749 2710 1489 1116 0 2419 1528 1935 2165 2089 2292 2562 1900 2565 911 1358 1047 1651
2116 391 2554 1296 1572 1654 1410 1966 1474 772 1238 1665 645 1376 2378 1896 2425 2505 1725 1801 1536 2357 1101 188 295 1484 1965 2438 1879 1602 1456 923 1283 2244 1452 2466 2419 0 1482 2585 313 1496 694 1069 823 2099 1994 1326 1790 2388
1200 1560 1664 329 1525 738 1173 1050 559 1218 585 952 1185 723 1487 1005 1786 1614 754 905 800 1467 871 1640 1552 1437 1086 1949 963 668 810 734 1236 2197 666 1575 1528 1482 0 2089 1204 1576 1293 1663 826 2052 1078 771 875 1805
2024 2820 2071 2106 2205 1583 1274 2096 1800 2516 2358 1460 2260 1696 1063 1399 399 1366 2051 1326 1654 1874 2497 2752 2617 2116 1482 215 1787 1751 1547 1968 1889 2876 1801 1152 1935 2585 2089 0 2464 2256 2591 2728 2218 2731 1545 1655 1688 284
1837 391 2301 1018 1452 1376 1289 1688 1196 518 959 1544 729 1198 2124 1642 2304 2251 1446 1542 1396 2104 823 471 530 1363 1723 2318 1601 1324 1335 658 1162 2123 1180 2212 2165 313 1204 2464 0 1502 592 1184 544 1978 1715 1153 1512 2267
1853 1825 2225 1390 340 1412 1080 1925 1401 1554 1525 1335 1026 1046 2048 1567 2096 2175 1753 1493 1206 2028 1535 1663 1438 425 1636 2109 1616 1303 1126 1006 601 1030 1143 2137 2089 1496 1576 2256 1502 0 1629 744 1256 885 1698 997 1527 2058
1964 345 2428 1046 1578 1502 1416 1815 1323 391 929 1671 1211 1325 2251 1769 2431 2378 1573 1669 1523 2231 768 722 840 1490 1850 2445 1727 1451 1462 785 1289 2250 1307 2339 2292 694 1293 2591 592 1629 0 1704 592 2105 1842 1280 1639 2394
2297 1417 2697 1477 1021 1835 1553 2147 1655 1641 1613 1808 731 1519 2521 2039 2568 2648 1906 1964 1679 2500 1622 1189 946 1169 2108 2581 2060 1775 1599 1070 1283 1711 1613 2609 2562 1069 1663 2728 1184 744 1704 0 1343 1566 2158 1469 1971 2531
1572 883 2036 579 1205 1111 1043 1423 931 516 465 1298 865 940 1859 1378 2058 1986 1181 1277 1142 1839 329 981 1039 1117 1458 2071 1336 1059 1089 412 916 1877 909 1947 1900 823 826 2218 544 1256 592 1343 0 1732 1450 907 1247 2021
2328 2334 2701 1866 725 1888 1556 2401 1876 2029 2001 1811 1773 1522 2524 2042 2571 2651 2228 1969 1682 2504 2010 2266 2131 1000 2111 2585 2092 1779 1602 1482 1077 198 1618 2612 2565 2099 2052 2731 1978 885 2105 1566 1732 0 2174 1472 2003 2534
774 2071 1068 1095 1648 453 1007 874 789 1767 1347 577 1681 970 942 167 1241 981 1040 321 750 871 1559 2152 2047 1559 70 1405 517 868 640 1246 1358 2319 1098 1031 911 1994 1078 1545 1715 1698 1842 2158 1450 2174 0 968 206 1260
1122 1509 1494 652 946 677 479 1123 586 1205 882 604 1001 106 1317 836 1495 1444 812 762 392 1297 1105 1493 1358 857 905 1508 885 419 367 565 656 1617 202 1406 1358 1326 771 1655 1153 997 1280 1469 907 1472 968 0 796 1457
570 1867 1189 891 1476 249 836 671 585 1563 1144 561 1492 799 1085 314 1384 1128 836 469 579 1007 1355 1948 1860 1388 217 1548 313 696 469 1042 1187 2148 927 1174 1047 1790 875 1688 1512 1527 1639 1971 1247 2003 206 796 0 1403
1739 2623 1787 1822 2007 1299 1077 1812 1515 2318 2074 1259 2062 1499 789 1115 122 1091 1766 1042 1418 1590 2285 2554 2420 1919 1198 144 1502 1536 1308 1771 1692 2679 1603 878 1651 2388 1805 284 2267 2058 2394 2531 2021 2534 1260 1457 1403 0
OSM_IDS: 2290357569 2266246825 421921339 318217304 6549237391 98021650 1137176597 95681814 94872749 281044214 416064200 94710939 443695091 63021355 297174801 146961276 470253587 305986362 371624957 28217906 30065854 246531328 301241018 1691205974 1768972469 748125948 6949142987 282932213 105733409 29382350 30841995 560911710 470941393 122507555 27005940 254381880 25428857 1227951925 2005063521 60136867 913464484 67772108 877048996 60477462 614898346 1628400986 94809412 317919043 92314867 279616357
GRAPHML_FILE: data/tsp_dataset/graph_zurich_dist_20000.graphml
EOF