NAME: zurich_50_22
COMMENT: TSP instance with 50 nodes. City: Zurich, Switzerland, Seed: 64
TYPE: TSP
DIMENSION: 50
EDGE_WEIGHT_TYPE: EXPLICIT
EDGE_WEIGHT_FORMAT: FULL_MATRIX
NODE_COORD_SECTION:
1 47.2112616 8.7014533
2 47.3948487 8.5381248
3 47.1956832 8.718602
4 47.5114208 8.7045343
5 47.4739899 8.2963444
6 47.4982882 8.3951882
7 47.3854221 8.7545483
8 47.2971008 8.688252
9 47.4074197 8.7288207
10 47.2748104 8.6384863
11 47.5016703 8.7254552
12 47.5029622 8.7864535
13 47.3473972 8.606567
14 47.4457016 8.6530806
15 47.4314948 8.6866044
16 47.5216849 8.6903032
17 47.2391747 8.7871337
18 47.5151722 8.5251823
19 47.4760833 8.5644609
20 47.4187951 8.4159043
21 47.4326452 8.6721881
22 47.4279116 8.2961059
23 47.5026029 8.7860991
24 47.5025469 8.4949434
25 47.2688456 8.6794011
26 47.3153935 8.7956894
27 47.403467 8.5305653
28 47.3577467 8.4333085
29 47.300863 8.531009
30 47.4004304 8.43948
31 47.401945 8.4364502
32 47.3927951 8.3330929
33 47.3710922 8.5236873
34 47.2799524 8.4569851
35 47.3270168 8.6059255
36 47.2117365 8.6216867
37 47.331934 8.7738071
38 47.4105104 8.5325292
39 47.5164672 8.6875952
40 47.4970402 8.2787323
41 47.5028821 8.7669989
42 47.2864488 8.5756315
43 47.4549748 8.4398892
44 47.4844605 8.293023
45 47.2038152 8.5752902
46 47.3904541 8.7483675
47 47.3851363 8.7613927
48 47.3953874 8.4503401
49 47.2704389 8.6820761
50 47.539422 8.2839973
EDGE_WEIGHT_SECTION:
0 1266 233 2177 1963 2397 2184 2004 2084 2056 2155 2501 1551 2010 1885 2155 2594 1938 1808 1629 1903 2039 2495 2059 2288 2328 1353 1216 928 1430 1413 1778 988 1481 1641 543 2166 1409 2135 2218 2372 840 1962 2056 913 2143 2218 1500 2262 2643
1266 0 1420 1024 1102 1196 1031 1111 931 1227 1002 1348 659 857 732 1002 1701 786 655 716 750 1345 1342 906 1401 1175 135 813 815 596 595 1402 317 1115 812 1147 1013 191 983 1358 1220 879 760 1196 1430 990 1065 607 1369 1783
233 1420 0 2331 2116 2550 2338 2157 2238 2209 2309 2654 1705 2163 2039 2309 2747 2092 1961 1782 2057 2193 2649 2213 2441 2481 1507 1370 1081 1584 1567 1931 1142 1635 1795 697 2320 1563 2289 2372 2526 993 2115 2210 1067 2297 2372 1654 2416 2797
2177 1024 2331 0 1815 1809 884 1557 720 1891 176 598 1365 729 521 183 1983 1097 1028 1330 624 2058 592 1259 1847 1361 1030 1574 1726 1420 1413 2123 1231 2026 1607 2058 1200 1044 163 2070 470 1790 1381 1909 2342 837 912 1448 1815 2409
1963 1102 2116 1815 0 793 1822 2095 1722 2155 1793 2138 1643 1579 1523 1793 2587 1485 1354 713 1541 462 2133 1234 2384 1965 1100 911 1512 784 764 761 1082 1416 1741 1844 1804 1048 1773 420 2010 1575 764 259 2127 1781 1856 881 2354 857
2397 1196 2550 1809 793 0 1824 2129 1723 2382 1795 2140 1801 1497 1525 1788 2589 831 1103 1101 1543 1118 2134 568 2420 1967 1098 1346 1946 1192 1184 1417 1416 1850 1967 2278 1806 1042 1768 888 2012 2009 729 856 2561 1783 1857 1220 2388 695
2184 1031 2338 884 1822 1824 0 872 257 1207 862 1080 963 742 511 862 1247 1304 1173 1337 583 2065 1074 1424 1163 623 1037 1581 1733 1427 1419 2130 1238 2033 1193 2065 462 1051 843 2077 969 1797 1388 1916 2349 70 45 1455 1131 2423
2004 1111 2157 1557 2095 2129 872 0 999 400 1535 1880 510 1369 1138 1535 733 1609 1478 1642 1210 2336 1874 1730 304 577 1210 1587 1553 1589 1588 2149 1066 1852 508 1884 722 1260 1515 2350 1752 1616 1694 2189 2168 884 912 1570 272 2729
2084 931 2238 720 1722 1723 257 999 0 1333 698 997 989 578 347 698 1425 1204 1073 1236 419 1965 992 1324 1289 803 937 1480 1633 1327 1319 2030 1138 1933 1231 1965 642 951 679 1977 887 1696 1288 1816 2248 210 284 1355 1257 2323
2056 1227 2209 1891 2155 2382 1207 400 1333 0 1869 2215 722 1704 1472 1869 850 1897 1766 1862 1545 2388 2209 2018 307 912 1327 1639 1605 1649 1648 2201 1119 1905 721 1937 1056 1377 1850 2411 2087 1668 1946 2249 2220 1218 1246 1622 339 2836
2155 1002 2309 176 1793 1795 862 1535 698 1869 0 432 1343 685 499 286 1961 1197 1132 1308 602 2036 426 1362 1825 1339 1008 1552 1705 1398 1391 2101 1209 2004 1585 2036 1178 1022 267 2049 304 1768 1360 1887 2320 815 890 1427 1793 2394
2501 1348 2654 598 2138 2140 1080 1880 997 2215 432 0 1688 1031 845 705 2307 1576 1481 1653 947 2382 6 1741 2171 1685 1354 1897 2050 1744 1736 2447 1554 2350 1930 2382 1523 1368 685 2394 128 2113 1705 2232 2665 1084 1108 1772 2139 2740
1551 659 1705 1365 1643 1801 963 510 989 722 1343 1688 0 1152 920 1343 1100 1282 1151 1314 993 1884 1682 1402 801 904 758 1135 1101 1136 1136 1697 614 1400 242 1432 954 808 1323 1898 1560 1164 1366 1737 1716 922 997 1118 769 2323
2010 857 2163 729 1579 1497 742 1369 578 1704 685 1031 1152 0 295 707 1796 823 672 1094 209 1823 1025 943 1660 1174 863 1338 1559 1184 1177 1888 1063 1831 1394 1890 1012 857 687 1835 903 1622 1146 1673 2174 695 770 1213 1628 2097
1885 732 2039 521 1523 1525 511 1138 347 1472 499 845 920 295 0 499 1564 1005 874 1037 136 1766 839 1125 1429 942 738 1282 1434 1128 1120 1831 939 1734 1162 1766 781 752 480 1778 717 1498 1089 1617 2050 464 539 1156 1397 2124
2155 1002 2309 183 1793 1788 862 1535 698 1869 286 705 1343 707 499 0 1961 1074 1037 1308 602 2037 699 1236 1825 1339 1008 1552 1705 1398 1391 2101 1209 2004 1585 2036 1178 1022 69 2049 581 1768 1360 1887 2320 815 890 1427 1793 2387
2594 1701 2747 1983 2587 2589 1247 733 1425 850 1961 2307 1100 1796 1564 1961 0 2069 1939 2102 1637 2831 2301 2190 710 627 1789 2177 2143 2179 2174 2739 1656 2442 1098 2474 785 1817 1942 2843 2179 2206 2154 2681 2758 1313 1293 2160 726 3189
1938 786 2092 1097 1485 831 1304 1609 1204 1897 1197 1576 1282 823 1005 1074 2069 0 428 1000 988 1729 1570 278 1900 1447 792 1244 1488 1090 1083 1794 992 1749 1491 1819 1286 763 1054 1624 1451 1551 832 1574 2103 1263 1337 1119 1868 1431
1808 655 1961 1028 1354 1103 1173 1478 1073 1766 1132 1481 1151 672 874 1037 1939 428 0 869 837 1598 1476 549 1769 1317 661 1113 1357 960 952 1663 861 1618 1360 1689 1155 632 1017 1610 1353 1420 921 1448 1972 1132 1207 988 1737 1703
1629 716 1782 1330 713 1101 1337 1642 1236 1862 1308 1653 1314 1094 1037 1308 2102 1000 869 0 1056 947 1647 936 1933 1480 618 577 1178 244 218 965 779 1082 1447 1510 1319 563 1288 969 1525 1241 666 807 1793 1296 1370 348 1901 1394
1903 750 2057 624 1541 1543 583 1210 419 1545 602 947 993 209 136 602 1637 988 837 1056 0 1785 942 1109 1501 1015 757 1300 1453 1146 1139 1850 957 1752 1235 1784 854 770 582 1797 819 1516 1108 1635 2068 537 611 1175 1469 2143
2039 1345 2193 2058 462 1118 2065 2336 1965 2388 2036 2382 1884 1823 1766 2037 2831 1729 1598 947 1785 0 2376 1483 2620 2209 1343 1050 1589 994 968 380 1315 1457 1973 1920 2048 1292 2017 765 2254 1652 1012 604 2204 2025 2099 1095 2594 1190
2495 1342 2649 592 2133 2134 1074 1874 992 2209 426 6 1682 1025 839 699 2301 1570 1476 1647 942 2376 0 1735 2165 1679 1348 1891 2044 1738 1730 2441 1549 2344 1924 2376 1518 1362 679 2388 122 2107 1699 2226 2659 1078 1102 1766 2133 2734
2059 906 2213 1259 1234 568 1424 1730 1324 2018 1362 1741 1402 943 1125 1236 2190 278 549 936 1109 1483 1735 0 2021 1568 910 1181 1609 1027 1019 1720 1113 1685 1611 1940 1407 871 1216 1360 1613 1672 568 1315 2224 1384 1458 1055 1989 1167
2288 1401 2441 1847 2384 2420 1163 304 1289 307 1825 2171 801 1660 1429 1825 710 1900 1769 1933 1501 2620 2165 2021 0 796 1501 1871 1837 1877 1877 2433 1351 2137 799 2169 922 1551 1806 2639 2043 1900 1985 2478 2452 1175 1203 1854 32 3019
2328 1175 2481 1361 1965 1967 623 577 803 912 1339 1685 904 1174 942 1339 627 1447 1317 1480 1015 2209 1679 1568 796 0 1181 1724 1877 1571 1563 2274 1381 2177 903 2209 161 1195 1320 2221 1557 1940 1532 2059 2492 689 669 1599 764 2567
1353 135 1507 1030 1100 1098 1037 1210 937 1327 1008 1354 758 863 738 1008 1789 792 661 618 757 1343 1348 910 1501 1181 0 844 903 606 606 1408 369 1202 912 1234 1019 94 989 1355 1226 966 663 1193 1518 996 1071 618 1469 1697
1216 813 1370 1574 911 1346 1581 1587 1480 1639 1552 1897 1135 1338 1282 1552 2177 1244 1113 577 1300 1050 1891 1181 1871 1724 844 0 766 379 362 790 561 641 1225 1097 1563 807 1532 1167 1769 829 910 1005 1381 1540 1614 444 1846 1592
928 815 1081 1726 1512 1946 1733 1553 1633 1605 1705 2050 1101 1559 1434 1705 2143 1488 1357 1178 1453 1589 2044 1609 1837 1877 903 766 0 979 963 1327 538 896 1190 808 1716 959 1685 1768 1922 506 1511 1606 857 1693 1767 1050 1812 2193
1430 596 1584 1420 784 1192 1427 1589 1327 1649 1398 1744 1136 1184 1128 1398 2179 1090 960 244 1146 994 1738 1027 1877 1571 606 379 979 0 30 993 557 884 1234 1311 1409 653 1379 1039 1615 1043 757 878 1595 1386 1461 115 1847 1464
1413 595 1567 1413 764 1184 1419 1588 1319 1648 1391 1736 1136 1177 1120 1391 2174 1083 952 218 1139 968 1730 1019 1877 1563 606 362 963 30 0 969 565 867 1233 1294 1402 646 1371 1019 1608 1026 749 857 1578 1379 1453 134 1846 1444
1778 1402 1931 2123 761 1417 2130 2149 2030 2201 2101 2447 1697 1888 1831 2101 2739 1794 1663 965 1850 380 2441 1720 2433 2274 1408 790 1327 993 969 0 1134 1195 1786 1659 2112 1356 2082 1065 2319 1390 1256 903 1942 2089 2164 1085 2407 1490
988 317 1142 1231 1082 1416 1238 1066 1138 1119 1209 1554 614 1063 939 1209 1656 992 861 779 957 1315 1549 1113 1351 1381 369 561 538 557 565 1134 0 837 704 869 1220 425 1189 1338 1426 601 981 1176 1153 1197 1272 519 1325 1763
1481 1115 1635 2026 1416 1850 2033 1852 1933 1905 2004 2350 1400 1831 1734 2004 2442 1749 1618 1082 1752 1457 2344 1685 2137 2177 1202 641 896 884 867 1195 837 0 1490 1076 2015 1258 1984 1672 2221 1094 1415 1510 976 1992 2067 974 2111 2097
1641 812 1795 1607 1741 1967 1193 508 1231 721 1585 1930 242 1394 1162 1585 1098 1491 1360 1447 1235 1973 1924 1611 799 903 912 1225 1190 1234 1233 1786 704 1490 0 1522 1047 962 1565 1996 1802 1253 1532 1834 1805 1164 1233 1207 767 2421
543 1147 697 2058 1844 2278 2065 1884 1965 1937 2036 2382 1432 1890 1766 2036 2474 1819 1689 1510 1784 1920 2376 1940 2169 2209 1234 1097 808 1311 1294 1659 869 1076 1522 0 2047 1290 2016 2099 2253 714 1842 1937 436 2024 2099 1381 2143 2524
2166 1013 2320 1200 1804 1806 462 722 642 1056 1178 1523 954 1012 781 1178 785 1286 1155 1319 854 2048 1518 1407 922 161 1019 1563 1716 1409 1402 2112 1220 2015 1047 2047 0 1033 1158 2060 1395 1779 1371 1898 2331 528 507 1438 890 2405
1409 191 1563 1044 1048 1042 1051 1260 951 1377 1022 1368 808 857 752 1022 1817 763 632 563 770 1292 1362 871 1551 1195 94 807 959 653 646 1356 425 1258 962 1290 1033 0 1003 1304 1240 1022 607 1142 1574 1010 1085 674 1519 1642
2135 983 2289 163 1773 1768 843 1515 679 1850 267 685 1323 687 480 69 1942 1054 1017 1288 582 2017 679 1216 1806 1320 989 1532 1685 1379 1371 2082 1189 1984 1565 2016 1158 1003 0 2029 561 1748 1340 1867 2300 796 870 1407 1774 2367
2218 1358 2372 2070 420 888 2077 2350 1977 2411 2049 2394 1898 1835 1778 2049 2843 1624 1610 969 1797 765 2388 1360 2639 2221 1355 1167 1768 1039 1019 1065 1338 1672 1996 2099 2060 1304 2029 0 2266 1831 1019 360 2383 2037 2111 1137 2609 849
2372 1220 2526 470 2010 2012 969 1752 887 2087 304 128 1560 903 717 581 2179 1451 1353 1525 819 2254 122 1613 2043 1557 1226 1769 1922 1615 1608 2319 1426 2221 1802 2253 1395 1240 561 2266 0 1985 1577 2104 2537 973 997 1644 2011 2612
840 879 993 1790 1575 2009 1797 1616 1696 1668 1768 2113 1164 1622 1498 1768 2206 1551 1420 1241 1516 1652 2107 1672 1900 1940 966 829 506 1043 1026 1390 601 1094 1253 714 1779 1022 1748 1831 1985 0 1574 1669 965 1756 1830 1113 1875 2256
1962 760 2115 1381 764 729 1388 1694 1288 1946 1360 1705 1366 1146 1089 1360 2154 832 921 666 1108 1012 1699 568 1985 1532 663 910 1511 757 749 1256 981 1415 1532 1842 1371 607 1340 1019 1577 1574 0 858 2126 1348 1422 785 1953 1329
2056 1196 2210 1909 259 856 1916 2189 1816 2249 1887 2232 1737 1673 1617 1887 2681 1574 1448 807 1635 604 2226 1315 2478 2059 1193 1005 1606 878 857 903 1176 1510 1834 1937 1898 1142 1867 360 2104 1669 858 0 2221 1875 1949 975 2447 818
913 1430 1067 2342 2127 2561 2349 2168 2248 2220 2320 2665 1716 2174 2050 2320 2758 2103 1972 1793 2068 2204 2659 2224 2452 2492 1518 1381 857 1595 1578 1942 1153 976 1805 436 2331 1574 2300 2383 2537 965 2126 2221 0 2308 2382 1665 2427 2808
2143 990 2297 837 1781 1783 70 884 210 1218 815 1084 922 695 464 815 1313 1263 1132 1296 537 2025 1078 1384 1175 689 996 1540 1693 1386 1379 2089 1197 1992 1164 2024 528 1010 796 2037 973 1756 1348 1875 2308 0 98 1415 1143 2382
2218 1065 2372 912 1856 1857 45 912 284 1246 890 1108 997 770 539 890 1293 1337 1207 1370 611 2099 1102 1458 1203 669 1071 1614 1767 1461 1453 2164 1272 2067 1233 2099 507 1085 870 2111 997 1830 1422 1949 2382 98 0 1489 1171 2457
1500 607 1654 1448 881 1220 1455 1570 1355 1622 1427 1772 1118 1213 1156 1427 2160 1119 988 348 1175 1095 1766 1055 1854 1599 618 444 1050 115 134 1085 519 974 1207 1381 1438 674 1407 1137 1644 1113 785 975 1665 1415 1489 0 1829 1562
2262 1369 2416 1815 2354 2388 1131 272 1257 339 1793 2139 769 1628 1397 1793 726 1868 1737 1901 1469 2594 2133 1989 32 764 1469 1846 1812 1847 1846 2407 1325 2111 767 2143 890 1519 1774 2609 2011 1875 1953 2447 2427 1143 1171 1829 0 2987
2643 1783 2797 2409 857 695 2423 2729 2323 2836 2394 2740 2323 2097 2124 2387 3189 1431 1703 1394 2143 1190 2734 1167 3019 2567 1697 1592 2193 1464 1444 1490 1763 2097 2421 2524 2405 1642 2367 849 2612 2256 1329 818 2808 2382 2457 1562 2987 0
OSM_IDS: 5318592063 142616846 1374825740 25430353 281506896 361206501 280546421 216294436 96516527 1574734313 2065743015 277741742 27496060 97795877 1358375063 25427628 75563468 258049153 105731840 47100328 345351173 293843330 276606972 99342650 28105988 3419428959 1261296605 289663658 428069166 173512695 1672660498 704432847 12451387658 443695106 783574842 6903342882 262176941 60120452 25426796 303134672 4166770045 243091293 289221706 293845649 60522499 392389126 292329791 312748699 28105843 440090032
GRAPHML_FILE: data/tsp_dataset/graph_zurich_dist_20000.graphml
EOF