NAME: zurich_50_20
COMMENT: TSP instance with 50 nodes. City: Zurich, Switzerland, Seed: 62
TYPE: TSP
DIMENSION: 50
EDGE_WEIGHT_TYPE: EXPLICIT
EDGE_WEIGHT_FORMAT: FULL_MATRIX
NODE_COORD_SECTION:
1 47.4391094 8.6969992
2 47.2777285 8.6282339
3 47.3654657 8.3789312
4 47.2922706 8.7143262
5 47.2094114 8.7962416
6 47.4018257 8.3072878
7 47.3663277 8.7781101
8 47.4274372 8.76993
9 47.4608731 8.317553
10 47.3802242 8.6601605
11 47.4901362 8.720994
12 47.3012253 8.5587928
13 47.3137315 8.3620186
14 47.5063112 8.5393353
15 47.4153057 8.6202517
16 47.3732291 8.5501789
17 47.3718809 8.5243876
18 47.5078171 8.7484882
19 47.4099756 8.6656504
20 47.292176 8.5635844
21 47.4377906 8.2913527
22 47.4843709 8.4862189
23 47.3271563 8.57695
24 47.2747401 8.6394948
25 47.3950527 8.6154351
26 47.2077871 8.2989423
27 47.4882969 8.447706
28 47.3945084 8.6617744
29 47.3699183 8.34244
30 47.3475468 8.7147206
31 47.5130477 8.7219329
32 47.2785729 8.4445035
33 47.3476154 8.6982076
34 47.5001743 8.6001254
35 47.464426 8.3296526
36 47.3172192 8.4902409
37 47.3875879 8.7527763
38 47.4417166 8.6910622
39 47.3768538 8.5206568
40 47.2013697 8.7786773
41 47.4983746 8.7195934
42 47.2663583 8.6829081
43 47.3153637 8.3417388
44 47.2524508 8.5986918
45 47.4785512 8.4883852
46 47.326916 8.3151284
47 47.2690481 8.6633837
48 47.364774 8.7966989
49 47.4517511 8.462783
50 47.2882737 8.3648012
EDGE_WEIGHT_SECTION:
0 1500 1278 1137 2353 1819 731 703 1347 602 341 1287 1650 828 294 780 847 614 484 1301 1584 1074 1207 1508 486 2738 1140 496 1649 714 468 1596 727 846 1300 1528 612 243 801 2216 348 1502 1807 1547 1032 1989 1463 823 875 1876
1500 0 1929 525 2536 2236 1170 1494 1991 1067 1795 1469 1966 1741 1342 952 1063 2068 1426 1483 2228 1987 548 90 1119 2921 2009 1229 1965 806 1922 1779 837 1878 1944 1711 1199 1500 1086 2398 1802 346 2122 1729 1944 2305 248 1278 1744 2119
1278 1929 0 1948 2184 792 1674 1775 901 1459 1558 1117 711 1233 1101 1094 945 1831 1304 1131 875 1132 1441 2010 1137 1948 1126 1305 564 1552 1685 1041 1564 1370 854 958 1642 1278 885 2046 1565 2254 868 1377 1077 904 2133 1781 862 937
1137 525 1948 0 2563 2263 776 1135 2010 805 1433 1497 1993 1523 979 914 1091 1706 1063 1510 2247 1768 720 533 884 2948 1835 866 1992 449 1559 1806 480 1660 1963 1738 840 1137 1113 2426 1439 451 2149 1757 1726 2332 435 883 1570 2147
2353 2536 2184 2563 0 2437 2749 2850 2423 2506 2633 1319 2168 2399 2193 1716 1562 2906 2379 1333 2626 2640 2048 2616 2212 3123 2649 2380 2167 2627 2760 1980 2640 2536 2376 1908 2717 2353 1616 137 2640 2860 2324 1071 2591 2507 2740 2857 2384 2321
1819 2236 792 2263 2437 0 2215 2316 772 2000 2099 1371 825 1774 1642 1416 1262 2372 1845 1385 372 1618 1748 2316 1678 1960 1536 1846 346 2093 2226 1295 2105 1911 790 1227 2182 1819 1316 2300 2106 2560 850 1631 1588 797 2440 2322 1294 949
731 1170 1674 776 2749 2215 0 539 1743 592 995 1683 2047 1225 681 1176 1243 1268 765 1697 1980 1470 1361 1178 801 3135 1536 568 2045 392 1121 1992 499 1362 1696 1924 233 731 1197 2612 1001 1172 2203 1943 1428 2386 1134 127 1272 2272
703 1494 1775 1135 2850 2316 539 0 1843 840 770 1783 2147 1325 791 1276 1343 813 972 1797 2080 1571 1615 1501 982 3235 1637 773 2146 715 846 2093 786 1254 1796 2025 306 739 1298 2712 755 1496 2303 2043 1528 2486 1457 590 1372 2372
1347 1991 901 2010 2423 772 1743 1843 0 1528 1627 1357 1273 1301 1170 1156 1007 1900 1372 1371 447 1032 1503 2072 1205 2423 968 1374 980 1620 1754 1281 1633 1439 110 1213 1710 1347 947 2286 1634 2316 1429 1617 1024 1517 2195 1850 691 1498
602 1067 1459 805 2506 2000 592 840 1528 0 914 1440 1832 1010 466 839 1014 1187 537 1453 1765 1255 854 1096 393 2891 1322 280 1830 459 1041 1749 371 1147 1481 1681 550 602 983 2369 921 1135 1988 1700 1213 2171 1096 699 1057 2057
341 1795 1558 1433 2633 2099 995 770 1627 914 0 1567 1931 1109 574 1060 1127 350 764 1581 1864 1354 1487 1803 766 3019 1420 809 1929 1012 266 1876 1024 855 1580 1808 762 523 1081 2496 146 1797 2087 1827 1312 2270 1759 1046 1156 2156
1287 1469 1117 1497 1319 1371 1683 1783 1357 1440 1567 0 1101 1332 1127 650 495 1840 1312 100 1560 1574 981 1550 1145 2056 1583 1314 1100 1560 1694 914 1573 1470 1310 817 1650 1287 550 1181 1574 1794 1257 497 1524 1440 1673 1790 1318 1255
1650 1966 711 1993 2168 825 2047 2147 1273 1832 1931 1101 0 1605 1473 1146 992 2204 1676 1115 1102 1504 1478 2046 1509 1236 1499 1678 591 1924 2057 731 1937 1742 1226 877 2014 1650 1047 2030 1937 2290 156 1361 1449 417 2170 2154 1234 225
828 1741 1233 1523 2399 1774 1225 1325 1301 1010 1109 1332 1605 0 651 826 893 1382 854 1346 1538 522 1253 1813 687 2756 572 856 1604 1102 1166 1613 1115 474 1242 1545 1192 828 847 2261 1115 1854 1761 1593 490 1944 1815 1332 704 1830
294 1342 1101 979 2193 1642 681 791 1170 466 574 1127 1473 651 0 620 687 847 310 1140 1407 897 1047 1350 241 2578 963 313 1472 558 701 1436 571 766 1123 1368 648 294 641 2056 581 1344 1629 1387 855 1812 1305 788 698 1698
780 952 1094 914 1716 1416 1176 1276 1156 839 1060 650 1146 826 620 0 239 1333 805 663 1393 1070 464 1033 540 2101 1079 784 1145 1053 1187 959 1066 963 1109 891 1143 780 261 1579 1067 1244 1302 910 1020 1485 1156 1283 814 1300
847 1063 945 1091 1562 1262 1243 1343 1007 1014 1127 495 992 893 687 239 0 1400 872 509 1244 1133 575 1144 705 1947 1132 874 991 1120 1254 805 1133 1030 960 737 1210 847 91 1424 1134 1388 1148 755 1084 1331 1267 1350 867 1145
614 2068 1831 1706 2906 2372 1268 813 1900 1187 350 1840 2204 1382 847 1333 1400 0 1037 1854 2137 1627 1760 2076 1039 3292 1693 1082 2202 1285 326 2149 1297 1098 1853 2081 1035 796 1354 2769 266 2070 2360 2100 1585 2543 2032 1319 1428 2429
484 1426 1304 1063 2379 1845 765 972 1372 537 764 1312 1676 854 310 805 872 1037 0 1326 1609 1100 1233 1434 432 2764 1166 429 1675 642 890 1622 655 963 1325 1554 732 484 827 2241 770 1428 1832 1572 1057 2015 1389 872 901 1901
1301 1483 1131 1510 1333 1385 1697 1797 1371 1453 1581 100 1115 1346 1140 663 509 1854 1326 0 1574 1587 995 1564 1159 2070 1597 1328 1114 1574 1707 928 1587 1483 1324 800 1664 1301 564 1195 1587 1808 1271 418 1538 1454 1687 1804 1332 1268
1584 2228 875 2247 2626 372 1980 2080 447 1765 1864 1560 1102 1538 1407 1393 1244 2137 1609 1574 0 1309 1740 2309 1442 2264 1210 1611 586 1857 1991 1484 1870 1675 464 1416 1947 1584 1184 2489 1871 2553 1155 1820 1301 1102 2432 2087 968 1253
1074 1987 1132 1768 2640 1618 1470 1571 1032 1255 1354 1574 1504 522 897 1070 1133 1627 1100 1587 1309 0 1499 2059 933 2655 270 1101 1503 1348 1481 1512 1360 827 921 1444 1437 1074 1087 2503 1361 2100 1660 1834 102 1843 2061 1577 363 1729
1207 548 1441 720 2048 1748 1361 1615 1503 854 1487 981 1478 1253 1047 464 575 1760 1233 995 1740 1499 0 629 906 2433 1521 1056 1477 997 1614 1291 1028 1390 1456 1223 1326 1207 598 1910 1494 873 1634 1241 1456 1817 752 1468 1256 1631
1508 90 2010 533 2616 2316 1178 1501 2072 1096 1803 1550 2046 1813 1350 1033 1144 2076 1434 1564 2309 2059 629 0 1147 3002 2090 1237 2045 813 1930 1859 845 1950 2025 1791 1207 1508 1166 2479 1810 342 2203 1810 2017 2385 197 1285 1825 2200
486 1119 1137 884 2212 1678 801 982 1205 393 766 1145 1509 687 241 540 705 1039 432 1159 1442 933 906 1147 0 2597 999 270 1508 675 893 1455 677 824 1158 1387 752 486 660 2074 773 1188 1665 1405 890 1848 1149 908 734 1734
2738 2921 1948 2948 3123 1960 3135 3235 2423 2891 3019 2056 1236 2756 2578 2101 1947 3292 2764 2070 2264 2655 2433 3002 2597 0 2649 2766 1799 3012 3145 1371 3025 2893 2376 1828 3102 2738 2002 2985 3025 3246 1270 2316 2599 1328 3125 3242 2384 1092
1140 2009 1126 1835 2649 1536 1536 1637 968 1322 1420 1583 1499 572 963 1079 1132 1693 1166 1597 1210 270 1521 2090 999 2649 0 1168 1498 1414 1547 1507 1427 1006 858 1439 1504 1140 1087 2512 1427 2166 1655 1843 307 1838 2127 1644 304 1724
496 1229 1305 866 2380 1846 568 773 1374 280 809 1314 1678 856 313 784 874 1082 429 1328 1611 1101 1056 1237 270 2766 1168 0 1677 442 936 1623 444 993 1327 1555 519 496 828 2243 816 1231 1834 1574 1059 2017 1193 675 903 1903
1649 1965 564 1992 2167 346 2045 2146 980 1830 1929 1100 591 1604 1472 1145 991 2202 1675 1114 586 1503 1477 2045 1508 1799 1498 1677 0 1923 2056 1024 1936 1741 997 956 2013 1649 1045 2029 1936 2289 689 1360 1448 673 2169 2153 1233 788
714 806 1552 449 2627 2093 392 715 1620 459 1012 1560 1924 1102 558 1053 1120 1285 642 1574 1857 1348 997 813 675 3012 1414 442 1923 0 1138 1870 133 1239 1573 1802 421 714 1075 2489 1018 808 2080 1820 1305 2263 769 499 1149 2149
468 1922 1685 1559 2760 2226 1121 846 1754 1041 266 1694 2057 1166 701 1187 1254 326 890 1707 1991 1481 1614 1930 893 3145 1547 936 2056 1138 0 2003 1151 835 1707 1935 889 649 1208 2623 131 1924 2213 1954 1439 2396 1885 1172 1282 2282
1596 1779 1041 1806 1980 1295 1992 2093 1281 1749 1876 914 731 1613 1436 959 805 2149 1622 928 1484 1512 1291 1859 1455 1371 1507 1623 1024 1870 2003 0 1882 1750 1234 546 1960 1596 859 1843 1883 2103 785 1174 1457 1046 1982 2099 1242 570
727 837 1564 480 2640 2105 499 786 1633 371 1024 1573 1937 1115 571 1066 1133 1297 655 1587 1870 1360 1028 845 677 3025 1427 444 1936 133 1151 1882 0 1252 1586 1814 492 727 1088 2502 1031 839 2093 1833 1318 2276 801 606 1162 2162
846 1878 1370 1660 2536 1911 1362 1254 1439 1147 855 1470 1742 474 766 963 1030 1098 963 1483 1675 827 1390 1950 824 2893 1006 993 1741 1239 835 1750 1252 0 1392 1682 1179 860 984 2399 831 1991 1898 1730 795 2081 1953 1462 967 1967
1300 1944 854 1963 2376 790 1696 1796 110 1481 1580 1310 1226 1242 1123 1109 960 1853 1325 1324 464 921 1456 2025 1158 2376 858 1327 997 1573 1707 1234 1586 1392 0 1166 1663 1300 900 2239 1587 2269 1382 1570 913 1534 2148 1803 581 1451
1528 1711 958 1738 1908 1227 1924 2025 1213 1681 1808 817 877 1545 1368 891 737 2081 1554 800 1416 1444 1223 1791 1387 1828 1439 1555 956 1802 1935 546 1814 1682 1166 0 1892 1528 786 1771 1815 2035 1014 1102 1389 1274 1915 2031 1174 1026
612 1199 1642 840 2717 2182 233 306 1710 550 762 1650 2014 1192 648 1143 1210 1035 732 1664 1947 1437 1326 1207 752 3102 1504 519 2013 421 889 1960 492 1179 1663 1892 0 612 1165 2579 769 1201 2170 1910 1395 2353 1163 284 1239 2239
243 1500 1278 1137 2353 1819 731 739 1347 602 523 1287 1650 828 294 780 847 796 484 1301 1584 1074 1207 1508 486 2738 1140 496 1649 714 649 1596 727 860 1300 1528 612 0 801 2216 529 1502 1807 1547 1032 1989 1463 823 875 1876
801 1086 885 1113 1616 1316 1197 1298 947 983 1081 550 1047 847 641 261 91 1354 827 564 1184 1087 598 1166 660 2002 1087 828 1045 1075 1208 859 1088 984 900 786 1165 801 0 1479 1088 1410 1203 810 1037 1386 1290 1305 822 1200
2216 2398 2046 2426 137 2300 2612 2712 2286 2369 2496 1181 2030 2261 2056 1579 1424 2769 2241 1195 2489 2503 1910 2479 2074 2985 2512 2243 2029 2489 2623 1843 2502 2399 2239 1771 2579 2216 1479 0 2503 2723 2186 934 2453 2369 2602 2719 2247 2184
348 1802 1565 1439 2640 2106 1001 755 1634 921 146 1574 1937 1115 581 1067 1134 266 770 1587 1871 1361 1494 1810 773 3025 1427 816 1936 1018 131 1883 1031 831 1587 1815 769 529 1088 2503 0 1804 2093 1834 1319 2276 1766 1052 1162 2162
1502 346 2254 451 2860 2560 1172 1496 2316 1135 1797 1794 2290 1854 1344 1244 1388 2070 1428 1808 2553 2100 873 342 1188 3246 2166 1231 2289 808 1924 2103 839 1991 2269 2035 1201 1502 1410 2723 1804 0 2447 2054 2057 2629 157 1279 1901 2444
1807 2122 868 2149 2324 850 2203 2303 1429 1988 2087 1257 156 1761 1629 1302 1148 2360 1832 1271 1155 1660 1634 2203 1665 1270 1655 1834 689 2080 2213 785 2093 1898 1382 1014 2170 1807 1203 2186 2093 2447 0 1517 1605 261 2326 2310 1390 279
1547 1729 1377 1757 1071 1631 1943 2043 1617 1700 1827 497 1361 1593 1387 910 755 2100 1572 418 1820 1834 1241 1810 1405 2316 1843 1574 1360 1820 1954 1174 1833 1730 1570 1102 1910 1547 810 934 1834 2054 1517 0 1784 1700 1933 2050 1578 1515
1032 1944 1077 1726 2591 1588 1428 1528 1024 1213 1312 1524 1449 490 855 1020 1084 1585 1057 1538 1301 102 1456 2017 890 2599 307 1059 1448 1305 1439 1457 1318 795 913 1389 1395 1032 1037 2453 1319 2057 1605 1784 0 1788 2019 1535 356 1674
1989 2305 904 2332 2507 797 2386 2486 1517 2171 2270 1440 417 1944 1812 1485 1331 2543 2015 1454 1102 1843 1817 2385 1848 1328 1838 2017 673 2263 2396 1046 2276 2081 1534 1274 2353 1989 1386 2369 2276 2629 261 1700 1788 0 2509 2493 1573 540
1463 248 2133 435 2740 2440 1134 1457 2195 1096 1759 1673 2170 1815 1305 1156 1267 2032 1389 1687 2432 2061 752 197 1149 3125 2127 1193 2169 769 1885 1982 801 1953 2148 1915 1163 1463 1290 2602 1766 157 2326 1933 2019 2509 0 1241 1862 2323
823 1278 1781 883 2857 2322 127 590 1850 699 1046 1790 2154 1332 788 1283 1350 1319 872 1804 2087 1577 1468 1285 908 3242 1644 675 2153 499 1172 2099 606 1462 1803 2031 284 823 1305 2719 1052 1279 2310 2050 1535 2493 1241 0 1379 2379
875 1744 862 1570 2384 1294 1272 1372 691 1057 1156 1318 1234 704 698 814 867 1428 901 1332 968 363 1256 1825 734 2384 304 903 1233 1149 1282 1242 1162 967 581 1174 1239 875 822 2247 1162 1901 1390 1578 356 1573 1862 1379 0 1459
1876 2119 937 2147 2321 949 2272 2372 1498 2057 2156 1255 225 1830 1698 1300 1145 2429 1901 1268 1253 1729 1631 2200 1734 1092 1724 1903 788 2149 2282 570 2162 1967 1451 1026 2239 1876 1200 2184 2162 2444 279 1515 1674 540 2323 2379 1459 0
OSM_IDS: 256507810 81537373 308296489 4090741556 448443937 685687157 254588870 12153965864 267900558 243094618 25428251 334100131 255070122 132748195 28219572 5080753533 4971976340 25584378 569758211 243089370 289211653 95692257 469763316 2421090419 26653139 1272478818 443161334 568810480 766854791 3951988161 25430010 443709443 415648987 1672500952 307363548 388379048 275608442 256419672 28580070 279371670 25429618 216497189 316088911 179054562 104683718 793551727 2504897137 7086574383 434325155 281039933
GRAPHML_FILE: data/tsp_dataset/graph_zurich_dist_20000.graphml
EOF