NAME: zurich_50_19
COMMENT: TSP instance with 50 nodes. City: Zurich, Switzerland, Seed: 61
TYPE: TSP
DIMENSION: 50
EDGE_WEIGHT_TYPE: EXPLICIT
EDGE_WEIGHT_FORMAT: FULL_MATRIX
NODE_COORD_SECTION:
1 47.4102285 8.727387
2 47.3156042 8.7888977
3 47.4122574 8.546499
4 47.4446878 8.4389
5 47.3197153 8.5206738
6 47.3944991 8.4520852
7 47.316277 8.5838279
8 47.5183598 8.5932475
9 47.4320915 8.3443133
10 47.4038369 8.3108424
11 47.3104094 8.5494573
12 47.4128474 8.5682826
13 47.2883899 8.5328191
14 47.3013227 8.5463824
15 47.2641982 8.4065459
16 47.4038505 8.5700814
17 47.4895301 8.7100577
18 47.4133662 8.5124315
19 47.4731608 8.5098896
20 47.284539 8.7631082
21 47.2226293 8.4971216
22 47.3641327 8.5529521
23 47.2354728 8.6360669
24 47.3720861 8.6404241
25 47.4400942 8.6405693
26 47.3207517 8.8028185
27 47.4642819 8.7776357
28 47.2945205 8.3938759
29 47.2361819 8.6364087
30 47.1969355 8.5232833
31 47.4243723 8.4056669
32 47.394746 8.3747248
33 47.3504602 8.3467611
34 47.4078831 8.7246604
35 47.2778122 8.6160878
36 47.4570078 8.2817005
37 47.4421321 8.6335405
38 47.3223316 8.5899206
39 47.4326196 8.3484263
40 47.3429359 8.5334057
41 47.5048165 8.7186749
42 47.3434838 8.3806513
43 47.4905241 8.7304712
44 47.2345143 8.6345071
45 47.3952218 8.6414345
46 47.301423 8.4474998
47 47.4887126 8.7027773
48 47.2421489 8.7268913
49 47.3633747 8.5335863
50 47.4489093 8.5314604
EDGE_WEIGHT_SECTION:
0 844 903 1310 1493 1469 1448 1142 1648 2096 1614 859 1704 1476 2003 811 588 1103 1174 1055 2202 1152 1822 697 747 868 560 2041 1828 2409 1352 1670 1855 88 1435 1740 706 1332 1602 1366 708 1628 710 1828 629 1771 527 1428 1166 990
844 0 1152 1559 1742 1718 1110 1631 1897 2345 1863 1108 1953 1726 2252 1060 1234 1352 1423 371 2452 1299 2071 829 1156 176 1302 2291 2077 2659 1601 1919 2104 756 1043 1989 1044 1034 1851 1611 1355 1877 1357 2077 804 2020 1173 832 1408 1240
903 1152 0 674 804 811 914 834 1026 1474 925 165 1015 787 1313 186 828 252 540 1363 1513 461 1132 665 695 1176 1337 1383 1139 1720 730 1048 1233 834 1222 1118 582 902 980 677 949 1006 951 1139 567 1082 767 1724 477 357
1310 1559 674 0 1252 830 1434 1217 698 1291 1373 831 1463 1235 1481 783 1235 537 695 1770 1681 982 1581 1090 1114 1583 1745 1458 1587 1902 596 997 1271 1241 1742 859 1036 1423 652 1161 1356 1044 1358 1587 991 1239 1174 2144 962 614
1493 1742 804 1252 0 889 983 1490 1341 1354 295 883 238 238 1005 788 1418 901 1282 1593 939 581 608 1182 1340 1766 1927 1077 614 1041 1184 1197 990 1424 1291 1432 1227 971 1294 287 1538 763 1541 614 1174 773 1357 1859 419 1098
1469 1718 811 830 889 0 1153 1375 795 1243 1010 917 1100 872 1132 828 1394 752 1044 1763 1332 751 1218 1249 1273 1742 1903 1081 1224 1552 542 692 922 1400 1460 978 1195 1141 749 798 1515 695 1517 1224 1150 890 1333 2029 599 860
1448 1110 914 1434 983 1153 0 1602 1600 1842 1049 995 1194 966 1492 899 1530 1013 1393 867 1692 496 1311 751 1452 1173 1934 1565 1318 1899 1443 1631 1478 1360 384 1692 1339 118 1554 766 1650 1251 1652 1318 1143 1261 1469 1064 564 1210
1142 1631 834 1217 1490 1375 1602 0 1555 2003 1612 879 1701 1474 1972 856 776 1042 750 1842 2171 1149 1819 1162 732 1655 1243 1948 1825 2392 1259 1577 1761 1073 1910 1647 700 1590 1509 1364 674 1535 890 1826 1064 1730 749 2216 1164 873
1648 1897 1026 698 1341 795 1600 1555 0 850 1384 1177 1474 1246 1387 1122 1574 935 1223 2108 1587 1190 1591 1428 1453 1921 2083 1363 1597 1807 586 683 1100 1579 1908 515 1374 1588 46 1262 1694 950 1696 1598 1330 1145 1513 2468 1077 1040
2096 2345 1474 1291 1354 1243 1842 2003 850 0 1396 1625 1485 1258 1227 1569 2021 1382 1671 2452 1598 1441 1603 1876 1900 2369 2531 951 1609 1819 1045 885 502 2027 2150 506 1822 1830 804 1280 2142 591 2144 1609 1777 1157 1960 2718 1278 1487
1614 1863 925 1373 295 1010 1049 1612 1384 1396 0 1004 387 154 1046 909 1539 1022 1403 1660 1088 648 513 1249 1461 1887 2049 1118 519 1109 1227 1238 1031 1545 1357 1476 1348 1038 1338 371 1660 804 1662 519 1295 814 1478 1926 493 1220
859 1108 165 831 883 917 995 879 1177 1625 1004 0 1094 867 1393 154 784 411 655 1319 1593 542 1212 587 592 1132 1294 1466 1218 1800 881 1199 1357 790 1303 1269 480 983 1131 756 905 1130 907 1218 488 1161 723 1659 556 461
1704 1953 1015 1463 238 1100 1194 1701 1474 1485 387 1094 0 327 1022 999 1629 1112 1493 1804 747 792 686 1393 1551 1977 2138 1039 692 898 1317 1327 1121 1635 1501 1565 1438 1182 1427 470 1750 894 1752 692 1385 735 1568 2070 630 1310
1476 1726 787 1235 238 872 966 1474 1246 1258 154 867 327 0 908 772 1402 885 1265 1576 1029 565 372 1166 1324 1750 1911 981 378 968 1089 1100 893 1408 1274 1338 1211 955 1200 263 1522 667 1524 378 1158 676 1341 1842 402 1082
2003 2252 1313 1481 1005 1132 1492 1972 1387 1227 1046 1393 1022 908 0 1298 1928 1351 1640 2103 549 1091 1253 1692 1850 2276 2437 322 1260 770 1230 1241 753 1934 1800 1479 1737 1481 1341 930 2048 721 2051 1260 1684 523 1867 2369 928 1456
811 1060 186 783 788 828 899 856 1122 1569 909 154 999 772 1298 0 737 392 647 1271 1498 447 1117 484 621 1084 1246 1370 1123 1705 826 1144 1283 742 1207 1213 508 888 1075 661 857 1056 859 1123 440 1066 676 1556 461 464
588 1234 828 1235 1418 1394 1530 776 1574 2021 1539 784 1629 1402 1928 737 0 1029 1099 1445 2128 1077 1747 934 653 1258 619 1967 1753 2335 1278 1596 1780 519 1819 1665 688 1517 1527 1291 203 1553 185 1753 743 1696 68 1819 1091 916
1103 1352 252 537 901 752 1013 1042 935 1382 1022 411 1112 885 1351 392 1029 0 704 1550 1551 560 1230 874 933 1376 1538 1328 1236 1772 638 957 1141 1034 1321 1026 827 1001 888 780 1149 914 1151 1236 784 1110 968 1825 580 480
1174 1423 540 695 1282 1044 1393 750 1223 1671 1403 655 1493 1265 1640 647 1099 704 0 1634 1839 941 1611 953 900 1447 1608 1616 1617 2060 927 1245 1430 1105 1701 1311 821 1382 1177 1155 1219 1203 1222 1617 855 1398 1038 2007 955 288
1055 371 1363 1770 1593 1763 867 1842 2108 2452 1660 1319 1804 1576 2103 1271 1445 1550 1634 0 2302 1056 1922 860 1367 469 1534 2175 1928 2509 1812 2130 2088 967 800 2200 1254 790 2062 1376 1566 1861 1568 1928 1015 1871 1384 463 1174 1450
2202 2452 1513 1681 939 1332 1692 2171 1587 1598 1088 1593 747 1029 549 1498 2128 1551 1839 2302 0 1291 841 1892 2050 2476 2637 806 847 230 1430 1441 1232 2134 2000 1679 1937 1681 1541 1130 2248 1007 2250 847 1884 669 2067 2568 1128 1656
1152 1299 461 982 581 751 496 1149 1190 1441 648 542 792 565 1091 447 1077 560 941 1056 1291 0 910 657 999 1361 1586 1164 916 1498 1033 1221 1076 1083 804 1282 886 484 1144 364 1197 849 1200 916 815 859 1016 1322 163 757
1822 2071 1132 1581 608 1218 1311 1819 1591 1603 513 1212 686 372 1253 1117 1747 1230 1611 1922 841 910 0 1511 1669 2095 2256 1326 6 766 1434 1445 1239 1753 1619 1683 1556 1300 1545 608 1867 1012 1870 17 1503 1022 1686 2188 747 1427
697 829 665 1090 1182 1249 751 1162 1428 1876 1249 587 1393 1166 1692 484 934 874 953 860 1892 657 1511 0 853 853 1183 1765 1517 2099 1132 1450 1635 610 921 1520 740 635 1382 965 1054 1408 1057 1517 421 1460 873 1100 764 770
747 1156 695 1114 1340 1273 1452 732 1453 1900 1461 592 1551 1324 1850 621 653 933 900 1367 2050 999 1669 853 0 1180 1161 1846 1675 2257 1157 1475 1659 671 1736 1544 115 1435 1406 1213 773 1432 775 1675 648 1616 592 1741 1013 754
868 176 1176 1583 1766 1742 1173 1655 1921 2369 1887 1132 1977 1750 2276 1084 1258 1376 1447 469 2476 1361 2095 853 1180 0 1326 2315 2101 2683 1625 1943 2128 780 1106 2013 1067 1096 1875 1639 1379 1901 1381 2101 828 2044 1197 897 1439 1263
560 1302 1337 1745 1927 1903 1934 1243 2083 2531 2049 1294 2138 1911 2437 1246 619 1538 1608 1534 2637 1586 2256 1183 1161 1326 0 2476 2262 2844 1787 2105 2289 574 1900 2175 1164 1818 2036 1800 569 2063 458 2262 1115 2205 627 1908 1601 1425
2041 2291 1383 1458 1077 1081 1565 1948 1363 951 1118 1466 1039 981 322 1370 1967 1328 1616 2175 806 1164 1326 1765 1846 2315 2476 0 1332 1027 1207 1024 477 1973 1873 1343 1765 1553 1317 1003 2087 445 2089 1332 1723 375 1906 2441 1001 1433
1828 2077 1139 1587 614 1224 1318 1825 1597 1609 519 1218 692 378 1260 1123 1753 1236 1617 1928 847 916 6 1517 1675 2101 2262 1332 0 772 1441 1451 1245 1759 1625 1689 1562 1306 1551 614 1873 1018 1876 23 1509 1028 1692 2194 754 1434
2409 2659 1720 1902 1041 1552 1899 2392 1807 1819 1109 1800 898 968 770 1705 2335 1772 2060 2509 230 1498 766 2099 2257 2683 2844 1027 772 0 1650 1661 1453 2341 2207 1899 2144 1888 1761 1205 2455 1228 2457 772 2091 890 2274 2775 1335 1877
1352 1601 730 596 1184 542 1443 1259 586 1045 1227 881 1317 1089 1230 826 1278 638 927 1812 1430 1033 1434 1132 1157 1625 1787 1207 1441 1650 0 596 994 1283 1751 702 1078 1431 540 1105 1398 793 1400 1441 1034 988 1217 2186 920 744
1670 1919 1048 997 1197 692 1631 1577 683 885 1238 1199 1327 1100 1241 1144 1596 957 1245 2130 1441 1221 1445 1450 1475 1943 2105 1024 1451 1661 596 0 680 1601 1939 938 1396 1619 636 1122 1716 581 1718 1451 1352 999 1535 2496 1099 1062
1855 2104 1233 1271 990 922 1478 1761 1100 502 1031 1357 1121 893 753 1283 1780 1141 1430 2088 1232 1076 1239 1635 1659 2128 2289 477 1245 1453 994 680 0 1786 1785 905 1581 1466 1054 915 1901 227 1903 1245 1536 702 1719 2354 914 1246
88 756 834 1241 1424 1400 1360 1073 1579 2027 1545 790 1635 1408 1934 742 519 1034 1105 967 2134 1083 1753 610 671 780 574 1973 1759 2341 1283 1601 1786 0 1348 1671 631 1245 1533 1297 639 1559 642 1759 542 1702 458 1341 1097 922
1435 1043 1222 1742 1291 1460 384 1910 1908 2150 1357 1303 1501 1274 1800 1207 1819 1321 1701 800 2000 804 1619 921 1736 1106 1900 1873 1625 2207 1751 1939 1785 1348 0 2000 1624 492 1862 1074 1939 1559 1941 1626 1314 1568 1758 680 872 1518
1740 1989 1118 859 1432 978 1692 1647 515 506 1476 1269 1565 1338 1479 1213 1665 1026 1311 2200 1679 1282 1683 1520 1544 2013 2175 1343 1689 1899 702 938 905 1671 2000 0 1466 1680 491 1354 1786 956 1788 1689 1421 1237 1604 2560 1169 1131
706 1044 582 1036 1227 1195 1339 700 1374 1822 1348 480 1438 1211 1737 508 688 827 821 1254 1937 886 1556 740 115 1067 1164 1765 1562 2144 1078 1396 1581 631 1624 1466 0 1322 1328 1100 808 1354 810 1562 535 1505 627 1628 900 675
1332 1034 902 1423 971 1141 118 1590 1588 1830 1038 983 1182 955 1481 888 1517 1001 1382 790 1681 484 1300 635 1435 1096 1818 1553 1306 1888 1431 1619 1466 1245 492 1680 1322 0 1542 754 1637 1239 1639 1306 1028 1249 1456 1056 552 1198
1602 1851 980 652 1294 749 1554 1509 46 804 1338 1131 1427 1200 1341 1075 1527 888 1177 2062 1541 1144 1545 1382 1406 1875 2036 1317 1551 1761 540 636 1054 1533 1862 491 1328 1542 0 1216 1648 904 1650 1551 1283 1099 1466 2422 1031 993
1366 1611 677 1161 287 798 766 1364 1262 1280 371 756 470 263 930 661 1291 780 1155 1376 1130 364 608 965 1213 1639 1800 1003 614 1205 1105 1122 915 1297 1074 1354 1100 754 1216 0 1412 688 1414 615 1047 698 1230 1642 203 972
708 1355 949 1356 1538 1515 1650 674 1694 2142 1660 905 1750 1522 2048 857 203 1149 1219 1566 2248 1197 1867 1054 773 1379 569 2087 1873 2455 1398 1716 1901 639 1939 1786 808 1637 1648 1412 0 1674 222 1874 863 1817 181 1939 1212 1036
1628 1877 1006 1044 763 695 1251 1535 950 591 804 1130 894 667 721 1056 1553 914 1203 1861 1007 849 1012 1408 1432 1901 2063 445 1018 1228 793 581 227 1559 1559 956 1354 1239 904 688 1674 0 1676 1018 1309 566 1492 2127 687 1019
710 1357 951 1358 1541 1517 1652 890 1696 2144 1662 907 1752 1524 2051 859 185 1151 1222 1568 2250 1200 1870 1057 775 1381 458 2089 1876 2457 1400 1718 1903 642 1941 1788 810 1639 1650 1414 222 1676 0 1876 865 1819 214 1941 1214 1038
1828 2077 1139 1587 614 1224 1318 1826 1598 1609 519 1218 692 378 1260 1123 1753 1236 1617 1928 847 916 17 1517 1675 2101 2262 1332 23 772 1441 1451 1245 1759 1626 1689 1562 1306 1551 615 1874 1018 1876 0 1509 1028 1692 2194 754 1434
629 804 567 991 1174 1150 1143 1064 1330 1777 1295 488 1385 1158 1684 440 743 784 855 1015 1884 815 1503 421 648 828 1115 1723 1509 2091 1034 1352 1536 542 1314 1421 535 1028 1283 1047 863 1309 865 1509 0 1452 682 1389 847 672
1771 2020 1082 1239 773 890 1261 1730 1145 1157 814 1161 735 676 523 1066 1696 1110 1398 1871 669 859 1022 1460 1616 2044 2205 375 1028 890 988 999 702 1702 1568 1237 1505 1249 1099 698 1817 566 1819 1028 1452 0 1635 2137 697 1215
527 1173 767 1174 1357 1333 1469 749 1513 1960 1478 723 1568 1341 1867 676 68 968 1038 1384 2067 1016 1686 873 592 1197 627 1906 1692 2274 1217 1535 1719 458 1758 1604 627 1456 1466 1230 181 1492 214 1692 682 1635 0 1758 1030 855
1428 832 1724 2144 1859 2029 1064 2216 2468 2718 1926 1659 2070 1842 2369 1556 1819 1825 2007 463 2568 1322 2188 1100 1741 897 1908 2441 2194 2775 2186 2496 2354 1341 680 2560 1628 1056 2422 1642 1939 2127 1941 2194 1389 2137 1758 0 1440 1824
1166 1408 477 962 419 599 564 1164 1077 1278 493 556 630 402 928 461 1091 580 955 1174 1128 163 747 764 1013 1439 1601 1001 754 1335 920 1099 914 1097 872 1169 900 552 1031 203 1212 687 1214 754 847 697 1030 1440 0 772
990 1240 357 614 1098 860 1210 873 1040 1487 1220 461 1310 1082 1456 464 916 480 288 1450 1656 757 1427 770 754 1263 1425 1433 1434 1877 744 1062 1246 922 1518 1131 675 1198 993 972 1036 1019 1038 1434 672 1215 855 1824 772 0
OSM_IDS: 8448393858 263343836 292142095 462121263 420086167 462237409 27598467 6760510189 698857993 713562934 81533927 1400965188 3826926680 470949049 250251907 500913425 25427834 10860079649 100276544 257943868 519845894 27587740 1831310619 209610851 146958027 1363150663 428088576 418037078 550403635 2088568523 460460122 942234995 262153284 330277124 1610983169 1458226014 305326331 150996829 263031775 60552130 849574758 6516172420 25429707 1118923065 97970169 445147545 25427972 1630622473 261614546 107318716
GRAPHML_FILE: data/tsp_dataset/graph_zurich_dist_20000.graphml
EOF