NAME: zurich_50_3
COMMENT: TSP instance with 50 nodes. City: Zurich, Switzerland, Seed: 45
TYPE: TSP
DIMENSION: 50
EDGE_WEIGHT_TYPE: EXPLICIT
EDGE_WEIGHT_FORMAT: FULL_MATRIX
NODE_COORD_SECTION:
1 47.3593925 8.3694809
2 47.3746636 8.545873
3 47.4591197 8.4351996
4 47.2984217 8.4519883
5 47.4342547 8.7189393
6 47.5332232 8.5766962
7 47.2287226 8.4966738
8 47.384952 8.4780492
9 47.4383689 8.6237647
10 47.4856701 8.440287
11 47.5059902 8.7355423
12 47.4600617 8.6641885
13 47.2530721 8.7812864
14 47.317398 8.5497487
15 47.4370707 8.441787
16 47.3830609 8.5453444
17 47.3356654 8.5160818
18 47.345173 8.5708783
19 47.4373999 8.439697
20 47.2748717 8.7273265
21 47.3506652 8.4414766
22 47.4007096 8.39187
23 47.4452956 8.6222007
24 47.407917 8.5905009
25 47.3076383 8.7179483
26 47.2772783 8.5685395
27 47.3859348 8.5248878
28 47.4099464 8.5695491
29 47.4297476 8.4645246
30 47.245101 8.46099
31 47.333482 8.3415951
32 47.3348725 8.4789095
33 47.522118 8.5214391
34 47.3779898 8.5629036
35 47.5050177 8.5915722
36 47.3761503 8.4832458
37 47.3577753 8.449082
38 47.2977453 8.7726663
39 47.5402535 8.3203153
40 47.5053918 8.375087
41 47.3882704 8.483123
42 47.2380627 8.7543189
43 47.3597539 8.7095158
44 47.4700206 8.3339323
45 47.3643169 8.3584402
46 47.3353785 8.6136926
47 47.5200892 8.6974362
48 47.5101338 8.3225281
49 47.4670986 8.6491355
50 47.3619349 8.5508204
EDGE_WEIGHT_SECTION:
0 957 1110 805 1581 1757 1218 895 1399 1307 1850 1628 2380 998 1069 1052 871 1196 1079 2024 486 477 1337 1202 1996 1171 933 1092 913 999 557 753 1556 1154 1506 841 599 2052 1746 1561 828 2407 1547 1067 141 1484 1722 1427 1585 1014
957 0 918 844 924 1191 1247 436 717 1115 1192 1044 1456 566 825 124 413 335 835 1099 646 908 770 448 1071 814 224 448 670 1028 1230 782 990 214 939 426 667 1175 1871 1445 415 1482 890 1147 1054 560 1064 1553 1019 146
1110 918 0 1302 1205 1116 1715 863 1023 438 1474 1252 2063 1482 287 879 1269 1254 269 1854 985 825 961 826 1632 1668 882 716 357 1496 1503 1249 769 966 1130 888 995 1676 1275 768 810 2173 1171 622 1162 1478 1346 1071 1210 1064
805 844 1302 0 1720 1949 645 975 1513 1498 1989 1813 2267 885 1260 938 757 1082 1270 1910 449 844 1528 1245 1882 1058 916 1156 1105 482 773 432 1747 1040 1697 885 633 1987 1983 1798 983 2293 1686 1259 902 1371 1861 1664 1777 901
1581 924 1205 1720 0 1185 2123 1204 656 1402 714 504 1515 1482 1164 917 1289 1259 1174 1305 1456 1349 676 678 1084 1691 934 678 1009 1904 1974 1658 1233 981 968 1193 1466 1128 2240 1732 1175 1625 613 1595 1633 1273 586 2000 586 1070
1757 1191 1116 1949 1185 0 2362 1471 937 1002 982 777 2292 1749 1305 1184 1556 1526 1315 2083 1632 1525 811 1055 1861 1958 1201 945 1181 2143 2150 1896 527 1248 278 1460 1642 1905 1778 1270 1442 2402 1400 1703 1809 1747 741 1604 719 1336
1218 1247 1715 645 2123 2362 0 1402 1916 1912 2392 2225 2670 1086 1673 1341 1039 1485 1683 2313 882 1257 1941 1648 2286 1093 1320 1568 1518 292 1190 959 2161 1444 2110 1313 1065 2390 2396 2211 1386 2696 2089 1672 1315 1774 2264 2077 2190 1304
895 436 863 975 1204 1471 1402 0 996 1059 1472 1323 1880 802 713 531 573 695 723 1523 563 635 1050 728 1496 975 340 728 557 1183 1203 771 1269 647 1219 103 434 1600 1658 1389 72 1906 1169 934 947 984 1344 1339 1299 514
1399 717 1023 1513 656 937 1916 996 0 1220 925 403 1505 1275 982 710 1082 1052 992 1296 1274 1167 195 470 1074 1484 727 496 827 1697 1792 1451 904 774 685 986 1280 1118 2042 1535 968 1615 613 1413 1451 1118 797 1818 414 862
1307 1115 438 1498 1402 1002 1912 1059 1220 0 1671 1418 2260 1679 637 1075 1466 1451 646 2051 1182 1075 1127 1023 1829 1865 1079 913 554 1693 1699 1446 655 1163 1052 1085 1192 1873 936 429 1007 2370 1368 1030 1359 1675 1543 762 1376 1261
1850 1192 1474 1989 714 982 2392 1472 925 1671 0 649 1969 1750 1433 1185 1558 1528 1442 1759 1724 1617 945 946 1538 1959 1203 946 1277 2173 2242 1927 1378 1249 917 1461 1735 1582 2508 2000 1444 2079 1077 1863 1901 1594 323 2268 731 1338
1628 1044 1252 1813 504 777 2225 1323 403 1418 649 0 1792 1602 1211 1037 1409 1379 1220 1583 1502 1395 341 804 1361 1811 1054 811 1055 2006 2020 1751 1041 1101 525 1313 1513 1405 2202 1695 1295 1903 901 1641 1679 1392 542 2025 144 1189
2380 1456 2063 2267 1515 2292 2670 1880 1505 2260 1969 1792 0 1930 2022 1569 1836 1301 2032 486 2069 2207 1618 1535 737 2237 1680 1535 1866 2451 2653 2205 2091 1510 2040 1869 2110 395 3097 2590 1858 267 988 2453 2476 967 1841 2858 1837 1431
998 566 1482 885 1482 1749 1086 802 1275 1679 1750 1602 1930 0 1348 680 447 745 1358 1573 688 1037 1328 1006 1546 471 687 1006 1192 1069 1271 823 1548 704 1497 788 854 1650 2176 1991 780 1956 1448 1452 1095 1034 1622 1857 1577 564
1069 825 287 1260 1164 1305 1673 713 982 637 1433 1211 2022 1348 0 785 1120 1161 17 1813 943 746 920 785 1591 1521 737 675 156 1454 1461 1208 958 873 1088 738 954 1635 1474 966 661 2132 1130 775 1120 1385 1305 1224 1168 971
1052 124 879 938 917 1184 1341 531 710 1075 1185 1037 1569 680 785 0 507 450 795 1213 741 924 763 441 1185 909 255 441 630 1122 1324 876 983 196 932 520 761 1289 1887 1405 509 1596 883 1163 1148 674 1057 1568 1012 260
871 413 1269 757 1289 1556 1039 573 1082 1466 1558 1409 1836 447 1120 507 0 651 1129 1479 560 910 1136 814 1452 684 485 814 964 942 1144 696 1355 609 1305 559 727 1556 2046 1796 552 1862 1255 1322 967 940 1430 1727 1384 470
1196 335 1254 1082 1259 1526 1485 695 1052 1451 1528 1379 1301 745 1161 450 651 0 1171 945 885 1180 1106 784 917 1053 524 784 1005 1266 1469 1020 1325 454 1275 685 925 1021 2143 1780 674 1328 1060 1419 1292 406 1400 1824 1355 224
1079 835 269 1270 1174 1315 1683 723 992 646 1442 1220 2032 1358 17 795 1129 1171 0 1823 953 756 929 795 1601 1531 747 684 165 1464 1471 1218 968 883 1098 748 964 1645 1483 976 670 2142 1140 758 1130 1395 1314 1207 1178 981
2024 1099 1854 1910 1305 2083 2313 1523 1296 2051 1759 1583 486 1573 1813 1213 1479 945 1823 0 1713 1992 1409 1326 397 1881 1323 1323 1657 2094 2297 1848 1882 1154 1831 1513 1753 355 2888 2381 1502 511 762 2232 2120 611 1631 2637 1628 1074
486 646 985 449 1456 1632 882 563 1274 1182 1724 1502 2069 688 943 741 560 885 953 1713 0 527 1211 993 1685 861 714 929 788 663 758 397 1431 843 1380 473 221 1789 1666 1481 586 2096 1422 942 582 1174 1596 1347 1460 704
477 908 825 844 1349 1525 1257 635 1167 1075 1617 1395 2207 1037 746 924 910 1180 756 1992 527 0 1104 970 1775 1210 701 859 591 1038 944 792 1323 1018 1273 680 538 1819 1378 1193 568 2317 1315 654 484 1460 1489 1059 1353 998
1337 770 961 1528 676 811 1941 1050 195 1127 945 341 1618 1328 920 763 1136 1106 929 1409 1211 1104 0 571 1187 1537 781 524 764 1722 1729 1476 750 827 560 1039 1221 1231 1911 1404 1022 1728 726 1350 1388 1239 839 1734 352 916
1202 448 826 1245 678 1055 1648 728 470 1023 946 804 1535 1006 785 441 814 784 795 1326 993 970 571 0 1104 1215 459 202 629 1429 1575 1183 854 481 803 717 1005 1148 1860 1353 700 1646 644 1213 1254 903 818 1619 806 594
1996 1071 1632 1882 1084 1861 2286 1496 1074 1829 1538 1361 737 1546 1591 1185 1452 917 1601 397 1685 1775 1187 1104 0 1853 1296 1104 1435 2067 2269 1821 1660 1086 1609 1485 1726 364 2666 2159 1474 777 494 2021 2059 583 1410 2427 1406 1047
1171 814 1668 1058 1691 1958 1093 975 1484 1865 1959 1811 2237 471 1521 909 684 1053 1531 1881 861 1210 1537 1215 1853 0 887 1215 1366 1128 1444 996 1757 1011 1706 961 1027 1957 2349 2164 954 2264 1657 1625 1268 1342 1831 2030 1786 872
933 224 882 916 934 1201 1320 340 727 1079 1203 1054 1680 687 737 255 485 524 747 1323 714 701 781 459 1296 887 0 459 581 1101 1297 855 1000 355 950 332 641 1391 1664 1408 308 1706 900 940 985 784 1075 1346 1030 343
1092 448 716 1156 678 945 1568 728 496 913 946 811 1535 1006 675 441 814 784 684 1323 929 859 524 202 1104 1215 459 0 519 1349 1448 1094 743 483 693 717 906 1148 1750 1242 700 1646 644 1105 1143 894 818 1510 773 594
913 670 357 1105 1009 1181 1518 557 827 554 1277 1055 1866 1192 156 630 964 1005 165 1657 788 591 764 629 1435 1366 581 519 0 1299 1306 1053 876 717 933 583 798 1479 1391 884 505 1977 974 864 965 1229 1149 1218 1013 815
999 1028 1496 482 1904 2143 292 1183 1697 1693 2173 2006 2451 1069 1454 1122 942 1266 1464 2094 663 1038 1722 1429 2067 1128 1101 1349 1299 0 971 764 1942 1225 1891 1094 846 2171 2177 1992 1167 2477 1870 1453 1096 1555 2045 1858 1971 1085
557 1230 1503 773 1974 2150 1190 1203 1792 1699 2242 2020 2653 1271 1461 1324 1144 1469 1471 2297 758 944 1729 1575 2269 1444 1297 1448 1306 971 0 1026 1948 1427 1898 1114 872 2373 1998 1814 1226 2680 1940 1443 521 1757 2114 1680 1978 1287
753 782 1249 432 1658 1896 959 771 1451 1446 1927 1751 2205 823 1208 876 696 1020 1218 1848 397 792 1476 1183 1821 996 855 1094 1053 764 1026 0 1695 979 1645 682 441 1925 1930 1746 794 2231 1624 1206 849 1309 1799 1612 1725 839
1556 990 769 1747 1233 527 2161 1269 904 655 1378 1041 2091 1548 958 983 1355 1325 968 1882 1431 1323 750 854 1660 1757 1000 743 876 1942 1948 1695 0 1047 576 1259 1441 1704 1431 923 1241 2201 1199 1356 1607 1546 1138 1257 994 1135
1154 214 966 1040 981 1248 1444 647 774 1163 1249 1101 1510 704 873 196 609 454 883 1154 843 1018 827 481 1086 1011 355 483 717 1225 1427 979 1047 0 996 636 879 1230 1981 1492 623 1537 947 1257 1250 614 1122 1662 1076 266
1506 939 1130 1697 968 278 2110 1219 685 1052 917 525 2040 1497 1088 932 1305 1275 1098 1831 1380 1273 560 803 1609 1706 950 693 933 1891 1898 1645 576 996 0 1208 1390 1653 1827 1320 1191 2151 1149 1519 1557 1496 677 1653 468 1085
841 426 888 885 1193 1460 1313 103 986 1085 1461 1313 1869 788 738 520 559 685 748 1513 473 680 1039 717 1485 961 332 717 583 1094 1114 682 1259 636 1208 0 345 1589 1691 1414 126 1896 1159 967 938 973 1333 1372 1288 503
599 667 995 633 1466 1642 1065 434 1280 1192 1735 1513 2110 854 954 761 727 925 964 1753 221 538 1221 1005 1726 1027 641 906 798 846 872 441 1441 879 1390 345 0 1830 1676 1491 457 2136 1432 952 696 1214 1607 1357 1470 744
2052 1175 1676 1987 1128 1905 2390 1600 1118 1873 1582 1405 395 1650 1635 1289 1556 1021 1645 355 1789 1819 1231 1148 364 1957 1391 1148 1479 2171 2373 1925 1704 1230 1653 1589 1830 0 2710 2203 1578 573 600 2065 2103 687 1454 2471 1450 1151
1746 1871 1275 1983 2240 1778 2396 1658 2042 936 2508 2202 3097 2176 1474 1887 2046 2143 1483 2888 1666 1378 1911 1860 2666 2349 1664 1750 1391 2177 1998 1930 1431 1981 1827 1691 1676 2710 0 598 1596 3207 2205 948 1726 2423 2380 365 2160 1961
1561 1445 768 1798 1732 1270 2211 1389 1535 429 2000 1695 2590 1991 966 1405 1796 1780 976 2381 1481 1193 1404 1353 2159 2164 1408 1242 884 1992 1814 1746 923 1492 1320 1414 1491 2203 598 0 1337 2700 1698 763 1541 2005 1872 424 1653 1591
828 415 810 983 1175 1442 1386 72 968 1007 1444 1295 1858 780 661 509 552 674 670 1502 586 568 1022 700 1474 954 308 700 505 1167 1226 794 1241 623 1191 126 457 1578 1596 1337 0 1885 1141 872 879 963 1316 1277 1270 493
2407 1482 2173 2293 1625 2402 2696 1906 1615 2370 2079 1903 267 1956 2132 1596 1862 1328 2142 511 2096 2317 1728 1646 777 2264 1706 1646 1977 2477 2680 2231 2201 1537 2151 1896 2136 573 3207 2700 1885 0 1098 2563 2503 994 1951 2968 1947 1457
1547 890 1171 1686 613 1400 2089 1169 613 1368 1077 901 988 1448 1130 883 1255 1060 1140 762 1422 1315 726 644 494 1657 900 644 974 1870 1940 1624 1199 947 1149 1159 1432 600 2205 1698 1141 1098 0 1561 1599 838 949 1966 945 1035
1067 1147 622 1259 1595 1703 1672 934 1413 1030 1863 1641 2453 1452 775 1163 1322 1419 758 2232 942 654 1350 1213 2021 1625 940 1105 864 1453 1443 1206 1356 1257 1519 967 952 2065 948 763 872 2563 1561 0 1087 1699 1735 635 1599 1237
141 1054 1162 902 1633 1809 1315 947 1451 1359 1901 1679 2476 1095 1120 1148 967 1292 1130 2120 582 484 1388 1254 2059 1268 985 1143 965 1096 521 849 1607 1250 1557 938 696 2103 1726 1541 879 2503 1599 1087 0 1581 1773 1407 1637 1111
1484 560 1478 1371 1273 1747 1774 984 1118 1675 1594 1392 967 1034 1385 674 940 406 1395 611 1174 1460 1239 903 583 1342 784 894 1229 1555 1757 1309 1546 614 1496 973 1214 687 2423 2005 963 994 838 1699 1581 0 1466 2104 1459 535
1722 1064 1346 1861 586 741 2264 1344 797 1543 323 542 1841 1622 1305 1057 1430 1400 1314 1631 1596 1489 839 818 1410 1831 1075 818 1149 2045 2114 1799 1138 1122 677 1333 1607 1454 2380 1872 1316 1951 949 1735 1773 1466 0 2140 624 1210
1427 1553 1071 1664 2000 1604 2077 1339 1818 762 2268 2025 2858 1857 1224 1568 1727 1824 1207 2637 1347 1059 1734 1619 2427 2030 1346 1510 1218 1858 1680 1612 1257 1662 1653 1372 1357 2471 365 424 1277 2968 1966 635 1407 2104 2140 0 1983 1642
1585 1019 1210 1777 586 719 2190 1299 414 1376 731 144 1837 1577 1168 1012 1384 1355 1178 1628 1460 1353 352 806 1406 1786 1030 773 1013 1971 1978 1725 994 1076 468 1288 1470 1450 2160 1653 1270 1947 945 1599 1637 1459 624 1983 0 1165
1014 146 1064 901 1070 1336 1304 514 862 1261 1338 1189 1431 564 971 260 470 224 981 1074 704 998 916 594 1047 872 343 594 815 1085 1287 839 1135 266 1085 503 744 1151 1961 1591 493 1457 1035 1237 1111 535 1210 1642 1165 0
OSM_IDS: 370135094 1586370783 7021571446 324343349 96674486 440364677 532325933 27005682 93548109 6549135236 25428974 114303092 401858146 124375601 450575867 30826226 84505880 154551885 369998457 238472177 287851666 1700708598 94814698 1460567073 207717065 60549237 29382407 256057334 462122524 317426980 693034733 461733155 101080708 1481512771 99883132 27005541 470340914 459511609 1139753989 318706984 62990619 7897946332 983486580 286798120 653475768 240301616 25430366 316173490 10095032561 1638473903
GRAPHML_FILE: data/tsp_dataset/graph_zurich_dist_20000.graphml
EOF