NAME: zurich_50_11
COMMENT: TSP instance with 50 nodes. City: Zurich, Switzerland, Seed: 53
TYPE: TSP
DIMENSION: 50
EDGE_WEIGHT_TYPE: EXPLICIT
EDGE_WEIGHT_FORMAT: FULL_MATRIX
NODE_COORD_SECTION:
1 47.472512 8.5250323
2 47.3882734 8.2896868
3 47.4083504 8.3363029
4 47.5157703 8.7652492
5 47.3631345 8.3687836
6 47.3914119 8.5199394
7 47.3809532 8.5381354
8 47.2186895 8.6121713
9 47.4110934 8.4327588
10 47.2254308 8.625699
11 47.3416533 8.5726408
12 47.3401714 8.6700011
13 47.2509775 8.5290325
14 47.2747729 8.4573214
15 47.3711026 8.774822
16 47.3013896 8.7201595
17 47.4174319 8.3728463
18 47.2595312 8.5987885
19 47.5015584 8.790254
20 47.3934484 8.7574509
21 47.4124837 8.5995749
22 47.2542929 8.6065504
23 47.3703335 8.3584098
24 47.3579614 8.5194277
25 47.4248047 8.4057211
26 47.5241426 8.6649
27 47.2515332 8.5304227
28 47.2399497 8.6509686
29 47.3444857 8.7017865
30 47.3246389 8.597059
31 47.2277088 8.5535077
32 47.438977 8.4876388
33 47.3945449 8.603304
34 47.3621493 8.7470971
35 47.4423172 8.6989004
36 47.4622048 8.7749032
37 47.2462442 8.6457413
38 47.2020751 8.5154026
39 47.3837643 8.6765341
40 47.3976803 8.4438734
41 47.4960342 8.2770858
42 47.2800193 8.5799966
43 47.4860459 8.298382
44 47.3443301 8.5963831
45 47.4118158 8.711643
46 47.4020355 8.4977946
47 47.5112584 8.4771978
48 47.1956298 8.4907117
49 47.3899488 8.6742738
50 47.2479715 8.3673804
EDGE_WEIGHT_SECTION:
0 1720 1311 1459 1152 726 752 1590 850 1539 1106 1108 1785 1508 1221 1425 919 1623 1517 1209 634 1560 1281 969 853 1124 1851 1671 1095 1321 1999 473 600 1034 840 1541 1740 1921 882 878 1468 1450 1287 1162 1065 779 434 1945 786 1840
1720 0 474 2586 681 1443 1405 1664 1246 1613 1636 2168 1625 1335 2348 2320 892 1697 2645 2336 1781 1634 710 1179 1241 2384 1692 1745 2222 1851 1867 1493 1727 2161 1967 2669 1814 1761 2009 1139 1160 1524 979 1757 2193 1496 1898 1785 1914 1137
1311 474 0 2177 446 1027 1161 1680 962 1629 1556 1826 1641 1352 1939 2143 418 1713 2236 1927 1371 1650 384 1195 767 1975 1708 1761 1813 1771 1883 1084 1318 1752 1558 2259 1830 1777 1600 810 942 1540 761 1668 1783 1081 1535 1801 1504 1399
1459 2586 2177 0 2018 1380 1404 2241 1611 2191 1757 1604 2463 2312 1239 1752 1785 2275 366 1083 1141 2212 2147 1621 1719 620 2529 2323 1422 1962 2650 1527 1096 1319 770 639 2392 2724 1203 1745 2334 2102 2153 1747 995 1524 1644 2749 1108 2643
1152 681 446 2018 0 875 1008 1279 669 1228 1251 1667 1241 964 1780 1936 600 1313 2077 1768 1213 1250 155 794 724 1816 1307 1360 1654 1466 1482 925 1159 1593 1399 2101 1429 1377 1441 554 1261 1139 1080 1372 1625 925 1376 1401 1346 1102
726 1443 1027 1380 875 0 158 1030 486 979 619 1022 1251 1100 1142 1240 635 1063 1438 1130 579 1000 1004 409 708 1178 1317 1111 1016 834 1438 668 514 955 761 1462 1180 1513 802 473 1184 890 1003 676 986 227 1080 1537 707 1432
752 1405 1161 1404 1008 158 0 928 620 877 461 913 1149 998 1166 1081 769 962 1463 1154 603 898 1129 308 842 1202 1216 1009 1040 676 1337 766 538 979 785 1487 1078 1411 827 606 1318 788 1137 518 1011 337 1104 1435 732 1330
1590 1664 1680 2241 1279 1030 928 0 1217 158 1158 1690 577 952 2004 1843 1422 353 2300 1991 1441 290 1389 701 1495 2039 612 365 1877 1373 409 1596 1375 1816 1623 2324 434 601 1664 1242 1971 570 1790 1279 1848 1208 1942 770 1569 1416
850 1246 962 1611 669 486 620 1217 0 1167 1011 1260 1310 1033 1373 1516 570 1251 1669 1361 843 1188 798 663 599 1408 1377 1299 1247 1226 1534 615 751 1186 992 1693 1368 1446 1033 317 1154 1078 973 1093 1217 483 1061 1470 938 1365
1539 1613 1629 2191 1228 979 877 158 1167 0 1108 1640 736 1111 1953 1792 1371 303 2250 1941 1390 240 1339 651 1445 1989 771 230 1827 1323 567 1546 1324 1766 1572 2273 299 760 1614 1192 1920 520 1739 1229 1797 1157 1891 929 1519 1538
1106 1636 1556 1757 1251 619 461 1158 1011 1108 0 650 1380 1229 1266 766 1164 1192 1816 1245 949 1129 1361 494 1237 1555 1446 1240 963 257 1567 1130 746 1078 1139 1755 1309 1641 819 964 1713 1019 1532 202 1229 791 1458 1666 859 1560
1108 2168 1826 1604 1667 1022 913 1690 1260 1640 650 0 1911 1760 845 422 1434 1724 1663 896 745 1661 1797 1026 1369 1402 1978 1771 427 621 2099 1176 525 657 976 1454 1841 2173 519 1394 1983 1551 1802 493 928 1167 1460 2197 558 2092
1785 1625 1641 2463 1241 1251 1149 577 1310 736 1380 1911 0 409 2225 2064 1383 931 2521 2213 1662 868 1351 923 1457 2261 74 942 2099 1595 249 1558 1596 2038 1844 2545 1011 420 1886 1204 1933 870 1751 1501 2069 1429 2009 589 1790 971
1508 1335 1352 2312 964 1100 998 952 1033 1111 1229 1760 409 0 2074 1913 1107 1289 2370 2062 1499 1227 1074 772 1180 2109 475 1317 1948 1444 650 1281 1445 1887 1693 2394 1386 644 1734 927 1656 1089 1475 1350 1918 1278 1732 685 1639 664
1221 2348 1939 1239 1780 1142 1166 2004 1373 1953 1266 845 2225 2074 0 742 1547 2038 1198 213 899 1974 1910 1384 1482 1092 2292 2085 499 1266 2413 1289 858 187 630 788 2154 2487 516 1507 2096 1864 1915 1109 499 1287 1573 2511 533 2406
1425 2320 2143 1752 1936 1240 1081 1843 1516 1792 766 422 2064 1913 742 0 1751 1877 1809 828 1103 1813 2046 1179 1685 1550 2131 1924 361 650 2252 1493 947 590 1129 1404 1993 2326 720 1648 2300 1703 2119 610 960 1411 1777 2350 736 2245
919 892 418 1785 600 635 769 1422 570 1371 1164 1434 1383 1107 1547 1751 0 1456 1844 1535 979 1392 649 906 375 1583 1450 1503 1421 1379 1625 692 926 1360 1166 1867 1572 1519 1208 418 824 1282 643 1276 1391 689 1143 1544 1112 1438
1623 1697 1713 2275 1313 1063 962 353 1251 303 1192 1724 931 1289 2038 1877 1456 0 2334 2025 1475 76 1423 735 1529 2073 965 366 1911 1407 762 1630 1408 1850 1656 2358 312 954 1698 1276 2005 239 1824 1313 1882 1242 1975 1123 1603 1622
1517 2645 2236 366 2077 1438 1463 2300 1669 2250 1816 1663 2521 2370 1198 1809 1844 2334 0 1042 1200 2271 2206 1680 1778 791 2588 2381 1481 2021 2709 1586 1155 1278 828 582 2451 2783 1262 1803 2393 2161 2211 1806 1054 1583 1814 2807 1167 2702
1209 2336 1927 1083 1768 1130 1154 1991 1361 1941 1245 896 2213 2062 213 828 1535 2025 1042 0 887 1962 1897 1371 1469 994 2279 2073 550 1315 2400 1277 846 293 532 633 2142 2474 495 1495 2084 1852 1903 1088 401 1274 1561 2499 486 2393
634 1781 1371 1141 1213 579 603 1441 843 1390 949 745 1662 1499 899 1103 979 1475 1200 887 0 1411 1342 820 914 939 1729 1522 773 1114 1850 722 236 712 522 1224 1591 1912 560 939 1529 1301 1347 887 748 724 966 1936 464 1831
1560 1634 1650 2212 1250 1000 898 290 1188 240 1129 1661 868 1227 1974 1813 1392 76 2271 1962 1411 0 1360 672 1466 2010 902 316 1848 1344 699 1567 1345 1787 1593 2295 262 891 1635 1213 1941 299 1760 1250 1819 1179 1912 1060 1540 1559
1281 710 384 2147 155 1004 1129 1389 798 1339 1361 1797 1351 1074 1910 2046 649 1423 2206 1897 1342 1360 0 904 793 1945 1417 1470 1783 1576 1592 1054 1288 1722 1528 2230 1540 1487 1570 683 1199 1250 1018 1482 1754 1054 1505 1511 1475 1202
969 1179 1195 1621 794 409 308 701 663 651 494 1026 923 772 1384 1179 906 735 1680 1371 820 672 904 0 979 1419 989 783 1257 709 1110 988 724 1196 1002 1704 852 1184 1044 675 1455 562 1273 615 1228 588 1321 1208 949 1103
853 1241 767 1719 724 708 842 1495 599 1445 1237 1369 1457 1180 1482 1685 375 1529 1778 1469 914 1466 793 979 0 1517 1523 1577 1355 1452 1698 626 860 1294 1100 1802 1646 1593 1142 395 937 1356 756 1350 1326 574 1077 1617 1047 1512
1124 2384 1975 620 1816 1178 1202 2039 1408 1989 1555 1402 2261 2109 1092 1550 1583 2073 791 994 939 2010 1945 1419 1517 0 2327 2121 1220 1760 2448 1325 894 1157 568 966 2190 2522 1001 1543 2132 1900 1951 1545 793 1322 1189 2546 906 2441
1851 1692 1708 2529 1307 1317 1216 612 1377 771 1446 1978 74 475 2292 2131 1450 965 2588 2279 1729 902 1417 989 1523 2327 0 977 2165 1661 284 1625 1662 2104 1911 2612 1046 455 1952 1270 1999 937 1818 1567 2136 1496 2075 624 1857 1005
1671 1745 1761 2323 1360 1111 1009 365 1299 230 1240 1771 942 1317 2085 1924 1503 366 2381 2073 1522 316 1470 783 1577 2121 977 0 1959 1455 774 1678 1456 1898 1704 2405 113 966 1746 1323 2052 582 1871 1361 1929 1289 2023 1135 1650 1669
1095 2222 1813 1422 1654 1016 1040 1877 1247 1827 963 427 2099 1948 499 361 1421 1911 1481 550 773 1848 1783 1257 1355 1220 2165 1959 0 847 2286 1163 732 312 791 1083 2028 2361 376 1381 1970 1738 1789 807 621 1160 1447 2385 393 2280
1321 1851 1771 1962 1466 834 676 1373 1226 1323 257 621 1595 1444 1266 650 1379 1407 2021 1315 1114 1344 1576 709 1452 1760 1661 1455 847 0 1782 1345 894 1078 1343 1825 1524 1856 889 1179 1928 1234 1747 358 1299 1006 1673 1881 929 1775
1999 1867 1883 2650 1482 1438 1337 409 1534 567 1567 2099 249 650 2413 2252 1625 762 2709 2400 1850 699 1592 1110 1698 2448 284 774 2286 1782 0 1799 1783 2225 2032 2733 843 419 2073 1445 2174 948 1993 1688 2257 1617 2250 588 1978 1129
473 1493 1084 1527 925 668 766 1596 615 1546 1130 1176 1558 1281 1289 1493 692 1630 1586 1277 722 1567 1054 988 626 1325 1625 1678 1163 1345 1799 0 668 1102 908 1610 1747 1694 950 652 1241 1457 1060 1187 1134 473 632 1718 855 1613
600 1727 1318 1096 1159 514 538 1375 751 1324 746 525 1596 1445 858 947 926 1408 1155 846 236 1345 1288 724 860 894 1662 1456 732 894 1783 668 0 671 477 1178 1525 1858 481 886 1475 1235 1294 668 702 658 952 1882 405 1777
1034 2161 1752 1319 1593 955 979 1816 1186 1766 1078 657 2038 1887 187 590 1360 1850 1278 293 712 1787 1722 1196 1294 1157 2104 1898 312 1078 2225 1102 671 0 710 869 1967 2300 329 1320 1909 1677 1728 922 567 1099 1386 2324 345 2218
840 1967 1558 770 1399 761 785 1623 992 1572 1139 976 1844 1693 630 1129 1166 1656 828 532 522 1593 1528 1002 1100 568 1911 1704 791 1343 2032 908 477 710 0 780 1773 2106 538 1126 1715 1483 1534 1120 331 905 1192 2130 442 2025
1541 2669 2259 639 2101 1462 1487 2324 1693 2273 1755 1454 2545 2394 788 1404 1867 2358 582 633 1224 2295 2230 1704 1802 966 2612 2405 1083 1825 2733 1610 1178 869 780 0 2474 2807 1007 1827 2416 2184 2235 1598 727 1607 1893 2831 955 2726
1740 1814 1830 2392 1429 1180 1078 434 1368 299 1309 1841 1011 1386 2154 1993 1572 312 2451 2142 1591 262 1540 852 1646 2190 1046 113 2028 1524 843 1747 1525 1967 1773 2474 0 1035 1815 1393 2121 529 1940 1430 1998 1358 2092 1204 1719 1738
1921 1761 1777 2724 1377 1513 1411 601 1446 760 1641 2173 420 644 2487 2326 1519 954 2783 2474 1912 891 1487 1184 1593 2522 455 966 2361 1856 419 1694 1858 2300 2106 2807 1035 0 2147 1340 2068 1140 1887 1762 2331 1691 2145 169 2052 986
882 2009 1600 1203 1441 802 827 1664 1033 1614 819 519 1886 1734 516 720 1208 1698 1262 495 560 1635 1570 1044 1142 1001 1952 1746 376 889 2073 950 481 329 538 1007 1815 2147 0 1167 1757 1525 1576 663 490 947 1234 2171 120 2066
878 1139 810 1745 554 473 606 1242 317 1192 964 1394 1204 927 1507 1648 418 1276 1803 1495 939 1213 683 675 395 1543 1270 1323 1381 1179 1445 652 886 1320 1126 1827 1393 1340 1167 0 1052 1103 871 1085 1351 467 1103 1364 1072 1259
1468 1160 942 2334 1261 1184 1318 1971 1154 1920 1713 1983 1933 1656 2096 2300 824 2005 2393 2084 1529 1941 1199 1455 937 2132 1999 2052 1970 1928 2174 1241 1475 1909 1715 2416 2121 2068 1757 1052 0 1831 193 1826 1941 1238 1334 2093 1662 1987
1450 1524 1540 2102 1139 890 788 570 1078 520 1019 1551 870 1089 1864 1703 1282 239 2161 1852 1301 299 1250 562 1356 1900 937 582 1738 1234 948 1457 1235 1677 1483 2184 529 1140 1525 1103 1831 0 1650 1140 1709 1068 1802 1309 1430 1449
1287 979 761 2153 1080 1003 1137 1790 973 1739 1532 1802 1751 1475 1915 2119 643 1824 2211 1903 1347 1760 1018 1273 756 1951 1818 1871 1789 1747 1993 1060 1294 1728 1534 2235 1940 1887 1576 871 193 1650 0 1644 1759 1057 1179 1912 1480 1806
1162 1757 1668 1747 1372 676 518 1279 1093 1229 202 493 1501 1350 1109 610 1276 1313 1806 1088 887 1250 1482 615 1350 1545 1567 1361 807 358 1688 1187 668 922 1120 1598 1430 1762 663 1085 1826 1140 1644 0 1073 848 1515 1787 703 1681
1065 2193 1783 995 1625 986 1011 1848 1217 1797 1229 928 2069 1918 499 960 1391 1882 1054 401 748 1819 1754 1228 1326 793 2136 1929 621 1299 2257 1134 702 567 331 727 1998 2331 490 1351 1941 1709 1759 1073 0 1131 1417 2355 415 2250
779 1496 1081 1524 925 227 337 1208 483 1157 791 1167 1429 1278 1287 1411 689 1242 1583 1274 724 1179 1054 588 574 1322 1496 1289 1160 1006 1617 473 658 1099 905 1607 1358 1691 947 467 1238 1068 1057 848 1131 0 913 1715 852 1610
434 1898 1535 1644 1376 1080 1104 1942 1061 1891 1458 1460 2009 1732 1573 1777 1143 1975 1814 1561 966 1912 1505 1321 1077 1189 2075 2023 1447 1673 2250 632 952 1386 1192 1893 2092 2145 1234 1103 1334 1802 1179 1515 1417 913 0 2169 1138 2064
1945 1785 1801 2749 1401 1537 1435 770 1470 929 1666 2197 589 685 2511 2350 1544 1123 2807 2499 1936 1060 1511 1208 1617 2546 624 1135 2385 1881 588 1718 1882 2324 2130 2831 1204 169 2171 1364 2093 1309 1912 1787 2355 1715 2169 0 2076 914
786 1914 1504 1108 1346 707 732 1569 938 1519 859 558 1790 1639 533 736 1112 1603 1167 486 464 1540 1475 949 1047 906 1857 1650 393 929 1978 855 405 345 442 955 1719 2052 120 1072 1662 1430 1480 703 415 852 1138 2076 0 1971
1840 1137 1399 2643 1102 1432 1330 1416 1365 1538 1560 2092 971 664 2406 2245 1438 1622 2702 2393 1831 1559 1202 1103 1512 2441 1005 1669 2280 1775 1129 1613 1777 2218 2025 2726 1738 986 2066 1259 1987 1449 1806 1681 2250 1610 2064 914 1971 0
OSM_IDS: 290670316 3170321150 10724061988 6466543846 745731828 2967144863 29033217 32460269 252510809 572579639 151000244 336284208 60524669 252510037 49973574 731398579 302323231 2092476965 277741710 301828894 145818719 179049965 653475205 12090791110 460426717 13082131646 1365833358 60508466 479016395 385178132 233470422 100017223 1492866049 1145418618 2043955454 313386222 240130389 60477481 2383149680 5884976608 303134592 575011654 301408476 209581303 96514534 29382394 101480634 60477411 5530745502 1247071973
GRAPHML_FILE: data/tsp_dataset/graph_zurich_dist_20000.graphml
EOF