NAME: zurich_50_17
COMMENT: TSP instance with 50 nodes. City: Zurich, Switzerland, Seed: 59
TYPE: TSP
DIMENSION: 50
EDGE_WEIGHT_TYPE: EXPLICIT
EDGE_WEIGHT_FORMAT: FULL_MATRIX
NODE_COORD_SECTION:
1 47.5126336 8.4729764
2 47.4452599 8.631889
3 47.3137026 8.5493883
4 47.3745114 8.5324488
5 47.3570072 8.3588942
6 47.5375758 8.7843895
7 47.3538704 8.5757391
8 47.491206 8.7310576
9 47.3219042 8.5420087
10 47.4441562 8.3300165
11 47.2546465 8.5927992
12 47.4848584 8.5910563
13 47.199056 8.6775756
14 47.4440537 8.3344653
15 47.298515 8.7641878
16 47.4599893 8.638972
17 47.376282 8.4948347
18 47.4906875 8.7128374
19 47.246274 8.7114986
20 47.4813493 8.4571726
21 47.2768937 8.4524351
22 47.4111376 8.6476171
23 47.3663695 8.5639391
24 47.3525628 8.2776345
25 47.5047811 8.5505328
26 47.3834922 8.7149808
27 47.4093167 8.3969299
28 47.5441763 8.78775
29 47.5398505 8.4833112
30 47.4861618 8.4892725
31 47.3517387 8.4385231
32 47.430203 8.566833
33 47.384878 8.7193583
34 47.5022433 8.7375024
35 47.5197598 8.5165594
36 47.3874405 8.3908491
37 47.354435 8.349129
38 47.3579614 8.5194277
39 47.3869531 8.7503412
40 47.3994464 8.5835135
41 47.4698232 8.3332531
42 47.5039785 8.4981046
43 47.3752778 8.5174442
44 47.2712716 8.581158
45 47.2946556 8.3195507
46 47.2845361 8.6741723
47 47.5317947 8.5775307
48 47.3880246 8.4854292
49 47.4886053 8.3355815
50 47.395 8.6003126
EDGE_WEIGHT_SECTION:
0 937 1705 1175 1431 1604 1380 1541 1604 1240 1977 772 2117 1228 1817 1039 1211 1436 2333 301 1701 1100 1274 1892 495 1360 1107 1623 219 361 1261 766 1362 1563 289 1277 1554 1351 1529 1094 1142 170 1248 1876 2101 2002 726 1114 908 1009
937 0 1377 848 1398 1036 1052 768 1276 1385 1649 432 1789 1373 1167 168 986 662 1683 1035 1656 372 945 1859 660 710 1075 1056 972 1009 1228 452 712 828 737 1244 1521 1024 848 613 1396 777 921 1548 2068 1386 792 1041 1586 546
1705 1377 0 546 1038 1922 809 1675 189 1421 572 1330 712 1409 1754 1502 695 1570 1921 1538 949 1234 729 1335 1436 1494 1074 1941 1740 1617 678 1100 1496 1735 1504 1109 997 434 1663 1049 1431 1545 552 420 1514 1612 1778 759 1621 1095
1175 848 546 0 932 1393 354 1145 445 1056 818 801 958 1044 1299 972 256 1040 1466 1020 843 704 267 1229 906 964 796 1412 1210 1087 572 571 966 1206 975 921 891 193 1133 520 1066 1016 118 717 1408 1157 1249 320 1256 568
1431 1398 1038 932 0 2011 1234 1764 937 951 1310 1328 1450 919 2039 1499 973 1658 2345 1179 950 1323 1153 536 1433 1582 542 2030 1593 1282 507 1061 1585 1824 1502 404 199 820 1752 1316 1072 1403 938 1209 847 2036 1776 849 1217 1232
1604 1036 1922 1393 2011 0 1597 572 1821 1998 2194 1101 2334 1987 1709 1005 1531 584 2226 1684 2219 993 1488 2473 1266 1119 1688 86 1592 1700 1841 1185 1086 454 1399 1858 2135 1569 1097 1182 2009 1483 1466 2093 2682 1929 998 1587 2199 1076
1380 1052 809 354 1234 1597 0 1350 695 1377 1120 1005 1260 1365 945 1177 586 1245 1145 1231 1145 909 192 1531 1111 977 1118 1616 1415 1292 873 775 979 1410 1179 1243 1193 450 1146 724 1388 1220 448 1019 1709 803 1453 650 1578 651
1541 768 1675 1145 1764 572 1350 0 1574 1751 1947 971 2087 1739 1462 736 1284 162 1978 1437 1972 746 1241 2225 1267 872 1441 591 1572 1453 1594 938 839 177 1341 1610 1887 1322 850 935 1762 1382 1219 1846 2434 1682 1008 1339 1952 828
1604 1276 189 445 937 1821 695 1574 0 1320 680 1230 820 1308 1640 1401 594 1469 1807 1438 848 1133 615 1235 1335 1393 974 1841 1639 1516 577 1000 1395 1635 1404 1008 897 334 1562 948 1330 1444 451 532 1413 1498 1678 658 1521 986
1240 1385 1421 1056 951 1998 1377 1751 1320 0 1693 1316 1833 64 2027 1487 974 1646 2498 989 1332 1310 1290 1282 1421 1570 471 2018 1403 1146 892 1048 1572 1812 1384 683 1142 1171 1739 1304 356 1212 1014 1592 1725 2180 1764 849 504 1219
1977 1649 572 818 1310 2194 1120 1947 680 1693 0 1603 477 1681 2064 1774 967 1842 2232 1811 1221 1506 1040 1608 1708 1766 1347 2214 2012 1889 950 1373 1768 2008 1777 1381 1270 707 1935 1321 1703 1817 824 201 1786 1922 2051 1031 1894 1370
772 432 1330 801 1328 1101 1005 971 1230 1316 1603 0 1742 1304 1442 404 939 837 1959 876 1599 726 900 1790 412 986 1005 1120 807 809 1158 392 988 1001 572 1175 1452 977 1154 720 1326 613 874 1501 1999 1628 448 995 1516 635
2117 1789 712 958 1450 2334 1260 2087 820 1833 477 1742 0 1821 2204 1914 1107 1982 2372 1951 1305 1646 1179 1747 1848 1906 1487 2354 2152 2029 1090 1513 1908 2147 1917 1521 1410 846 2075 1461 1843 1957 964 606 1926 2062 2191 1171 2034 1510
1228 1373 1409 1044 919 1987 1365 1739 1308 64 1681 1304 1821 0 2015 1475 962 1634 2486 977 1321 1298 1278 1255 1409 1558 439 2006 1391 1134 880 1036 1560 1800 1372 651 1115 1159 1727 1292 344 1200 1002 1580 1713 2168 1752 837 492 1207
1817 1167 1754 1299 2039 1709 945 1462 1640 2027 2064 1442 2204 2015 0 1334 1531 1357 687 1712 2089 906 1137 2475 1548 686 1716 1729 1852 1728 1817 1213 673 1523 1616 1886 2137 1395 773 1210 2037 1657 1392 1963 2654 598 1890 1595 2227 1104
1039 168 1502 972 1499 1005 1177 736 1401 1487 1774 404 1914 1475 1334 0 1111 631 1851 1137 1770 540 1071 1961 762 878 1176 1024 1074 1110 1330 563 877 796 838 1346 1623 1148 898 781 1498 879 1046 1673 2170 1554 764 1166 1688 714
1211 986 695 256 973 1531 586 1284 594 974 967 939 1107 962 1531 1111 0 1179 1698 960 992 843 501 1270 1045 1103 679 1550 1349 1073 520 699 1105 1344 1113 840 932 322 1272 658 985 1154 184 866 1479 1389 1387 177 1175 706
1436 662 1570 1040 1658 584 1245 162 1469 1646 1842 837 1982 1634 1357 631 1179 0 1873 1331 1867 640 1135 2120 1165 766 1335 603 1470 1348 1489 832 733 229 1236 1505 1782 1216 745 829 1657 1276 1114 1741 2329 1576 904 1234 1847 723
2333 1683 1921 1466 2345 2226 1145 1978 1807 2498 2232 1959 2372 2486 687 1851 1698 1873 0 2228 2257 1422 1337 2643 2064 1202 2231 2245 2368 2245 1985 1729 1189 2039 2133 2363 2305 1562 1289 1527 2508 2173 1560 2130 2821 480 2407 1762 2698 1412
301 1035 1538 1020 1179 1684 1231 1437 1438 989 1811 876 1951 977 1712 1137 960 1331 2228 0 1450 996 1120 1641 599 1255 856 1703 464 207 1010 734 1258 1497 445 1026 1303 1189 1425 989 891 273 1031 1710 1850 1898 869 863 769 905
1701 1656 949 843 950 2219 1145 1972 848 1332 1221 1599 1305 1321 2089 1770 992 1867 2257 1450 0 1531 1064 1247 1704 1791 986 2239 1864 1553 566 1331 1793 2033 1773 1021 887 732 1960 1346 1343 1673 849 1120 822 1947 2047 1056 1533 1395
1100 372 1234 704 1323 993 909 746 1133 1310 1506 726 1646 1298 906 540 843 640 1422 996 1531 0 799 1784 831 450 999 1012 1135 1012 1153 496 452 806 900 1169 1446 881 619 493 1321 941 778 1405 1993 1126 1164 898 1511 387
1274 945 729 267 1153 1488 192 1241 615 1290 1040 900 1179 1278 1137 1071 501 1135 1337 1120 1064 799 0 1451 1005 1040 1030 1507 1309 1186 793 670 1042 1301 1074 1156 1113 370 1209 606 1301 1114 363 938 1629 995 1348 565 1491 514
1892 1859 1335 1229 536 2473 1531 2225 1235 1282 1608 1790 1747 1255 2475 1961 1270 2120 2643 1641 1247 1784 1451 0 1895 2044 1078 2492 2055 1744 804 1522 2046 2286 1964 941 422 1118 2213 1732 1275 1864 1235 1506 515 2333 2238 1299 1301 1693
495 660 1436 906 1433 1266 1111 1267 1335 1421 1708 412 1848 1409 1548 762 1045 1165 2064 599 1704 831 1005 1895 0 1091 1110 1285 509 531 1264 497 1093 1225 295 1280 1557 1082 1260 825 1420 335 980 1607 2104 1734 389 1100 1289 740
1360 710 1494 964 1582 1119 977 872 1393 1570 1766 986 1906 1558 686 878 1103 766 1202 1255 1791 450 1040 2044 1091 0 1259 1138 1395 1272 1413 756 45 932 1160 1429 1706 1140 226 753 1581 1200 1037 1665 2253 906 1417 1158 1771 647
1107 1075 1074 796 542 1688 1118 1441 974 471 1347 1005 1487 439 1716 1176 679 1335 2231 856 986 999 1030 1078 1110 1259 0 1707 1270 959 546 738 1262 1501 1179 292 740 857 1429 993 606 1079 750 1245 1371 1902 1453 520 796 909
1623 1056 1941 1412 2030 86 1616 591 1841 2018 2214 1120 2354 2006 1729 1024 1550 603 2245 1703 2239 1012 1507 2492 1285 1138 1707 0 1611 1720 1861 1204 1105 473 1418 1877 2154 1588 1117 1201 2028 1503 1485 2113 2701 1948 1017 1606 2219 1095
219 972 1740 1210 1593 1592 1415 1572 1639 1403 2012 807 2152 1391 1852 1074 1349 1470 2368 464 1864 1135 1309 2055 509 1395 1270 1611 0 524 1424 801 1398 1551 277 1440 1717 1387 1565 1129 1305 283 1284 1911 2264 2038 715 1276 1124 1045
361 1009 1617 1087 1282 1700 1292 1453 1516 1146 1889 809 2029 1134 1728 1110 1073 1348 2245 207 1553 1012 1186 1744 531 1272 959 1720 524 0 1113 682 1274 1514 485 1129 1406 1263 1441 1006 1048 319 1143 1788 1953 1914 901 976 976 921
1261 1228 678 572 507 1841 873 1594 577 892 950 1158 1090 880 1817 1330 520 1489 1985 1010 566 1153 793 804 1264 1413 546 1861 1424 1113 0 891 1415 1654 1332 522 466 460 1582 1075 903 1233 574 849 1013 1676 1607 549 1093 1062
766 452 1100 571 1061 1185 775 938 1000 1048 1373 392 1513 1036 1213 563 699 832 1729 734 1331 496 670 1522 497 756 738 1204 801 682 891 0 759 998 566 907 1184 747 926 418 1059 606 644 1271 1731 1399 840 754 1249 406
1362 712 1496 966 1585 1086 979 839 1395 1572 1768 988 1908 1560 673 877 1105 733 1189 1258 1793 452 1042 2046 1093 45 1262 1105 1398 1274 1415 759 0 899 1162 1431 1708 1143 193 756 1583 1203 1040 1667 2255 893 1384 1160 1773 649
1563 828 1735 1206 1824 454 1410 177 1635 1812 2008 1001 2147 1800 1523 796 1344 229 2039 1497 2033 806 1301 2286 1225 932 1501 473 1551 1514 1654 998 899 0 1358 1671 1948 1382 911 995 1822 1426 1279 1906 2495 1742 957 1400 2012 889
289 737 1504 975 1502 1399 1179 1341 1404 1384 1777 572 1917 1372 1616 838 1113 1236 2133 445 1773 900 1074 1964 295 1160 1179 1418 277 485 1332 566 1162 1358 0 1349 1626 1151 1329 894 1286 182 1048 1676 2173 1802 522 1169 1136 809
1277 1244 1109 921 404 1858 1243 1610 1008 683 1381 1175 1521 651 1886 1346 840 1505 2363 1026 1021 1169 1156 941 1280 1429 292 1877 1440 1129 522 907 1431 1671 1349 0 603 891 1598 1163 818 1249 880 1280 1251 2046 1623 695 1008 1079
1554 1521 997 891 199 2135 1193 1887 897 1142 1270 1452 1410 1115 2137 1623 932 1782 2305 1303 887 1446 1113 422 1557 1706 740 2154 1717 1406 466 1184 1708 1948 1626 603 0 780 1875 1395 1186 1526 897 1168 717 1996 1900 961 1220 1355
1351 1024 434 193 820 1569 450 1322 334 1171 707 977 846 1159 1395 1148 322 1216 1562 1189 732 881 370 1118 1082 1140 857 1588 1387 1263 460 747 1143 1382 1151 891 780 0 1310 696 1182 1192 199 605 1296 1253 1425 406 1372 737
1529 848 1663 1133 1752 1097 1146 850 1562 1739 1935 1154 2075 1727 773 898 1272 745 1289 1425 1960 619 1209 2213 1260 226 1429 1117 1565 1441 1582 926 193 911 1329 1598 1875 1310 0 923 1750 1370 1207 1834 2422 978 1395 1327 1940 816
1094 613 1049 520 1316 1182 724 935 948 1304 1321 720 1461 1292 1210 781 658 829 1527 989 1346 493 606 1732 825 753 993 1201 1129 1006 1075 418 756 995 894 1163 1395 696 923 0 1314 934 593 1220 1911 1185 1168 714 1505 147
1142 1396 1431 1066 1072 2009 1388 1762 1330 356 1703 1326 1843 344 2037 1498 985 1657 2508 891 1343 1321 1301 1275 1420 1581 606 2028 1305 1048 903 1059 1583 1822 1286 818 1186 1182 1750 1314 0 1114 1025 1602 1743 2191 1710 860 395 1230
170 777 1545 1016 1403 1483 1220 1382 1444 1212 1817 613 1957 1200 1657 879 1154 1276 2173 273 1673 941 1114 1864 335 1200 1079 1503 283 319 1233 606 1203 1426 182 1249 1526 1192 1370 934 1114 0 1089 1716 2073 1843 606 1086 964 850
1248 921 552 118 938 1466 448 1219 451 1014 824 874 964 1002 1392 1046 184 1114 1560 1031 849 778 363 1235 980 1037 750 1485 1284 1143 574 644 1040 1279 1048 880 897 199 1207 593 1025 1089 0 723 1413 1251 1322 248 1215 641
1876 1548 420 717 1209 2093 1019 1846 532 1592 201 1501 606 1580 1963 1673 866 1741 2130 1710 1120 1405 938 1506 1607 1665 1245 2113 1911 1788 849 1271 1667 1906 1676 1280 1168 605 1834 1220 1602 1716 723 0 1685 1821 1950 930 1793 1268
2101 2068 1514 1408 847 2682 1709 2434 1413 1725 1786 1999 1926 1713 2654 2170 1479 2329 2821 1850 822 1993 1629 515 2104 2253 1371 2701 2264 1953 1013 1731 2255 2495 2173 1251 717 1296 2422 1911 1743 2073 1413 1685 0 2512 2447 1508 1817 1902
2002 1386 1612 1157 2036 1929 803 1682 1498 2180 1922 1628 2062 2168 598 1554 1389 1576 480 1898 1947 1126 995 2333 1734 906 1902 1948 2038 1914 1676 1399 893 1742 1802 2046 1996 1253 978 1185 2191 1843 1251 1821 2512 0 2076 1453 2381 1070
726 792 1778 1249 1776 998 1453 1008 1678 1764 2051 448 2191 1752 1890 764 1387 904 2407 869 2047 1164 1348 2238 389 1417 1453 1017 715 901 1607 840 1384 957 522 1623 1900 1425 1395 1168 1710 606 1322 1950 2447 2076 0 1443 1560 1083
1114 1041 759 320 849 1587 650 1339 658 849 1031 995 1171 837 1595 1166 177 1234 1762 863 1056 898 565 1299 1100 1158 520 1606 1276 976 549 754 1160 1400 1169 695 961 406 1327 714 860 1086 248 930 1508 1453 1443 0 1050 762
908 1586 1621 1256 1217 2199 1578 1952 1521 504 1894 1516 2034 492 2227 1688 1175 1847 2698 769 1533 1511 1491 1301 1289 1771 796 2219 1124 976 1093 1249 1773 2012 1136 1008 1220 1372 1940 1505 395 964 1215 1793 1817 2381 1560 1050 0 1420
1009 546 1095 568 1232 1076 651 828 986 1219 1370 635 1510 1207 1104 714 706 723 1412 905 1395 387 514 1693 740 647 909 1095 1045 921 1062 406 649 889 809 1079 1355 737 816 147 1230 850 641 1268 1902 1070 1083 762 1420 0
OSM_IDS: 298259418 97883175 3634675533 27256986 158730398 432506605 27429337 25428849 6587517173 1049078942 6593460673 430675941 240351949 534451675 260287420 114289494 104288418 963258559 34191011 457829076 442353472 99206037 36261783 274283328 97554101 99171832 318217354 431401177 99360813 106179306 534783560 146928647 1389044119 25429439 101074884 2724262956 401545212 12090791110 299330585 561218577 1297367408 442931322 150536175 60548653 1132796095 2507646819 13432360415 775936232 318694487 678900684
GRAPHML_FILE: data/tsp_dataset/graph_zurich_dist_20000.graphml
EOF