NAME: zurich_10_19
COMMENT: TSP instance with 10 nodes. City: Zurich, Switzerland, Seed: 61
TYPE: TSP
DIMENSION: 10
EDGE_WEIGHT_TYPE: EXPLICIT
EDGE_WEIGHT_FORMAT: FULL_MATRIX
NODE_COORD_SECTION:
1 47.4102285 8.727387
2 47.3156042 8.7888977
3 47.4122574 8.546499
4 47.4446878 8.4389
5 47.3197153 8.5206738
6 47.3944991 8.4520852
7 47.316277 8.5838279
8 47.5183598 8.5932475
9 47.4320915 8.3443133
10 47.4038369 8.3108424
EDGE_WEIGHT_SECTION:
0 844 903 1310 1493 1469 1448 1142 1648 2096
844 0 1152 1559 1742 1718 1110 1631 1897 2345
903 1152 0 674 804 811 914 834 1026 1474
1310 1559 674 0 1252 830 1434 1217 698 1291
1493 1742 804 1252 0 889 983 1490 1341 1354
1469 1718 811 830 889 0 1153 1375 795 1243
1448 1110 914 1434 983 1153 0 1602 1600 1842
1142 1631 834 1217 1490 1375 1602 0 1555 2003
1648 1897 1026 698 1341 795 1600 1555 0 850
2096 2345 1474 1291 1354 1243 1842 2003 850 0
OSM_IDS: 8448393858 263343836 292142095 462121263 420086167 462237409 27598467 6760510189 698857993 713562934
GRAPHML_FILE: data/tsp_dataset/graph_zurich_dist_20000.graphml
EOF