NAME: zurich_10_7
COMMENT: TSP instance with 10 nodes. City: Zurich, Switzerland, Seed: 49
TYPE: TSP
DIMENSION: 10
EDGE_WEIGHT_TYPE: EXPLICIT
EDGE_WEIGHT_FORMAT: FULL_MATRIX
NODE_COORD_SECTION:
1 47.3151042 8.5244257
2 47.4429005 8.619212
3 47.2869973 8.7116996
4 47.3900879 8.5372806
5 47.2995326 8.5959987
6 47.317365 8.5258903
7 47.2497982 8.7567519
8 47.3671311 8.5659179
9 47.5345558 8.3863237
10 47.2258304 8.5263111
EDGE_WEIGHT_SECTION:
0 1281 1492 653 1159 45 1910 720 2129 827
1281 0 1324 701 1482 1303 1654 924 1789 2031
1492 1324 0 1133 817 1513 441 910 2659 2241
653 701 1133 0 865 675 1552 319 1696 1403
1159 1482 817 865 0 1180 1044 708 2528 1908
45 1303 1513 675 1180 0 1932 742 2164 861
1910 1654 441 1552 1044 1932 0 1328 2988 2660
720 924 910 319 708 742 1328 0 1960 1470
2129 1789 2659 1696 2528 2164 2988 1960 0 2548
827 2031 2241 1403 1908 861 2660 1470 2548 0
OSM_IDS: 84522504 576146458 1493170942 109638376 463742438 13034313578 60031650 36257855 378248346 240027053
GRAPHML_FILE: data/tsp_dataset/graph_zurich_dist_20000.graphml
EOF