NAME: zurich_10_15
COMMENT: TSP instance with 10 nodes. City: Zurich, Switzerland, Seed: 57
TYPE: TSP
DIMENSION: 10
EDGE_WEIGHT_TYPE: EXPLICIT
EDGE_WEIGHT_FORMAT: FULL_MATRIX
NODE_COORD_SECTION:
1 47.2447966 8.7392778
2 47.3131992 8.3879001
3 47.3959095 8.6132062
4 47.4760249 8.294232
5 47.3907282 8.4195037
6 47.4094748 8.5588164
7 47.3535147 8.3828753
8 47.3708058 8.3812207
9 47.3853127 8.5371441
10 47.4003758 8.6193937
EDGE_WEIGHT_SECTION:
0 2357 1342 2592 2098 1684 2222 2342 1583 1389
2357 0 1430 1361 696 1337 406 625 1211 1406
1342 1430 0 1344 846 385 1268 1091 467 91
2592 1361 1344 0 777 1282 1199 1022 1214 1319
2098 696 846 777 0 785 509 332 723 822
1684 1337 385 1282 785 0 1202 1029 250 360
2222 406 1268 1199 509 1202 0 233 1072 1244
2342 625 1091 1022 332 1029 233 0 967 1067
1583 1211 467 1214 723 250 1072 967 0 444
1389 1406 91 1319 822 360 1244 1067 444 0
OSM_IDS: 35633882 857421711 26652946 298692321 462243181 5456938024 413979911 1988148594 1043342322 26730577
GRAPHML_FILE: data/tsp_dataset/graph_zurich_dist_20000.graphml
EOF