NAME: zurich_10_5
COMMENT: TSP instance with 10 nodes. City: Zurich, Switzerland, Seed: 47
TYPE: TSP
DIMENSION: 10
EDGE_WEIGHT_TYPE: EXPLICIT
EDGE_WEIGHT_FORMAT: FULL_MATRIX
NODE_COORD_SECTION:
1 47.4044931 8.5566525
2 47.3396616 8.528608
3 47.2490342 8.5315581
4 47.3657547 8.7924388
5 47.2327923 8.6567093
6 47.3002029 8.4511073
7 47.4985742 8.4096763
8 47.3884793 8.2922095
9 47.4193787 8.3162778
10 47.3569192 8.5291883
EDGE_WEIGHT_SECTION:
0 701 1408 1027 1230 1066 1102 1636 1415 551
701 0 863 1613 706 683 1650 1252 1300 238
1408 863 0 2320 936 648 2074 1660 1708 1011
1027 1613 2320 0 2142 1978 1837 2415 2150 1463
1230 706 936 2142 0 1172 2155 1742 1789 832
1066 683 648 1978 1172 0 1596 1183 1230 668
1102 1650 2074 1837 2155 1596 0 1544 1172 1500
1636 1252 1660 2415 1742 1183 1544 0 372 1238
1415 1300 1708 2150 1789 1230 1172 372 0 1286
551 238 1011 1463 832 668 1500 1238 1286 0
OSM_IDS: 656154176 73225517 1744841489 2902781550 572055128 324284244 13251383333 1133799599 1204578803 34191955
GRAPHML_FILE: data/tsp_dataset/graph_zurich_dist_20000.graphml
EOF