NAME: zurich_10_20
COMMENT: TSP instance with 10 nodes. City: Zurich, Switzerland, Seed: 62
TYPE: TSP
DIMENSION: 10
EDGE_WEIGHT_TYPE: EXPLICIT
EDGE_WEIGHT_FORMAT: FULL_MATRIX
NODE_COORD_SECTION:
1 47.4391094 8.6969992
2 47.2777285 8.6282339
3 47.3654657 8.3789312
4 47.2922706 8.7143262
5 47.2094114 8.7962416
6 47.4018257 8.3072878
7 47.3663277 8.7781101
8 47.4274372 8.76993
9 47.4608731 8.317553
10 47.3802242 8.6601605
EDGE_WEIGHT_SECTION:
0 1500 1278 1137 2353 1819 731 703 1347 602
1500 0 1929 525 2536 2236 1170 1494 1991 1067
1278 1929 0 1948 2184 792 1674 1775 901 1459
1137 525 1948 0 2563 2263 776 1135 2010 805
2353 2536 2184 2563 0 2437 2749 2850 2423 2506
1819 2236 792 2263 2437 0 2215 2316 772 2000
731 1170 1674 776 2749 2215 0 539 1743 592
703 1494 1775 1135 2850 2316 539 0 1843 840
1347 1991 901 2010 2423 772 1743 1843 0 1528
602 1067 1459 805 2506 2000 592 840 1528 0
OSM_IDS: 256507810 81537373 308296489 4090741556 448443937 685687157 254588870 12153965864 267900558 243094618
GRAPHML_FILE: data/tsp_dataset/graph_zurich_dist_20000.graphml
EOF