NAME: zurich_10_2
COMMENT: TSP instance with 10 nodes. City: Zurich, Switzerland, Seed: 44
TYPE: TSP
DIMENSION: 10
EDGE_WEIGHT_TYPE: EXPLICIT
EDGE_WEIGHT_FORMAT: FULL_MATRIX
NODE_COORD_SECTION:
1 47.2679766 8.3075424
2 47.2162172 8.5736908
3 47.254448 8.7952841
4 47.2018614 8.7923198
5 47.5215311 8.3301689
6 47.3211049 8.3808532
7 47.2706706 8.716597
8 47.3321278 8.7127347
9 47.2162755 8.5738842
10 47.5118199 8.6951648
EDGE_WEIGHT_SECTION:
0 1571 2973 2656 2426 752 2683 2671 1571 2652
1571 0 2508 1307 2425 1290 2218 2219 3 2203
2973 2508 0 3025 2790 2338 452 749 2508 1829
2656 1307 3025 0 2942 2021 2735 2737 1307 2720
2426 2425 2790 2942 0 1674 2656 2203 2425 2164
752 1290 2338 2021 1674 0 2048 1921 1290 1900
2683 2218 452 2735 2656 2048 0 570 2218 1694
2671 2219 749 2737 2203 1921 570 0 2219 1241
1571 3 2508 1307 2425 1290 2218 2219 0 2203
2652 2203 1829 2720 2164 1900 1694 1241 2203 0
OSM_IDS: 1463070044 120256948 260648511 1064604959 298922738 412136312 27798251 298605067 120256946 25428467
GRAPHML_FILE: data/tsp_dataset/graph_zurich_dist_20000.graphml
EOF