NAME: zurich_10_27
COMMENT: TSP instance with 10 nodes. City: Zurich, Switzerland, Seed: 69
TYPE: TSP
DIMENSION: 10
EDGE_WEIGHT_TYPE: EXPLICIT
EDGE_WEIGHT_FORMAT: FULL_MATRIX
NODE_COORD_SECTION:
1 47.2012313 8.7934876
2 47.5099444 8.4761079
3 47.4752206 8.4501355
4 47.3344256 8.5163632
5 47.3988047 8.6004135
6 47.2570707 8.683399
7 47.3265332 8.5775691
8 47.4990595 8.7078259
9 47.4007317 8.3936618
10 47.409972 8.4045184
EDGE_WEIGHT_SECTION:
0 2710 2535 1526 2116 2811 2028 2654 2038 2105
2710 0 381 1480 970 2310 1603 1497 1202 1095
2535 381 0 1309 857 2197 1447 1386 922 815
1526 1480 1309 0 886 1581 799 1425 910 977
2116 970 857 886 0 1394 929 772 961 853
2811 2310 2197 1581 1394 0 843 1938 2115 2057
2028 1603 1447 799 929 843 0 1548 1333 1274
2654 1497 1386 1425 772 1938 1548 0 1489 1382
2038 1202 922 910 961 2115 1333 1489 0 190
2105 1095 815 977 853 2057 1274 1382 190 0
OSM_IDS: 33327306 101483398 249695333 84506404 582465227 470246101 1509481985 4115297999 1696047652 2001397773
GRAPHML_FILE: data/tsp_dataset/graph_zurich_dist_20000.graphml
EOF