NAME: zurich_10_3
COMMENT: TSP instance with 10 nodes. City: Zurich, Switzerland, Seed: 45
TYPE: TSP
DIMENSION: 10
EDGE_WEIGHT_TYPE: EXPLICIT
EDGE_WEIGHT_FORMAT: FULL_MATRIX
NODE_COORD_SECTION:
1 47.3593925 8.3694809
2 47.3746636 8.545873
3 47.4591197 8.4351996
4 47.2984217 8.4519883
5 47.4342547 8.7189393
6 47.5332232 8.5766962
7 47.2287226 8.4966738
8 47.384952 8.4780492
9 47.4383689 8.6237647
10 47.4856701 8.440287
EDGE_WEIGHT_SECTION:
0 957 1110 805 1581 1757 1218 895 1399 1307
957 0 918 844 924 1191 1247 436 717 1115
1110 918 0 1302 1205 1116 1715 863 1023 438
805 844 1302 0 1720 1949 645 975 1513 1498
1581 924 1205 1720 0 1185 2123 1204 656 1402
1757 1191 1116 1949 1185 0 2362 1471 937 1002
1218 1247 1715 645 2123 2362 0 1402 1916 1912
895 436 863 975 1204 1471 1402 0 996 1059
1399 717 1023 1513 656 937 1916 996 0 1220
1307 1115 438 1498 1402 1002 1912 1059 1220 0
OSM_IDS: 370135094 1586370783 7021571446 324343349 96674486 440364677 532325933 27005682 93548109 6549135236
GRAPHML_FILE: data/tsp_dataset/graph_zurich_dist_20000.graphml
EOF