NAME: zurich_10_1
COMMENT: TSP instance with 10 nodes. City: Zurich, Switzerland, Seed: 43
TYPE: TSP
DIMENSION: 10
EDGE_WEIGHT_TYPE: EXPLICIT
EDGE_WEIGHT_FORMAT: FULL_MATRIX
NODE_COORD_SECTION:
1 47.2596627 8.6945336
2 47.5194994 8.7885507
3 47.3457364 8.6012544
4 47.301672 8.5219519
5 47.3123539 8.3928125
6 47.5044965 8.5413847
7 47.5048594 8.3720967
8 47.2345254 8.7581062
9 47.3783115 8.5417017
10 47.2695786 8.3380768
EDGE_WEIGHT_SECTION:
0 2152 864 1847 2215 1900 2617 472 1339 2675
2152 0 1675 1936 2239 1361 2215 2293 1352 2761
864 1675 0 1023 1391 1248 1924 1084 498 1851
1847 1936 1023 0 957 1359 1984 2083 598 1438
2215 2239 1391 957 0 1571 1840 2452 967 674
1900 1361 1248 1359 1571 0 984 2041 775 2100
2617 2215 1924 1984 1840 984 0 2757 1454 2368
472 2293 1084 2083 2452 2041 2757 0 1558 2912
1339 1352 498 598 967 775 1454 1558 0 1426
2675 2761 1851 1438 674 2100 2368 2912 1426 0
OSM_IDS: 34094668 408765977 209574855 3912972128 911469796 101493285 2844853306 9527494114 26114488 1789644926
GRAPHML_FILE: data/tsp_dataset/graph_zurich_dist_20000.graphml
EOF