NAME: zurich_10_13
COMMENT: TSP instance with 10 nodes. City: Zurich, Switzerland, Seed: 55
TYPE: TSP
DIMENSION: 10
EDGE_WEIGHT_TYPE: EXPLICIT
EDGE_WEIGHT_FORMAT: FULL_MATRIX
NODE_COORD_SECTION:
1 47.4630474 8.6160261
2 47.4992918 8.4594165
3 47.2727462 8.6777881
4 47.4563022 8.7900469
5 47.4053123 8.7202278
6 47.4548383 8.2809235
7 47.1982012 8.4800827
8 47.5108618 8.5160274
9 47.4042482 8.5619389
10 47.431883 8.2946827
EDGE_WEIGHT_SECTION:
0 887 1687 1198 761 1370 2000 618 534 1590
887 0 2137 1913 1460 1164 2033 304 925 1384
1687 2137 0 1717 1150 2350 2461 1869 1390 2569
1198 1913 1717 0 588 2158 2725 1644 1231 2378
761 1460 1150 588 0 1704 2272 1191 777 1924
1370 1164 2350 2158 1704 0 1786 1377 1170 291
2000 2033 2461 2725 2272 1786 0 2123 1560 1929
618 304 1869 1644 1191 1377 2123 0 657 1597
534 925 1390 1231 777 1170 1560 657 0 1390
1590 1384 2569 2378 1924 291 1929 1597 1390 0
OSM_IDS: 99901006 276320570 227540129 437154988 96515505 266285247 433559791 99337793 655246225 5046541417
GRAPHML_FILE: data/tsp_dataset/graph_zurich_dist_20000.graphml
EOF