NAME: zurich_10_14
COMMENT: TSP instance with 10 nodes. City: Zurich, Switzerland, Seed: 56
TYPE: TSP
DIMENSION: 10
EDGE_WEIGHT_TYPE: EXPLICIT
EDGE_WEIGHT_FORMAT: FULL_MATRIX
NODE_COORD_SECTION:
1 47.4954531 8.7327103
2 47.3414143 8.5304866
3 47.5348682 8.5708697
4 47.2158528 8.6636776
5 47.4967108 8.2768107
6 47.5233389 8.5462747
7 47.3531286 8.3077043
8 47.48109 8.4916048
9 47.2094832 8.5435127
10 47.2696936 8.4289019
EDGE_WEIGHT_SECTION:
0 1471 1016 2021 2045 1159 2055 1381 2397 1907
1471 0 1549 701 1558 1326 1008 1323 1077 728
1016 1549 0 2099 1924 317 2042 790 2476 1957
2021 701 2099 0 2044 1876 1494 1873 746 1213
2045 1558 1924 2044 0 1682 1446 1351 2346 1544
1159 1326 317 1876 1682 0 1819 548 2253 1734
2055 1008 2042 1494 1446 1819 0 1487 1796 934
1381 1323 790 1873 1351 548 1487 0 2203 1402
2397 1077 2476 746 2346 2253 1796 2203 0 906
1907 728 1957 1213 1544 1734 934 1402 906 0
OSM_IDS: 25429099 5135540071 432832692 1618768240 303131797 101106827 989429075 91197010 517896481 321571143
GRAPHML_FILE: data/tsp_dataset/graph_zurich_dist_20000.graphml
EOF