NAME: zurich_10_28
COMMENT: TSP instance with 10 nodes. City: Zurich, Switzerland, Seed: 70
TYPE: TSP
DIMENSION: 10
EDGE_WEIGHT_TYPE: EXPLICIT
EDGE_WEIGHT_FORMAT: FULL_MATRIX
NODE_COORD_SECTION:
1 47.3722717 8.5117835
2 47.5487953 8.7164985
3 47.3098634 8.7244047
4 47.2747726 8.6345922
5 47.454223 8.2857637
6 47.264627 8.6798885
7 47.4050935 8.5652359
8 47.2005769 8.5142202
9 47.4480415 8.581878
10 47.3017846 8.3088377
EDGE_WEIGHT_SECTION:
0 1491 1308 1203 1142 1472 485 1375 734 1512
1491 0 1612 2124 2052 2151 1126 2671 1196 2675
1308 1612 0 688 2036 627 1109 2435 1179 2572
1203 2124 688 0 2173 365 1337 2330 1585 2467
1142 2052 2036 2173 0 2442 1225 1890 1204 1455
1472 2151 627 365 2442 0 1533 2599 1685 2737
485 1126 1109 1337 1225 1533 0 1665 369 1803
1375 2671 2435 2330 1890 2599 1665 0 1885 1414
734 1196 1179 1585 1204 1685 369 1885 0 1827
1512 2675 2572 2467 1455 2737 1803 1414 1827 0
OSM_IDS: 130117654 421921330 3624364776 2509535557 162787496 463216538 107122135 240036728 291977335 1476534004
GRAPHML_FILE: data/tsp_dataset/graph_zurich_dist_20000.graphml
EOF