NAME: zurich_10_4
COMMENT: TSP instance with 10 nodes. City: Zurich, Switzerland, Seed: 46
TYPE: TSP
DIMENSION: 10
EDGE_WEIGHT_TYPE: EXPLICIT
EDGE_WEIGHT_FORMAT: FULL_MATRIX
NODE_COORD_SECTION:
1 47.4276468 8.6915344
2 47.4688907 8.3160197
3 47.2616483 8.6974104
4 47.4320794 8.7047049
5 47.2680532 8.4851113
6 47.3849605 8.5270301
7 47.4047246 8.5950126
8 47.4366383 8.6294523
9 47.4187433 8.4258068
10 47.2315631 8.6637095
EDGE_WEIGHT_SECTION:
0 1524 1450 164 1920 883 494 408 1098 1809
1524 0 2433 1442 1528 1033 1123 1392 757 1802
1450 2433 0 1451 2376 1528 1384 1497 2028 2265
164 1442 1451 0 1838 801 412 494 1016 1727
1920 1528 2376 1838 0 1182 1519 1770 1293 1222
883 1033 1528 801 1182 0 482 733 775 1071
494 1123 1384 412 1519 482 0 363 697 1407
408 1392 1497 494 1770 733 363 0 967 1658
1098 757 2028 1016 1293 775 697 967 0 1567
1809 1802 2265 1727 1222 1071 1407 1658 1567 0
OSM_IDS: 94938711 1306012559 34183808 301457327 233363887 29382411 28499476 92301669 461748078 60504425
GRAPHML_FILE: data/tsp_dataset/graph_zurich_dist_20000.graphml
EOF