NAME: zurich_10_25
COMMENT: TSP instance with 10 nodes. City: Zurich, Switzerland, Seed: 67
TYPE: TSP
DIMENSION: 10
EDGE_WEIGHT_TYPE: EXPLICIT
EDGE_WEIGHT_FORMAT: FULL_MATRIX
NODE_COORD_SECTION:
1 47.4438767 8.6232749
2 47.498635 8.5955866
3 47.266794 8.3125007
4 47.487995 8.5932297
5 47.5107537 8.6957244
6 47.5291723 8.7310348
7 47.3537446 8.7100038
8 47.2289648 8.344465
9 47.4596606 8.3284655
10 47.2829172 8.7178181
EDGE_WEIGHT_SECTION:
0 512 2182 453 816 990 753 2221 1289 1350
512 0 2266 87 686 888 1126 2305 1373 1722
2182 2266 0 2179 2561 2735 2437 497 1833 2565
453 87 2179 0 705 974 1039 2218 1286 1636
816 686 2561 705 0 327 1005 2538 1668 1602
990 888 2735 974 327 0 1179 2712 1842 1776
753 1126 2437 1039 1005 1179 0 2413 1544 641
2221 2305 497 2218 2538 2712 2413 0 1872 2526
1289 1373 1833 1286 1668 1842 1544 1872 0 2110
1350 1722 2565 1636 1602 1776 641 2526 2110 0
OSM_IDS: 94811411 115081745 1463069860 4402549840 1531620819 354928830 1724426830 6984567537 385066145 281625185
GRAPHML_FILE: data/tsp_dataset/graph_zurich_dist_20000.graphml
EOF