NAME: zurich_10_10
COMMENT: TSP instance with 10 nodes. City: Zurich, Switzerland, Seed: 52
TYPE: TSP
DIMENSION: 10
EDGE_WEIGHT_TYPE: EXPLICIT
EDGE_WEIGHT_FORMAT: FULL_MATRIX
NODE_COORD_SECTION:
1 47.3485762 8.7261691
2 47.2296856 8.6705983
3 47.4122291 8.4639416
4 47.5261125 8.5443336
5 47.2943962 8.3579983
6 47.5494696 8.7390518
7 47.4030679 8.4048732
8 47.4989749 8.4551374
9 47.3421707 8.4829274
10 47.3986853 8.6046741
EDGE_WEIGHT_SECTION:
0 1986 1267 1271 2097 1390 1360 1491 1662 678
1986 0 1458 1940 1712 2383 1399 2126 1321 1489
1267 1458 0 1130 1238 1664 423 933 809 770
1271 1940 1130 0 1959 1246 1223 539 1559 774
2097 1712 1238 1959 0 2494 1062 1789 1023 1599
1390 2383 1664 1246 2494 0 1758 1703 2059 1075
1360 1399 423 1223 1062 1758 0 1052 662 863
1491 2126 933 539 1789 1703 1052 0 1388 994
1662 1321 809 1559 1023 2059 662 1388 0 1164
678 1489 770 774 1599 1075 863 994 1164 0
OSM_IDS: 360643347 60504731 13310917415 6532953486 920547043 1422806639 30228243 192581119 242410855 1492866216
GRAPHML_FILE: data/tsp_dataset/graph_zurich_dist_20000.graphml
EOF