NAME: zurich_10_0
COMMENT: TSP instance with 10 nodes. City: Zurich, Switzerland, Seed: 42
TYPE: TSP
DIMENSION: 10
EDGE_WEIGHT_TYPE: EXPLICIT
EDGE_WEIGHT_FORMAT: FULL_MATRIX
NODE_COORD_SECTION:
1 47.419038 8.538454
2 47.3093319 8.7215885
3 47.496469 8.3902564
4 47.3331159 8.7863899
5 47.4866933 8.2934941
6 47.4337178 8.7721375
7 47.4405476 8.4764935
8 47.4185075 8.5903558
9 47.3604279 8.5266655
10 47.4052261 8.5049562
EDGE_WEIGHT_SECTION:
0 1251 1140 1181 1180 1210 450 521 730 275
1251 0 2040 548 2072 1094 1349 1074 1189 1358
1140 2040 0 1970 706 1999 741 1340 1586 1078
1181 548 1970 0 2002 954 1280 1005 1426 1288
1180 2072 706 2002 0 2031 1001 1372 1290 1118
1210 1094 1999 954 2031 0 1309 1038 1455 1317
450 1349 741 1280 1001 1309 0 649 890 387
521 1074 1340 1005 1372 1038 649 0 757 619
730 1189 1586 1426 1290 1455 890 757 0 604
275 1358 1078 1288 1118 1317 387 619 604 0
OSM_IDS: 110287910 27505245 374582738 312380356 297430709 187209746 105401483 98020343 1628127933 29353694
GRAPHML_FILE: data/tsp_dataset/graph_zurich_dist_20000.graphml
EOF