NAME: zurich_10_8
COMMENT: TSP instance with 10 nodes. City: Zurich, Switzerland, Seed: 50
TYPE: TSP
DIMENSION: 10
EDGE_WEIGHT_TYPE: EXPLICIT
EDGE_WEIGHT_FORMAT: FULL_MATRIX
NODE_COORD_SECTION:
1 47.2731925 8.6891282
2 47.3904763 8.4844077
3 47.3483929 8.381053
4 47.4987664 8.3407803
5 47.2683815 8.4834415
6 47.3092281 8.5505405
7 47.3401046 8.6645171
8 47.4145574 8.5593826
9 47.2841346 8.5436504
10 47.3411152 8.6695277
EDGE_WEIGHT_SECTION:
0 1531 1916 2533 2199 1665 645 1421 1779 573
1531 0 856 1179 1128 811 1281 626 870 1253
1916 856 0 1358 977 886 1671 1131 946 1643
2533 1179 1358 0 1833 1742 2079 1428 1802 2000
2199 1128 977 1833 0 892 1954 1475 633 1925
1665 811 886 1742 892 0 1421 996 364 1392
645 1281 1671 2079 1954 1421 0 934 1534 87
1421 626 1131 1428 1475 996 934 0 1055 855
1779 870 946 1802 633 364 1534 1055 0 1506
573 1253 1643 2000 1925 1392 87 855 1506 0
OSM_IDS: 9372869131 353235049 782532165 310596467 5106925391 471142717 97941822 460377059 298540181 97942972
GRAPHML_FILE: data/tsp_dataset/graph_zurich_dist_20000.graphml
EOF