NAME: zurich_10_26
COMMENT: TSP instance with 10 nodes. City: Zurich, Switzerland, Seed: 68
TYPE: TSP
DIMENSION: 10
EDGE_WEIGHT_TYPE: EXPLICIT
EDGE_WEIGHT_FORMAT: FULL_MATRIX
NODE_COORD_SECTION:
1 47.3310772 8.5394213
2 47.3518181 8.2778155
3 47.3936988 8.5389476
4 47.3256869 8.80537
5 47.3053751 8.6848462
6 47.380599 8.3198098
7 47.4296784 8.5739791
8 47.3657646 8.508015
9 47.4188115 8.3615413
10 47.3690377 8.3390785
EDGE_WEIGHT_SECTION:
0 1163 611 1709 1243 1115 927 450 1101 951
1163 0 1451 2416 2117 651 1543 1289 1060 532
611 1451 0 1190 1040 1403 397 405 895 1239
1709 2416 1190 0 698 2368 1139 1513 1795 2204
1243 2117 1040 698 0 2070 1176 1129 1817 1905
1115 651 1403 2368 2070 0 1495 1241 699 221
927 1543 397 1139 1176 1495 0 731 922 1331
450 1289 405 1513 1129 1241 731 0 950 1077
1101 1060 895 1795 1817 699 922 950 0 718
951 532 1239 2204 1905 221 1331 1077 718 0
OSM_IDS: 4322192798 10226326507 109911149 310681527 1774614116 4617107636 353059711 470919373 2019934956 749526618
GRAPHML_FILE: data/tsp_dataset/graph_zurich_dist_20000.graphml
EOF