NAME: zurich_10_18
COMMENT: TSP instance with 10 nodes. City: Zurich, Switzerland, Seed: 60
TYPE: TSP
DIMENSION: 10
EDGE_WEIGHT_TYPE: EXPLICIT
EDGE_WEIGHT_FORMAT: FULL_MATRIX
NODE_COORD_SECTION:
1 47.2642136 8.4559373
2 47.3485943 8.3455944
3 47.273553 8.725578
4 47.4064457 8.6286594
5 47.5146546 8.6382844
6 47.1963447 8.4804986
7 47.3935699 8.4147968
8 47.2696258 8.4207632
9 47.515227 8.6686489
10 47.5249328 8.5802104
EDGE_WEIGHT_SECTION:
0 905 1945 1472 2048 512 909 254 1983 1936
905 0 2058 1452 1966 1299 827 755 1963 1854
1945 2058 0 1095 1863 2371 1777 1996 1678 1984
1472 1452 1095 0 941 1898 854 1523 755 1052
2048 1966 1863 941 0 2474 1368 2100 229 435
512 1299 2371 1898 2474 0 1335 634 2409 2362
909 827 1777 854 1368 1335 0 961 1365 1256
254 755 1996 1523 2100 634 961 0 2035 1988
1983 1963 1678 755 229 2409 1365 2035 0 507
1936 1854 1984 1052 435 2362 1256 1988 507 0
OSM_IDS: 443727577 401609637 238472185 353073178 302681786 6509608834 4362719002 479878649 34487341 101023093
GRAPHML_FILE: data/tsp_dataset/graph_zurich_dist_20000.graphml
EOF