NAME: zurich_10_12
COMMENT: TSP instance with 10 nodes. City: Zurich, Switzerland, Seed: 54
TYPE: TSP
DIMENSION: 10
EDGE_WEIGHT_TYPE: EXPLICIT
EDGE_WEIGHT_FORMAT: FULL_MATRIX
NODE_COORD_SECTION:
1 47.3503985 8.5249834
2 47.3401549 8.2976598
3 47.5174071 8.6450982
4 47.4716406 8.3070807
5 47.4527611 8.5733121
6 47.4066284 8.2816413
7 47.4210927 8.3059604
8 47.4414261 8.5251092
9 47.3289791 8.5411551
10 47.3359307 8.2998712
EDGE_WEIGHT_SECTION:
0 1244 1507 1107 797 1390 1288 946 342 1275
1244 0 2376 1277 1654 724 834 1596 1284 92
1507 2376 0 1783 763 2456 2150 1167 1685 2407
1107 1277 1783 0 1061 878 497 1003 1250 1291
797 1654 763 1061 0 1733 1428 445 976 1685
1390 724 2456 878 1733 0 435 1676 1430 738
1288 834 2150 497 1428 435 0 1370 1328 848
946 1596 1167 1003 445 1676 1370 0 1124 1627
342 1284 1685 1250 976 1430 1328 1124 0 1315
1275 92 2407 1291 1685 738 848 1627 1315 0
OSM_IDS: 177012625 2030307982 431282808 6486270147 6960559344 1082760646 293843243 2322336960 471304639 1098677241
GRAPHML_FILE: data/tsp_dataset/graph_zurich_dist_20000.graphml
EOF