NAME: zurich_10_23
COMMENT: TSP instance with 10 nodes. City: Zurich, Switzerland, Seed: 65
TYPE: TSP
DIMENSION: 10
EDGE_WEIGHT_TYPE: EXPLICIT
EDGE_WEIGHT_FORMAT: FULL_MATRIX
NODE_COORD_SECTION:
1 47.3134111 8.6715671
2 47.2624233 8.3731248
3 47.4082543 8.4681383
4 47.5291715 8.4655698
5 47.2499529 8.7044814
6 47.4705707 8.3341001
7 47.3756155 8.5164314
8 47.4440537 8.3344653
9 47.3878605 8.5154674
10 47.369107 8.7786196
EDGE_WEIGHT_SECTION:
0 1997 1427 1851 636 1969 1023 1921 1124 897
1997 0 1396 2145 2560 1664 1168 1617 1316 2348
1427 1396 0 1108 1997 972 467 842 396 1464
1851 2145 1108 0 2423 1316 1343 1376 1291 1729
636 2560 1997 2423 0 2538 1586 2490 1692 1265
1969 1664 972 1316 2538 0 1036 377 886 1867
1023 1168 467 1343 1586 1036 0 988 188 1285
1921 1617 842 1376 2490 377 988 0 839 1819
1124 1316 396 1291 1692 886 188 839 0 1240
897 2348 1464 1729 1265 1867 1285 1819 1240 0
OSM_IDS: 1509997059 411905751 410648654 293871592 2257796038 3421839396 2202561044 534451675 1967203546 299083545
GRAPHML_FILE: data/tsp_dataset/graph_zurich_dist_20000.graphml
EOF