NAME: zurich_10_9
COMMENT: TSP instance with 10 nodes. City: Zurich, Switzerland, Seed: 51
TYPE: TSP
DIMENSION: 10
EDGE_WEIGHT_TYPE: EXPLICIT
EDGE_WEIGHT_FORMAT: FULL_MATRIX
NODE_COORD_SECTION:
1 47.3952769 8.771837
2 47.4201573 8.6859202
3 47.2914852 8.6197544
4 47.5193009 8.3268443
5 47.3621116 8.7870686
6 47.2459398 8.4641345
7 47.1980787 8.3866433
8 47.5159932 8.539224
9 47.3800934 8.5207595
10 47.3012807 8.7200655
EDGE_WEIGHT_SECTION:
0 645 1433 2369 309 2266 3016 1489 1348 955
645 0 1324 1991 759 1888 2637 1111 970 947
1433 1324 0 2510 1303 1868 2617 1805 1102 654
2369 1991 2510 0 2294 1952 2702 1222 1455 2451
309 759 1303 2294 0 2191 2941 1415 1274 790
2266 1888 1868 1952 2191 0 942 1847 1034 1980
3016 2637 2617 2702 2941 942 0 2596 1784 2730
1489 1111 1805 1222 1415 1847 2596 0 958 1571
1348 970 1102 1455 1274 1034 1784 958 0 1214
955 947 654 2451 790 1980 2730 1571 1214 0
OSM_IDS: 310807980 10743488998 243638605 312876221 303380235 322062213 1269650897 4047874745 568338655 731398476
GRAPHML_FILE: data/tsp_dataset/graph_zurich_dist_20000.graphml
EOF