NAME: zurich_10_17
COMMENT: TSP instance with 10 nodes. City: Zurich, Switzerland, Seed: 59
TYPE: TSP
DIMENSION: 10
EDGE_WEIGHT_TYPE: EXPLICIT
EDGE_WEIGHT_FORMAT: FULL_MATRIX
NODE_COORD_SECTION:
1 47.5126336 8.4729764
2 47.4452599 8.631889
3 47.3137026 8.5493883
4 47.3745114 8.5324488
5 47.3570072 8.3588942
6 47.5375758 8.7843895
7 47.3538704 8.5757391
8 47.491206 8.7310576
9 47.3219042 8.5420087
10 47.4441562 8.3300165
EDGE_WEIGHT_SECTION:
0 937 1705 1175 1431 1604 1380 1541 1604 1240
937 0 1377 848 1398 1036 1052 768 1276 1385
1705 1377 0 546 1038 1922 809 1675 189 1421
1175 848 546 0 932 1393 354 1145 445 1056
1431 1398 1038 932 0 2011 1234 1764 937 951
1604 1036 1922 1393 2011 0 1597 572 1821 1998
1380 1052 809 354 1234 1597 0 1350 695 1377
1541 768 1675 1145 1764 572 1350 0 1574 1751
1604 1276 189 445 937 1821 695 1574 0 1320
1240 1385 1421 1056 951 1998 1377 1751 1320 0
OSM_IDS: 298259418 97883175 3634675533 27256986 158730398 432506605 27429337 25428849 6587517173 1049078942
GRAPHML_FILE: data/tsp_dataset/graph_zurich_dist_20000.graphml
EOF