NAME: zurich_10_11
COMMENT: TSP instance with 10 nodes. City: Zurich, Switzerland, Seed: 53
TYPE: TSP
DIMENSION: 10
EDGE_WEIGHT_TYPE: EXPLICIT
EDGE_WEIGHT_FORMAT: FULL_MATRIX
NODE_COORD_SECTION:
1 47.472512 8.5250323
2 47.3882734 8.2896868
3 47.4083504 8.3363029
4 47.5157703 8.7652492
5 47.3631345 8.3687836
6 47.3914119 8.5199394
7 47.3809532 8.5381354
8 47.2186895 8.6121713
9 47.4110934 8.4327588
10 47.2254308 8.625699
EDGE_WEIGHT_SECTION:
0 1720 1311 1459 1152 726 752 1590 850 1539
1720 0 474 2586 681 1443 1405 1664 1246 1613
1311 474 0 2177 446 1027 1161 1680 962 1629
1459 2586 2177 0 2018 1380 1404 2241 1611 2191
1152 681 446 2018 0 875 1008 1279 669 1228
726 1443 1027 1380 875 0 158 1030 486 979
752 1405 1161 1404 1008 158 0 928 620 877
1590 1664 1680 2241 1279 1030 928 0 1217 158
850 1246 962 1611 669 486 620 1217 0 1167
1539 1613 1629 2191 1228 979 877 158 1167 0
OSM_IDS: 290670316 3170321150 10724061988 6466543846 745731828 2967144863 29033217 32460269 252510809 572579639
GRAPHML_FILE: data/tsp_dataset/graph_zurich_dist_20000.graphml
EOF