NAME: zurich_10_6
COMMENT: TSP instance with 10 nodes. City: Zurich, Switzerland, Seed: 48
TYPE: TSP
DIMENSION: 10
EDGE_WEIGHT_TYPE: EXPLICIT
EDGE_WEIGHT_FORMAT: FULL_MATRIX
NODE_COORD_SECTION:
1 47.4584717 8.4313115
2 47.3347381 8.5823332
3 47.4351701 8.4660534
4 47.5201139 8.6575127
5 47.2242191 8.4598172
6 47.4293548 8.4636042
7 47.3996954 8.5727863
8 47.2005769 8.5142202
9 47.4334876 8.5619404
10 47.356197 8.3409343
EDGE_WEIGHT_SECTION:
0 1373 333 1473 1632 380 879 1881 632 1355
1373 0 1180 1622 1498 1124 850 1747 983 1417
333 1180 0 1328 1487 92 733 1736 486 1210
1473 1622 1328 0 2285 1276 1038 2534 994 2070
1632 1498 1487 2285 0 1434 1512 444 1506 1234
380 1124 92 1276 1434 0 681 1683 434 1158
879 850 733 1038 1512 681 0 1761 428 1431
1881 1747 1736 2534 444 1683 1761 0 1755 1486
632 983 486 994 1506 434 428 1755 0 1229
1355 1417 1210 2070 1234 1158 1431 1486 1229 0
OSM_IDS: 457428377 150998841 434325171 11465615669 273482760 1941632232 248139924 240036728 107167666 8094528092
GRAPHML_FILE: data/tsp_dataset/graph_zurich_dist_20000.graphml
EOF