NAME: zurich_100_20
COMMENT: TSP instance with 100 nodes. City: Zurich, Switzerland, Seed: 62
TYPE: TSP
DIMENSION: 100
EDGE_WEIGHT_TYPE: EXPLICIT
EDGE_WEIGHT_FORMAT: FULL_MATRIX
NODE_COORD_SECTION:
1 47.4391094 8.6969992
2 47.2777285 8.6282339
3 47.3654657 8.3789312
4 47.2922706 8.7143262
5 47.2094114 8.7962416
6 47.4018257 8.3072878
7 47.3663277 8.7781101
8 47.4274372 8.76993
9 47.4608731 8.317553
10 47.3802242 8.6601605
11 47.4901362 8.720994
12 47.3012253 8.5587928
13 47.3137315 8.3620186
14 47.5063112 8.5393353
15 47.4153057 8.6202517
16 47.3732291 8.5501789
17 47.3718809 8.5243876
18 47.5078171 8.7484882
19 47.4099756 8.6656504
20 47.292176 8.5635844
21 47.4377906 8.2913527
22 47.4843709 8.4862189
23 47.3271563 8.57695
24 47.2747401 8.6394948
25 47.3950527 8.6154351
26 47.2077871 8.2989423
27 47.4882969 8.447706
28 47.3945084 8.6617744
29 47.3699183 8.34244
30 47.3475468 8.7147206
31 47.5130477 8.7219329
32 47.2785729 8.4445035
33 47.3476154 8.6982076
34 47.5001743 8.6001254
35 47.464426 8.3296526
36 47.3172192 8.4902409
37 47.3875879 8.7527763
38 47.4417166 8.6910622
39 47.3768538 8.5206568
40 47.2013697 8.7786773
41 47.4983746 8.7195934
42 47.2663583 8.6829081
43 47.3153637 8.3417388
44 47.2524508 8.5986918
45 47.4785512 8.4883852
46 47.326916 8.3151284
47 47.2690481 8.6633837
48 47.364774 8.7966989
49 47.4517511 8.462783
50 47.2882737 8.3648012
51 47.5515583 8.6705289
52 47.2310644 8.4967844
53 47.2226139 8.674034
54 47.2908052 8.7327562
55 47.250963 8.7686336
56 47.3955998 8.45294
57 47.500448 8.4391578
58 47.5474017 8.3225799
59 47.4138939 8.6394601
60 47.4930923 8.7227931
61 47.2703664 8.6395461
62 47.5202755 8.5431357
63 47.4119342 8.6074787
64 47.506344 8.7505014
65 47.3932679 8.4942369
66 47.3920991 8.5116724
67 47.2251477 8.6780752
68 47.5372872 8.6489171
69 47.2235946 8.6735545
70 47.2914911 8.6089373
71 47.274563 8.3210054
72 47.4356408 8.5655272
73 47.4262698 8.6336281
74 47.2616293 8.4188393
75 47.3866146 8.5515401
76 47.3260878 8.7577784
77 47.4843011 8.282861
78 47.4983158 8.7330239
79 47.3177111 8.5782514
80 47.2490745 8.5322338
81 47.3707521 8.6389351
82 47.3548804 8.5110089
83 47.3979419 8.5999863
84 47.2784326 8.3626892
85 47.4142054 8.7148636
86 47.3760946 8.2943984
87 47.421508 8.277232
88 47.3927953 8.5229127
89 47.52129 8.3305612
90 47.4085164 8.7259851
91 47.2493847 8.5302416
92 47.2522069 8.7533094
93 47.2667891 8.3089651
94 47.3535735 8.7232411
95 47.2055962 8.7527645
96 47.3168443 8.5390942
97 47.2252165 8.6244427
98 47.3758747 8.5337911
99 47.329971 8.5129493
100 47.2871023 8.4334116
EDGE_WEIGHT_SECTION:
0 1500 1278 1137 2353 1819 731 703 1347 602 341 1287 1650 828 294 780 847 614 484 1301 1584 1074 1207 1508 486 2738 1140 496 1649 714 468 1596 727 846 1300 1528 612 243 801 2216 348 1502 1807 1547 1032 1989 1463 823 875 1876 655 1922 1772 1131 1472 1133 1289 2043 349 372 1516 966 466 589 877 771 1798 614 1780 1514 2175 539 328 1631 712 956 1638 426 1279 1844 685 1010 435 1866 441 1841 1839 685 1798 430 1817 1542 2265 642 2099 1239 1515 768 1158 1624
1500 0 1929 525 2536 2236 1170 1494 1991 1067 1795 1469 1966 1741 1342 952 1063 2068 1426 1483 2228 1987 548 90 1119 2921 2009 1229 1965 806 1922 1779 837 1878 1944 1711 1199 1500 1086 2398 1802 346 2122 1729 1944 2305 248 1278 1744 2119 2110 2105 1955 577 762 1535 2158 2767 1325 1827 120 1879 1377 2043 1310 1249 1981 2069 1963 213 2374 1452 1376 1814 1164 921 2283 1881 458 2026 891 1169 1199 2049 1352 2157 2429 1217 2522 1274 1999 734 2463 858 2282 1386 1698 1013 1341 1807
1278 1929 0 1948 2184 792 1674 1775 901 1459 1558 1117 711 1233 1101 1094 945 1831 1304 1131 875 1132 1441 2010 1137 1948 1126 1305 564 1552 1685 1041 1564 1370 854 958 1642 1278 885 2046 1565 2254 868 1377 1077 904 2133 1781 862 937 1873 1368 1603 1967 2308 594 1275 1676 1169 1590 1976 1370 1126 1806 674 744 1629 1832 1611 1815 1236 902 1152 1076 1119 1791 1192 1644 1513 1415 1345 996 1073 983 1514 756 901 825 1431 1502 1388 2369 1326 1477 1930 1069 1346 953 1090 1051
1137 525 1948 0 2563 2263 776 1135 2010 805 1433 1497 1993 1523 979 914 1091 1706 1063 1510 2247 1768 720 533 884 2948 1835 866 1992 449 1559 1806 480 1660 1963 1738 840 1137 1113 2426 1439 451 2149 1757 1726 2332 435 883 1570 2147 1747 2132 1982 81 453 1562 1983 2737 962 1464 541 1660 1136 1680 1336 1240 2008 1706 1990 631 2401 1234 1013 1841 1064 407 2302 1518 748 2053 656 1196 964 2076 989 2184 2456 1180 2493 911 2027 448 2491 501 2309 1413 1725 1028 1368 1834
2353 2536 2184 2563 0 2437 2749 2850 2423 2506 2633 1319 2168 2399 2193 1716 1562 2906 2379 1333 2626 2640 2048 2616 2212 3123 2649 2380 2167 2627 2760 1980 2640 2536 2376 1908 2717 2353 1616 137 2640 2860 2324 1071 2591 2507 2740 2857 2384 2321 2948 1774 843 2615 2988 2041 2798 3199 2244 2665 2583 2537 2227 2881 1829 1785 785 2907 836 2421 2575 2110 2227 2015 1913 2866 2715 2719 2120 1668 2330 1550 2138 2250 2589 2358 2641 1822 2954 2577 1641 2994 2665 2552 301 1417 931 1602 1580 2009
1819 2236 792 2263 2437 0 2215 2316 772 2000 2099 1371 825 1774 1642 1416 1262 2372 1845 1385 372 1618 1748 2316 1678 1960 1536 1846 346 2093 2226 1295 2105 1911 790 1227 2182 1819 1316 2300 2106 2560 850 1631 1588 797 2440 2322 1294 949 2414 1621 1857 2315 2688 1232 1496 1421 1710 2130 2283 1911 1667 2347 1208 1279 1882 2373 1864 2121 1248 1443 1693 1290 1613 2332 937 2184 1819 1668 1886 1250 1614 995 2054 278 242 1360 1176 2043 1641 2694 1336 2018 2183 1323 1599 1302 1344 1210
731 1170 1674 776 2749 2215 0 539 1743 592 995 1683 2047 1225 681 1176 1243 1268 765 1697 1980 1470 1361 1178 801 3135 1536 568 2045 392 1121 1992 499 1362 1696 1924 233 731 1197 2612 1001 1172 2203 1943 1428 2386 1134 127 1272 2272 1309 2318 2169 768 1044 1530 1685 2439 664 1026 1187 1362 858 1242 1273 1168 2194 1268 2176 1255 2571 935 715 2027 1109 515 2034 1080 1372 2240 688 1406 831 2262 548 2237 2235 1081 2194 430 2213 1151 2661 312 2495 1635 1911 1164 1554 2020
703 1494 1775 1135 2850 2316 539 0 1843 840 770 1783 2147 1325 791 1276 1343 813 972 1797 2080 1571 1615 1501 982 3235 1637 773 2146 715 846 2093 786 1254 1796 2025 306 739 1298 2712 755 1496 2303 2043 1528 2486 1457 590 1372 2372 1152 2419 2269 1139 1480 1630 1786 2540 845 778 1510 1463 963 786 1374 1268 2295 1111 2277 1579 2672 1036 825 2128 1209 964 2135 685 1695 2340 937 1506 931 2363 421 2338 2335 1182 2295 303 2313 1550 2761 636 2596 1735 2012 1264 1654 2121
1347 1991 901 2010 2423 772 1743 1843 0 1528 1627 1357 1273 1301 1170 1156 1007 1900 1372 1371 447 1032 1503 2072 1205 2423 968 1374 980 1620 1754 1281 1633 1439 110 1213 1710 1347 947 2286 1634 2316 1429 1617 1024 1517 2195 1850 691 1498 1941 1607 1843 2035 2376 851 935 860 1238 1658 2038 1405 1194 1875 736 806 1868 1900 1850 1877 1798 971 1221 1316 1181 1860 437 1712 1575 1654 1414 1140 1142 1544 1582 998 702 888 615 1571 1627 2435 1887 1546 2169 1309 1585 1015 1327 1299
602 1067 1459 805 2506 2000 592 840 1528 0 914 1440 1832 1010 466 839 1014 1187 537 1453 1765 1255 854 1096 393 2891 1322 280 1830 459 1041 1749 371 1147 1481 1681 550 602 983 2369 921 1135 1988 1700 1213 2171 1096 699 1057 2057 1229 2075 1925 874 1225 1315 1470 2224 449 946 1148 1147 626 1162 1059 953 1951 1188 1933 1005 2336 720 500 1784 893 709 1820 1000 955 1996 176 1139 485 2019 550 2022 2020 866 1979 537 1970 1249 2426 394 2252 1356 1668 941 1311 1777
341 1795 1558 1433 2633 2099 995 770 1627 914 0 1567 1931 1109 574 1060 1127 350 764 1581 1864 1354 1487 1803 766 3019 1420 809 1929 1012 266 1876 1024 855 1580 1808 762 523 1081 2496 146 1797 2087 1827 1312 2270 1759 1046 1156 2156 642 2202 2053 1427 1767 1414 1569 2323 629 49 1812 1148 747 324 1157 1052 2078 595 2060 1802 2455 819 608 1911 993 1251 1918 162 1559 2124 975 1290 715 2146 576 2121 2119 965 2078 565 2097 1838 2545 937 2379 1519 1795 1048 1438 1904
1287 1469 1117 1497 1319 1371 1683 1783 1357 1440 1567 0 1101 1332 1127 650 495 1840 1312 100 1560 1574 981 1550 1145 2056 1583 1314 1100 1560 1694 914 1573 1470 1310 817 1650 1287 550 1181 1574 1794 1257 497 1524 1440 1673 1790 1318 1255 1881 1022 738 1549 1921 974 1731 2132 1177 1598 1516 1470 1160 1815 762 719 764 1840 746 1355 1509 1043 1161 949 846 1800 1648 1652 1053 822 1264 483 1072 1184 1522 1292 1574 756 1888 1511 795 1928 1598 1486 1065 217 481 535 474 942
1650 1966 711 1993 2168 825 2047 2147 1273 1832 1931 1101 0 1605 1473 1146 992 2204 1676 1115 1102 1504 1478 2046 1509 1236 1499 1678 591 1924 2057 731 1937 1742 1226 877 2014 1650 1047 2030 1937 2290 156 1361 1449 417 2170 2154 1234 225 2245 1056 1587 2045 2418 984 1647 2048 1541 1962 2013 1743 1498 2178 1046 1116 1613 2204 1594 1851 525 1274 1524 612 1343 2164 1564 2016 1550 1164 1718 980 1445 271 1886 620 1000 1198 1803 1874 1137 2424 614 1850 1913 1053 1329 1032 1074 571
828 1741 1233 1523 2399 1774 1225 1325 1301 1010 1109 1332 1605 0 651 826 893 1382 854 1346 1538 522 1253 1813 687 2756 572 856 1604 1102 1166 1613 1115 474 1242 1545 1192 828 847 2261 1115 1854 1761 1593 490 1944 1815 1332 704 1830 1086 1939 1818 1517 1858 1088 586 1436 719 1140 1788 139 671 1356 923 817 1844 976 1826 1626 2130 383 702 1648 758 1342 1593 1194 1325 1889 896 1055 623 1876 1064 1796 1794 731 1191 1052 1862 1928 2219 1028 2145 1284 1561 814 1204 1631
294 1342 1101 979 2193 1642 681 791 1170 466 574 1127 1473 651 0 620 687 847 310 1140 1407 897 1047 1350 241 2578 963 313 1472 558 701 1436 571 766 1123 1368 648 294 641 2056 581 1344 1629 1387 855 1812 1305 788 698 1698 888 1762 1612 973 1314 956 1112 1866 175 605 1358 789 201 822 717 611 1638 848 1620 1286 1998 362 117 1471 552 798 1461 659 1119 1684 459 850 240 1706 529 1664 1662 525 1621 518 1657 1384 2088 484 1939 1079 1355 608 998 1464
780 952 1094 914 1716 1416 1176 1276 1156 839 1060 650 1146 826 620 0 239 1333 805 663 1393 1070 464 1033 540 2101 1079 784 1145 1053 1187 959 1066 963 1109 891 1143 780 261 1579 1067 1244 1302 910 1020 1485 1156 1283 814 1300 1374 1285 1135 967 1339 711 1227 1931 671 1091 999 963 649 1308 481 377 1161 1333 1143 838 1554 536 654 994 213 1289 1447 1145 536 1206 663 349 500 1229 1015 1337 1604 306 1687 1004 1180 1345 1644 979 1462 566 878 166 521 987
847 1063 945 1091 1562 1262 1243 1343 1007 1014 1127 495 992 893 687 239 0 1400 872 509 1244 1133 575 1144 705 1947 1132 874 991 1120 1254 805 1133 1030 960 737 1210 847 91 1424 1134 1388 1148 755 1084 1331 1267 1350 867 1145 1441 1131 981 1143 1515 520 1281 1782 738 1158 1110 1030 720 1375 308 265 1007 1400 989 949 1400 603 721 840 425 1360 1298 1212 647 1052 853 218 632 1075 1082 1183 1452 292 1538 1071 1025 1522 1489 1046 1308 447 724 105 366 833
614 2068 1831 1706 2906 2372 1268 813 1900 1187 350 1840 2204 1382 847 1333 1400 0 1037 1854 2137 1627 1760 2076 1039 3292 1693 1082 2202 1285 326 2149 1297 1098 1853 2081 1035 796 1354 2769 266 2070 2360 2100 1585 2543 2032 1319 1428 2429 711 2475 2326 1700 2040 1687 1842 2596 902 307 2085 1305 1019 28 1430 1325 2351 751 2333 2075 2728 1092 881 2184 1266 1524 2191 189 1832 2397 1247 1563 988 2419 849 2394 2392 1238 2351 838 2370 2111 2818 1210 2652 1792 2068 1321 1711 2177
484 1426 1304 1063 2379 1845 765 972 1372 537 764 1312 1676 854 310 805 872 1037 0 1326 1609 1100 1233 1434 432 2764 1166 429 1675 642 890 1622 655 963 1325 1554 732 484 827 2241 770 1428 1832 1572 1057 2015 1389 872 901 1901 1078 1948 1798 1057 1398 1159 1315 2069 221 795 1442 992 488 1011 903 797 1824 1037 1806 1463 2201 565 301 1657 738 882 1664 849 1305 1869 634 1035 460 1892 679 1867 1864 711 1824 681 1842 1468 2290 568 2125 1264 1541 793 1183 1650
1301 1483 1131 1510 1333 1385 1697 1797 1371 1453 1581 100 1115 1346 1140 663 509 1854 1326 0 1574 1587 995 1564 1159 2070 1597 1328 1114 1574 1707 928 1587 1483 1324 800 1664 1301 564 1195 1587 1808 1271 418 1538 1454 1687 1804 1332 1268 1895 977 752 1563 1935 988 1745 2146 1191 1612 1530 1484 1174 1828 776 733 778 1854 760 1369 1523 1057 1175 963 860 1814 1662 1666 1067 778 1278 497 1085 1198 1536 1306 1588 769 1901 1524 751 1941 1612 1500 1079 286 495 549 517 956
1584 2228 875 2247 2626 372 1980 2080 447 1765 1864 1560 1102 1538 1407 1393 1244 2137 1609 1574 0 1309 1740 2309 1442 2264 1210 1611 586 1857 1991 1484 1870 1675 464 1416 1947 1584 1184 2489 1871 2553 1155 1820 1301 1102 2432 2087 968 1253 2178 1810 2046 2272 2613 1088 1170 1095 1474 1895 2275 1676 1431 2112 973 1043 2071 2137 2053 2114 1553 1208 1458 1492 1418 2097 611 1949 1812 1857 1651 1377 1378 1299 1819 583 276 1124 850 1808 1830 2672 1641 1783 2372 1512 1788 1252 1533 1448
1074 1987 1132 1768 2640 1618 1470 1571 1032 1255 1354 1574 1504 522 897 1070 1133 1627 1100 1587 1309 0 1499 2059 933 2655 270 1101 1503 1348 1481 1512 1360 827 921 1444 1437 1074 1087 2503 1361 2100 1660 1834 102 1843 2061 1577 363 1729 1500 1839 2059 1762 2103 987 417 1173 965 1385 2034 569 922 1602 890 993 2085 1390 2067 1872 2029 613 948 1547 1004 1587 1358 1439 1570 1886 1141 1250 869 1775 1309 1695 1564 917 928 1298 1859 2174 2119 1273 2386 1526 1802 1059 1449 1531
1207 548 1441 720 2048 1748 1361 1615 1503 854 1487 981 1478 1253 1047 464 575 1760 1233 995 1740 1499 0 629 906 2433 1521 1056 1477 997 1614 1291 1028 1390 1456 1223 1326 1207 598 1910 1494 873 1634 1241 1456 1817 752 1468 1256 1631 1802 1617 1467 773 1145 1047 1670 2279 1098 1519 595 1391 1081 1735 822 761 1493 1761 1475 434 1886 964 1081 1326 667 1117 1795 1573 132 1538 678 681 925 1561 1325 1669 1941 729 2034 1312 1511 1151 1975 1049 1794 898 1210 525 853 1319
1508 90 2010 533 2616 2316 1178 1501 2072 1096 1803 1550 2046 1813 1350 1033 1144 2076 1434 1564 2309 2059 629 0 1147 3002 2090 1237 2045 813 1930 1859 845 1950 2025 1791 1207 1508 1166 2479 1810 342 2203 1810 2017 2385 197 1285 1825 2200 2117 2185 2035 585 769 1616 2238 2847 1333 1834 69 1951 1405 2051 1391 1330 2061 2077 2043 303 2454 1524 1384 1894 1244 929 2363 1888 539 2107 920 1249 1228 2129 1359 2237 2509 1297 2602 1282 2080 741 2544 866 2362 1467 1778 1093 1421 1887
486 1119 1137 884 2212 1678 801 982 1205 393 766 1145 1509 687 241 540 705 1039 432 1159 1442 933 906 1147 0 2597 999 270 1508 675 893 1455 677 824 1158 1387 752 486 660 2074 773 1188 1665 1405 890 1848 1149 908 734 1734 1080 1781 1631 936 1308 992 1148 1902 297 797 1200 825 279 1014 736 630 1657 1039 1639 1057 2034 398 357 1490 571 918 1497 851 1007 1702 230 868 119 1725 701 1700 1698 543 1657 703 1675 1315 2123 604 1958 1097 1374 626 1016 1483
2738 2921 1948 2948 3123 1960 3135 3235 2423 2891 3019 2056 1236 2756 2578 2101 1947 3292 2764 2070 2264 2655 2433 3002 2597 0 2649 2766 1799 3012 3145 1371 3025 2893 2376 1828 3102 2738 2002 2985 3025 3246 1270 2316 2599 1328 3125 3242 2384 1092 3333 1556 2520 3001 3373 2134 2798 3199 2629 3050 2968 2893 2600 3266 2197 2171 2568 3292 2530 2807 824 2425 2613 1107 2298 3252 2715 3104 2505 1691 2715 1935 2523 1042 2974 1724 2134 2207 2954 2962 1664 3379 816 2938 2869 2008 2269 1987 2029 1381
1140 2009 1126 1835 2649 1536 1536 1637 968 1322 1420 1583 1499 572 963 1079 1132 1693 1166 1597 1210 270 1521 2090 999 2649 0 1168 1498 1414 1547 1507 1427 1006 858 1439 1504 1140 1087 2512 1427 2166 1655 1843 307 1838 2127 1644 304 1724 1553 1833 2068 1829 2170 982 149 925 1031 1452 2056 605 988 1668 874 982 2094 1443 2076 1895 2023 764 1014 1542 1036 1653 1155 1506 1593 1880 1208 1234 935 1770 1376 1689 1465 902 680 1364 1853 2240 2113 1339 2395 1535 1811 1075 1457 1525
496 1229 1305 866 2380 1846 568 773 1374 280 809 1314 1678 856 313 784 874 1082 429 1328 1611 1101 1056 1237 270 2766 1168 0 1677 442 936 1623 444 993 1327 1555 519 496 828 2243 816 1231 1834 1574 1059 2017 1193 675 903 1903 1123 1949 1799 860 1201 1161 1316 2070 340 840 1245 993 446 1057 904 799 1825 1082 1807 1207 2202 566 391 1658 740 685 1666 894 1157 1871 377 1037 363 1893 468 1868 1866 712 1825 470 1844 1272 2292 371 2126 1266 1542 795 1185 1651
1649 1965 564 1992 2167 346 2045 2146 980 1830 1929 1100 591 1604 1472 1145 991 2202 1675 1114 586 1503 1477 2045 1508 1799 1498 1677 0 1923 2056 1024 1936 1741 997 956 2013 1649 1045 2029 1936 2289 689 1360 1448 673 2169 2153 1233 788 2244 1350 1586 2044 2417 983 1646 1628 1540 1961 2012 1741 1497 2177 1045 1115 1611 2203 1593 1850 1087 1273 1523 1019 1342 2162 1144 2015 1549 1397 1717 979 1444 834 1885 529 549 1196 1384 1873 1370 2423 1177 1848 1912 1052 1328 1031 1073 939
714 806 1552 449 2627 2093 392 715 1620 459 1012 1560 1924 1102 558 1053 1120 1285 642 1574 1857 1348 997 813 675 3012 1414 442 1923 0 1138 1870 133 1239 1573 1802 421 714 1075 2489 1018 808 2080 1820 1305 2263 769 499 1149 2149 1326 2196 2046 502 843 1407 1563 2317 541 1043 822 1240 736 1259 1151 1045 2072 1285 2054 891 2449 813 592 1905 986 356 1912 1097 1007 2117 557 1283 708 2140 558 2115 2112 959 2072 481 2090 893 2538 80 2373 1512 1789 1041 1431 1898
468 1922 1685 1559 2760 2226 1121 846 1754 1041 266 1694 2057 1166 701 1187 1254 326 890 1707 1991 1481 1614 1930 893 3145 1547 936 2056 1138 0 2003 1151 835 1707 1935 889 649 1208 2623 131 1924 2213 1954 1439 2396 1885 1172 1282 2282 425 2329 2179 1553 1894 1540 1647 2450 756 233 1938 1027 873 301 1284 1178 2205 474 2187 1929 2582 946 735 2038 1119 1378 2045 162 1686 2250 1101 1416 842 2273 703 2248 2246 1092 2205 691 2224 1964 2672 1064 2506 1646 1922 1175 1565 2031
1596 1779 1041 1806 1980 1295 1992 2093 1281 1749 1876 914 731 1613 1436 959 805 2149 1622 928 1484 1512 1291 1859 1455 1371 1507 1623 1024 1870 2003 0 1882 1750 1234 546 1960 1596 859 1843 1883 2103 785 1174 1457 1046 1982 2099 1242 570 2191 537 1400 1858 2231 992 1655 2056 1487 1908 1826 1751 1458 2124 1054 1028 1425 2150 1407 1664 824 1282 1470 264 1156 2109 1572 1962 1362 605 1573 793 1381 499 1831 1216 1498 1065 1812 1820 579 2237 914 1795 1726 866 1142 845 887 191
727 837 1564 480 2640 2105 499 786 1633 371 1024 1573 1937 1115 571 1066 1133 1297 655 1587 1870 1360 1028 845 677 3025 1427 444 1936 133 1151 1882 0 1252 1586 1814 492 727 1088 2502 1031 839 2093 1833 1318 2276 801 606 1162 2162 1339 2209 2059 550 916 1420 1575 2329 554 1056 853 1252 748 1272 1164 1058 2084 1298 2066 922 2461 825 605 1917 999 475 1925 1110 1039 2130 468 1296 721 2152 573 2127 2125 971 2085 495 2103 925 2551 187 2385 1525 1801 1054 1444 1911
846 1878 1370 1660 2536 1911 1362 1254 1439 1147 855 1470 1742 474 766 963 1030 1098 963 1483 1675 827 1390 1950 824 2893 1006 993 1741 1239 835 1750 1252 0 1392 1682 1179 860 984 2399 831 1991 1898 1730 795 2081 1953 1462 967 1967 755 2076 1955 1654 1995 1225 1020 1869 848 886 1925 417 808 1072 1060 954 1981 645 1963 1764 2267 521 697 1785 895 1479 1730 910 1462 2026 1033 1192 760 2013 975 1933 1931 868 1624 981 2000 2065 2357 1165 2282 1422 1698 951 1341 1769
1300 1944 854 1963 2376 790 1696 1796 110 1481 1580 1310 1226 1242 1123 1109 960 1853 1325 1324 464 921 1456 2025 1158 2376 858 1327 997 1573 1707 1234 1586 1392 0 1166 1663 1300 900 2239 1587 2269 1382 1570 913 1534 2148 1803 581 1451 1894 1560 1796 1988 2329 804 935 860 1191 1611 1991 1295 1147 1828 689 759 1821 1853 1803 1830 1751 924 1174 1269 1134 1813 437 1665 1528 1607 1367 1093 1095 1497 1535 1015 719 841 615 1524 1580 2388 1840 1499 2122 1262 1538 968 1280 1252
1528 1711 958 1738 1908 1227 1924 2025 1213 1681 1808 817 877 1545 1368 891 737 2081 1554 800 1416 1444 1223 1791 1387 1828 1439 1555 956 1802 1935 546 1814 1682 1166 0 1892 1528 786 1771 1815 2035 1014 1102 1389 1274 1915 2031 1174 1026 2123 743 1327 1790 2163 772 1587 1988 1419 1840 1758 1683 1381 2056 788 906 1353 2082 1335 1596 1280 1214 1402 720 1088 2041 1504 1894 1295 543 1505 725 1313 955 1764 1148 1430 960 1743 1752 516 2169 1370 1727 1654 700 1070 777 782 558
612 1199 1642 840 2717 2182 233 306 1710 550 762 1650 2014 1192 648 1143 1210 1035 732 1664 1947 1437 1326 1207 752 3102 1504 519 2013 421 889 1960 492 1179 1663 1892 0 612 1165 2579 769 1201 2170 1910 1395 2353 1163 284 1239 2239 1076 2286 2136 844 1185 1497 1652 2406 631 793 1215 1329 825 1010 1241 1135 2162 1036 2143 1284 2539 902 682 1995 1076 669 2002 847 1401 2207 647 1373 798 2229 315 2205 2202 1048 2162 197 2180 1256 2628 341 2463 1602 1878 1131 1521 1988
243 1500 1278 1137 2353 1819 731 739 1347 602 523 1287 1650 828 294 780 847 796 484 1301 1584 1074 1207 1508 486 2738 1140 496 1649 714 649 1596 727 860 1300 1528 612 0 801 2216 529 1502 1807 1547 1032 1989 1463 823 875 1876 837 1922 1772 1131 1472 1133 1289 2043 349 554 1516 966 466 770 877 771 1798 796 1780 1514 2175 539 328 1631 712 956 1638 608 1279 1844 685 1010 435 1866 478 1841 1839 685 1798 466 1817 1542 2265 642 2099 1239 1515 768 1158 1624
801 1086 885 1113 1616 1316 1197 1298 947 983 1081 550 1047 847 641 261 91 1354 827 564 1184 1087 598 1166 660 2002 1087 828 1045 1075 1208 859 1088 984 900 786 1165 801 0 1479 1088 1410 1203 810 1037 1386 1290 1305 822 1200 1396 1186 1036 1165 1538 497 1235 1723 692 1113 1133 985 675 1329 269 205 1061 1355 1043 971 1454 558 675 894 409 1314 1239 1167 670 1107 862 252 586 1129 1037 1237 1439 241 1478 1025 1080 1544 1544 1000 1362 502 778 123 421 887
2216 2398 2046 2426 137 2300 2612 2712 2286 2369 2496 1181 2030 2261 2056 1579 1424 2769 2241 1195 2489 2503 1910 2479 2074 2985 2512 2243 2029 2489 2623 1843 2502 2399 2239 1771 2579 2216 1479 0 2503 2723 2186 934 2453 2369 2602 2719 2247 2184 2810 1637 705 2478 2850 1903 2660 3061 2106 2527 2445 2399 2089 2744 1691 1648 647 2769 699 2284 2438 1972 2090 1878 1775 2729 2577 2581 1982 1530 2193 1412 2001 2113 2451 2221 2503 1685 2817 2440 1503 2857 2528 2415 164 1280 794 1465 1443 1871
348 1802 1565 1439 2640 2106 1001 755 1634 921 146 1574 1937 1115 581 1067 1134 266 770 1587 1871 1361 1494 1810 773 3025 1427 816 1936 1018 131 1883 1031 831 1587 1815 769 529 1088 2503 0 1804 2093 1834 1319 2276 1766 1052 1162 2162 548 2209 2059 1433 1774 1420 1576 2330 636 109 1818 1072 753 241 1164 1058 2085 518 2067 1809 2462 826 615 1918 999 1258 1925 78 1566 2131 981 1297 722 2153 583 2128 2126 972 2085 571 2104 1844 2552 944 2386 1526 1802 1055 1445 1911
1502 346 2254 451 2860 2560 1172 1496 2316 1135 1797 1794 2290 1854 1344 1244 1388 2070 1428 1808 2553 2100 873 342 1188 3246 2166 1231 2289 808 1924 2103 839 1991 2269 2035 1201 1502 1410 2723 1804 0 2447 2054 2057 2629 157 1279 1901 2444 2112 2429 2279 472 557 1860 2315 3069 1327 1829 292 1992 1446 2045 1635 1565 2305 2071 2287 547 2698 1565 1378 2138 1394 821 2607 1883 783 2351 960 1493 1268 2373 1354 2481 2753 1510 2824 1276 2324 493 2788 860 2606 1711 2022 1337 1665 2131
1807 2122 868 2149 2324 850 2203 2303 1429 1988 2087 1257 156 1761 1629 1302 1148 2360 1832 1271 1155 1660 1634 2203 1665 1270 1655 1834 689 2080 2213 785 2093 1898 1382 1014 2170 1807 1203 2186 2093 2447 0 1517 1605 261 2326 2310 1390 279 2401 1111 1743 2202 2574 1140 1803 2203 1697 2118 2169 1899 1654 2334 1202 1273 1769 2360 1751 2008 558 1430 1681 667 1499 2320 1719 2172 1706 1246 1874 1136 1601 325 2042 645 1025 1354 1958 2030 1219 2580 648 2006 2070 1209 1486 1188 1230 681
1547 1729 1377 1757 1071 1631 1943 2043 1617 1700 1827 497 1361 1593 1387 910 755 2100 1572 418 1820 1834 1241 1810 1405 2316 1843 1574 1360 1820 1954 1174 1833 1730 1570 1102 1910 1547 810 934 1834 2054 1517 0 1784 1700 1933 2050 1578 1515 2141 971 490 1809 2181 1235 1992 2392 1438 1858 1776 1730 1420 2075 1022 979 516 2100 498 1615 1769 1303 1421 1209 1106 2060 1908 1912 1313 865 1524 744 1332 1444 1782 1552 1834 1016 2148 1771 838 2188 1859 1746 817 611 226 796 774 1202
1032 1944 1077 1726 2591 1588 1428 1528 1024 1213 1312 1524 1449 490 855 1020 1084 1585 1057 1538 1301 102 1456 2017 890 2599 307 1059 1448 1305 1439 1457 1318 795 913 1389 1395 1032 1037 2453 1319 2057 1605 1784 0 1788 2019 1535 356 1674 1468 1783 2010 1720 2061 932 454 1210 923 1343 1991 537 879 1560 835 938 2036 1359 2017 1830 1974 571 906 1492 957 1545 1350 1397 1528 1830 1099 1195 827 1720 1267 1640 1556 862 965 1256 1803 2131 2063 1231 2337 1476 1753 1011 1403 1475
1989 2305 904 2332 2507 797 2386 2486 1517 2171 2270 1440 417 1944 1812 1485 1331 2543 2015 1454 1102 1843 1817 2385 1848 1328 1838 2017 673 2263 2396 1046 2276 2081 1534 1274 2353 1989 1386 2369 2276 2629 261 1700 1788 0 2509 2493 1573 540 2584 1371 1926 2384 2757 1323 1986 2166 1880 2301 2352 2082 1837 2517 1385 1456 1952 2543 1934 2190 617 1613 1864 927 1682 2503 1682 2355 1889 1507 2057 1319 1784 586 2225 530 972 1537 1921 2213 1480 2763 699 2189 2253 1392 1669 1371 1413 942
1463 248 2133 435 2740 2440 1134 1457 2195 1096 1759 1673 2170 1815 1305 1156 1267 2032 1389 1687 2432 2061 752 197 1149 3125 2127 1193 2169 769 1885 1982 801 1953 2148 1915 1163 1463 1290 2602 1766 157 2326 1933 2019 2509 0 1241 1862 2323 2073 2309 2159 485 630 1739 2276 2971 1288 1790 160 1953 1407 2006 1514 1453 2185 2032 2166 461 2577 1526 1339 2017 1344 810 2487 1844 662 2230 922 1373 1230 2252 1315 2360 2633 1421 2726 1238 2203 595 2667 822 2485 1590 1901 1217 1544 2011
823 1278 1781 883 2857 2322 127 590 1850 699 1046 1790 2154 1332 788 1283 1350 1319 872 1804 2087 1577 1468 1285 908 3242 1644 675 2153 499 1172 2099 606 1462 1803 2031 284 823 1305 2719 1052 1279 2310 2050 1535 2493 1241 0 1379 2379 1360 2426 2276 875 1152 1637 1792 2546 771 1077 1294 1469 965 1293 1381 1275 2301 1319 2283 1363 2678 1042 822 2134 1216 623 2142 1131 1479 2347 796 1513 938 2369 599 2344 2342 1188 2301 481 2320 1258 2768 419 2602 1742 2018 1271 1661 2128
875 1744 862 1570 2384 1294 1272 1372 691 1057 1156 1318 1234 704 698 814 867 1428 901 1332 968 363 1256 1825 734 2384 304 903 1233 1149 1282 1242 1162 967 581 1174 1239 875 822 2247 1162 1901 1390 1578 356 1573 1862 1379 0 1459 1470 1568 1803 1564 1905 717 453 1207 766 1187 1791 737 723 1403 609 717 1829 1429 1811 1630 1758 499 749 1277 771 1389 1018 1241 1328 1615 943 969 670 1505 1111 1424 1224 637 962 1099 1588 1975 1848 1075 2130 1270 1546 810 1192 1260
1876 2119 937 2147 2321 949 2272 2372 1498 2057 2156 1255 225 1830 1698 1300 1145 2429 1901 1268 1253 1729 1631 2200 1734 1092 1724 1903 788 2149 2282 570 2162 1967 1451 1026 2239 1876 1200 2184 2162 2444 279 1515 1674 540 2323 2379 1459 0 2470 895 1740 2199 2571 1209 1872 2273 1766 2187 2166 1968 1723 2403 1271 1342 1766 2429 1748 2005 408 1499 1750 451 1497 2389 1789 2241 1703 1031 1914 1134 1670 114 2111 744 1123 1404 2029 2099 1004 2578 498 2075 2067 1207 1483 1186 1227 498
655 2110 1873 1747 2948 2414 1309 1152 1941 1229 642 1881 2245 1086 888 1374 1441 711 1078 1895 2178 1500 1802 2117 1080 3333 1553 1123 2244 1326 425 2191 1339 755 1894 2123 1076 837 1396 2810 548 2112 2401 2141 1468 2584 2073 1360 1470 2470 0 2517 2367 1741 2082 1728 1567 2416 943 650 2126 947 1061 703 1472 1366 2393 278 2375 2116 2770 1134 923 2226 1307 1566 2233 586 1874 2438 1289 1604 1029 2461 891 2436 2433 1279 2171 879 2411 2152 2859 1252 2694 1833 2110 1362 1752 2219
1922 2105 1368 2132 1774 1621 2318 2419 1607 2075 2202 1022 1056 1939 1762 1285 1131 2475 1948 977 1810 1839 1617 2185 1781 1556 1833 1949 1350 2196 2329 537 2209 2076 1560 743 2286 1922 1186 1637 2209 2429 1111 971 1783 1371 2309 2426 1568 895 2517 0 1093 2184 2557 1318 1982 2383 1813 2234 2152 2077 1784 2450 1381 1354 1186 2476 1103 1990 1149 1609 1796 535 1482 2435 1899 2288 1689 317 1899 1119 1707 824 2158 1542 1824 1391 2138 2146 290 2563 1239 2121 1520 941 843 1171 1024 595
1772 1955 1603 1982 843 1857 2169 2269 1843 1925 2053 738 1587 1818 1612 1135 981 2326 1798 752 2046 2059 1467 2035 1631 2520 2068 1799 1586 2046 2179 1400 2059 1955 1796 1327 2136 1772 1036 705 2059 2279 1743 490 2010 1926 2159 2276 1803 1740 2367 1093 0 2034 2407 1460 2217 2618 1663 2084 2002 1956 1646 2300 1248 1204 93 2326 10 1840 1994 1529 1646 1435 1332 2286 2134 2138 1539 987 1749 969 1557 1669 2008 1777 2060 1241 2373 1996 960 2413 2084 1972 588 836 311 1021 999 1428
1131 577 1967 81 2615 2315 768 1139 2035 874 1427 1549 2045 1517 973 967 1143 1700 1057 1563 2272 1762 773 585 936 3001 1829 860 2044 502 1553 1858 550 1654 1988 1790 844 1131 1165 2478 1433 472 2202 1809 1720 2384 485 875 1564 2199 1741 2184 2034 0 385 1615 1977 2731 956 1458 593 1654 1150 1674 1388 1292 2060 1700 2042 684 2453 1228 1007 1893 1116 349 2327 1512 800 2106 708 1248 1016 2128 983 2236 2484 1232 2487 905 2079 411 2543 547 2361 1466 1777 1080 1420 1886
1472 762 2308 453 2988 2688 1044 1480 2376 1225 1767 1921 2418 1858 1314 1339 1515 2040 1398 1935 2613 2103 1145 769 1308 3373 2170 1201 2417 843 1894 2231 916 1995 2329 2163 1185 1472 1538 2850 1774 557 2574 2181 2061 2757 630 1152 1905 2571 2082 2557 2407 385 0 1987 2318 3072 1297 1799 778 1995 1491 2015 1760 1664 2433 2041 2414 964 2825 1568 1348 2266 1488 659 2668 1853 1172 2478 1081 1621 1389 2500 1324 2608 2840 1605 2828 1246 2451 126 2915 888 2734 1838 2149 1453 1792 2259
1133 1535 594 1562 2041 1232 1530 1630 851 1315 1414 974 984 1088 956 711 520 1687 1159 988 1088 987 1047 1616 992 2134 982 1161 983 1407 1540 992 1420 1225 804 772 1497 1133 497 1903 1420 1860 1140 1235 932 1323 1739 1637 717 1209 1728 1318 1460 1615 1987 0 1130 1626 1024 1445 1582 1226 981 1661 377 470 1486 1687 1468 1421 1508 757 1008 1027 842 1647 1142 1499 1119 1316 1201 578 928 1255 1369 1174 1301 552 1381 1357 1289 1994 1598 1333 1787 926 1203 573 846 1010
1289 2158 1275 1983 2798 1496 1685 1786 935 1470 1569 1731 1647 586 1112 1227 1281 1842 1315 1745 1170 417 1670 2238 1148 2798 149 1316 1646 1563 1647 1655 1575 1020 935 1587 1652 1289 1235 2660 1576 2315 1803 1992 454 1986 2276 1792 453 1872 1567 1982 2217 1977 2318 1130 0 849 1180 1600 2205 619 1137 1817 1023 1131 2243 1457 2225 2043 2172 889 1163 1690 1185 1802 1080 1654 1742 2029 1356 1382 1084 1918 1524 1722 1426 1050 604 1513 2002 2389 2262 1488 2544 1683 1960 1224 1606 1674
2043 2767 1676 2737 3199 1421 2439 2540 860 2224 2323 2132 2048 1436 1866 1931 1782 2596 2069 2146 1095 1173 2279 2847 1902 3199 925 2070 1628 2317 2450 2056 2329 1869 860 1988 2406 2043 1723 3061 2330 3069 2203 2392 1210 2166 2971 2546 1207 2273 2416 2383 2618 2731 3072 1626 849 0 1934 2354 2814 1468 1891 2571 1512 1582 2644 2306 2626 2652 2573 1667 1917 2091 1939 2556 893 2408 2351 2430 2110 1916 1838 2319 2278 1646 1350 1663 250 2267 2403 3143 2663 2242 2945 2084 2361 1791 2103 2075
349 1325 1169 962 2244 1710 664 845 1238 449 629 1177 1541 719 175 671 738 902 221 1191 1474 965 1098 1333 297 2629 1031 340 1540 541 756 1487 554 848 1191 1419 631 349 692 2106 636 1327 1697 1438 923 1880 1288 771 766 1766 943 1813 1663 956 1297 1024 1180 1934 0 660 1341 857 353 877 768 662 1689 902 1671 1331 2066 430 187 1522 603 781 1529 714 1170 1734 504 900 326 1757 572 1732 1730 576 1689 568 1707 1367 2155 467 1990 1129 1406 659 1049 1515
372 1827 1590 1464 2665 2130 1026 778 1658 946 49 1598 1962 1140 605 1091 1158 307 795 1612 1895 1385 1519 1834 797 3050 1452 840 1961 1043 233 1908 1056 886 1611 1840 793 554 1113 2527 109 1829 2118 1858 1343 2301 1790 1077 1187 2187 650 2234 2084 1458 1799 1445 1600 2354 660 0 1843 1174 778 282 1189 1083 2110 620 2091 1833 2487 851 639 1943 1024 1283 1950 119 1590 2155 1006 1321 746 2177 607 2153 2150 996 2110 596 2128 1869 2576 969 2411 1550 1826 1079 1469 1936
1516 120 1976 541 2583 2283 1187 1510 2038 1148 1812 1516 2013 1788 1358 999 1110 2085 1442 1530 2275 2034 595 69 1200 2968 2056 1245 2012 822 1938 1826 853 1925 1991 1758 1215 1516 1133 2445 1818 292 2169 1776 1991 2352 160 1294 1791 2166 2126 2152 2002 593 778 1582 2205 2814 1341 1843 0 1926 1458 2059 1357 1296 2028 2085 2010 309 2421 1499 1392 1861 1211 937 2330 1897 505 2073 972 1216 1280 2096 1368 2204 2476 1264 2569 1290 2046 723 2510 874 2329 1433 1745 1060 1388 1854
966 1879 1370 1660 2537 1911 1362 1463 1405 1147 1148 1470 1743 139 789 963 1030 1305 992 1484 1676 569 1391 1951 825 2893 605 993 1741 1240 1027 1751 1252 417 1295 1683 1329 966 985 2399 1072 1992 1899 1730 537 2082 1953 1469 737 1968 947 2077 1956 1654 1995 1226 619 1468 857 1174 1926 0 809 1279 1061 955 1981 837 1963 1764 2267 521 840 1786 896 1479 1699 1140 1462 2027 1033 1193 761 2014 1201 1933 1931 868 1224 1190 2000 2066 2357 1165 2282 1422 1698 951 1341 1769
466 1377 1126 1136 2227 1667 858 963 1194 626 747 1160 1498 671 201 649 720 1019 488 1174 1431 922 1081 1405 279 2600 988 446 1497 736 873 1458 748 808 1147 1381 825 466 675 2089 753 1446 1654 1420 879 1837 1407 965 723 1723 1061 1784 1646 1150 1491 981 1137 1891 353 778 1458 809 0 994 751 645 1672 1020 1653 1315 2023 373 309 1493 582 975 1486 832 1152 1717 488 883 243 1723 702 1689 1686 558 1646 690 1690 1555 2112 661 1973 1112 1388 641 1031 1477
589 2043 1806 1680 2881 2347 1242 786 1875 1162 324 1815 2178 1356 822 1308 1375 28 1011 1828 2112 1602 1735 2051 1014 3266 1668 1057 2177 1259 301 2124 1272 1072 1828 2056 1010 770 1329 2744 241 2045 2334 2075 1560 2517 2006 1293 1403 2403 703 2450 2300 1674 2015 1661 1817 2571 877 282 2059 1279 994 0 1405 1299 2326 726 2308 2050 2703 1067 856 2159 1240 1499 2166 163 1807 2371 1222 1537 963 2394 824 2369 2367 1213 2326 812 2345 2085 2793 1185 2627 1767 2043 1296 1686 2152
877 1310 674 1336 1829 1208 1273 1374 736 1059 1157 762 1046 923 717 481 308 1430 903 776 973 890 822 1391 736 2197 874 904 1045 1151 1284 1054 1164 1060 689 788 1241 877 269 1691 1164 1635 1202 1022 835 1385 1514 1381 609 1271 1472 1381 1248 1388 1760 377 1023 1512 768 1189 1357 1061 751 1405 0 137 1274 1431 1256 1196 1571 634 751 1089 507 1390 1028 1243 894 1315 938 410 662 1317 1113 1237 1228 213 1267 1101 1288 1767 1661 1076 1575 714 991 341 633 1073
771 1249 744 1240 1785 1279 1168 1268 806 953 1052 719 1116 817 611 377 265 1325 797 733 1043 993 761 1330 630 2171 982 799 1115 1045 1178 1028 1058 954 759 906 1135 771 205 1648 1058 1565 1273 979 938 1456 1453 1275 717 1342 1366 1354 1204 1292 1664 470 1131 1582 662 1083 1296 955 645 1299 137 0 1230 1325 1212 1135 1623 528 645 1063 401 1285 1098 1137 833 1276 832 421 556 1298 1007 1307 1299 107 1337 995 1249 1671 1713 971 1531 671 947 273 590 1056
1798 1981 1629 2008 785 1882 2194 2295 1868 1951 2078 764 1613 1844 1638 1161 1007 2351 1824 778 2071 2085 1493 2061 1657 2568 2094 1825 1611 2072 2205 1425 2084 1981 1821 1353 2162 1798 1061 647 2085 2305 1769 516 2036 1952 2185 2301 1829 1766 2393 1186 93 2060 2433 1486 2243 2644 1689 2110 2028 1981 1672 2326 1274 1230 0 2352 86 1866 2020 1555 1672 1460 1358 2311 2160 2164 1564 1079 1775 995 1583 1695 2034 1803 2085 1267 2399 2022 1052 2439 2110 1997 530 862 357 1047 1025 1453
614 2069 1832 1706 2907 2373 1268 1111 1900 1188 595 1840 2204 976 848 1333 1400 751 1037 1854 2137 1390 1761 2077 1039 3292 1443 1082 2203 1285 474 2150 1298 645 1853 2082 1036 796 1355 2769 518 2071 2360 2100 1359 2543 2032 1319 1429 2429 278 2476 2326 1700 2041 1687 1457 2306 902 620 2085 837 1020 726 1431 1325 2352 0 2334 2075 2729 1093 882 2185 1266 1525 2192 587 1833 2397 1248 1563 989 2420 850 2395 2393 1239 2061 838 2370 2111 2818 1211 2653 1792 2069 1322 1712 2178
1780 1963 1611 1990 836 1864 2176 2277 1850 1933 2060 746 1594 1826 1620 1143 989 2333 1806 760 2053 2067 1475 2043 1639 2530 2076 1807 1593 2054 2187 1407 2066 1963 1803 1335 2143 1780 1043 699 2067 2287 1751 498 2017 1934 2166 2283 1811 1748 2375 1103 10 2042 2414 1468 2225 2626 1671 2091 2010 1963 1653 2308 1256 1212 86 2334 0 1848 2002 1536 1654 1442 1340 2293 2142 2145 1546 997 1757 977 1565 1677 2015 1785 2067 1249 2381 2004 970 2421 2092 1979 582 844 321 1029 1007 1435
1514 213 1815 631 2421 2121 1255 1579 1877 1005 1802 1355 1851 1626 1286 838 949 2075 1463 1369 2114 1872 434 303 1057 2807 1895 1207 1850 891 1929 1664 922 1764 1830 1596 1284 1514 971 2284 1809 547 2008 1615 1830 2190 461 1363 1630 2005 2116 1990 1840 684 964 1421 2043 2652 1331 1833 309 1764 1315 2050 1196 1135 1866 2075 1848 0 2259 1337 1394 1699 1049 1027 2168 1887 344 1912 829 1054 1137 1934 1437 2042 2314 1102 2407 1359 1885 936 2349 943 2167 1272 1583 898 1226 1692
2175 2374 1236 2401 2575 1248 2571 2672 1798 2336 2455 1509 525 2130 1998 1554 1400 2728 2201 1523 1553 2029 1886 2454 2034 824 2023 2202 1087 2449 2582 824 2461 2267 1751 1280 2539 2175 1454 2438 2462 2698 558 1769 1974 617 2577 2678 1758 408 2770 1149 1994 2453 2825 1508 2172 2573 2066 2487 2421 2267 2023 2703 1571 1623 2020 2729 2002 2259 0 1799 2049 704 1751 2688 2089 2541 1957 1285 2168 1388 1970 360 2410 1013 1423 1660 2328 2399 1258 2832 202 2374 2321 1461 1737 1440 1481 752
539 1452 902 1234 2110 1443 935 1036 971 720 819 1043 1274 383 362 536 603 1092 565 1057 1208 613 964 1524 398 2425 764 566 1273 813 946 1282 825 521 924 1214 902 539 558 1972 826 1565 1430 1303 571 1613 1526 1042 499 1499 1134 1609 1529 1228 1568 757 889 1667 430 851 1499 521 373 1067 634 528 1555 1093 1536 1337 1799 0 413 1317 469 1052 1262 904 1035 1600 606 766 334 1545 774 1465 1463 441 1422 763 1573 1639 1889 738 1855 995 1271 524 914 1301
328 1376 1152 1013 2227 1693 715 825 1221 500 608 1161 1524 702 117 654 721 881 301 1175 1458 948 1081 1384 357 2613 1014 391 1523 592 735 1470 605 697 1174 1402 682 328 675 2090 615 1378 1681 1421 906 1864 1339 822 749 1750 923 1796 1646 1007 1348 1008 1163 1917 187 639 1392 840 309 856 751 645 1672 882 1654 1394 2049 413 0 1505 587 832 1512 693 1153 1718 567 884 309 1740 530 1715 1713 559 1672 550 1691 1418 2139 518 1973 1113 1389 642 1032 1498
1631 1814 1076 1841 2015 1290 2027 2128 1316 1784 1911 949 612 1648 1471 994 840 2184 1657 963 1492 1547 1326 1894 1490 1107 1542 1658 1019 1905 2038 264 1917 1785 1269 720 1995 1631 894 1878 1918 2138 667 1209 1492 927 2017 2134 1277 451 2226 535 1435 1893 2266 1027 1690 2091 1522 1943 1861 1786 1493 2159 1089 1063 1460 2185 1442 1699 704 1317 1505 0 1191 2144 1607 1997 1397 670 1608 828 1416 380 1866 1131 1493 1100 1847 1855 643 2272 792 1830 1761 901 1177 880 922 324
712 1164 1119 1064 1913 1613 1109 1209 1181 893 993 846 1343 758 552 213 425 1266 738 860 1418 1004 667 1244 571 2298 1036 740 1342 986 1119 1156 999 895 1134 1088 1076 712 409 1775 999 1394 1499 1106 957 1682 1344 1216 771 1497 1307 1482 1332 1116 1488 842 1185 1939 603 1024 1211 896 582 1240 507 401 1358 1266 1340 1049 1751 469 587 1191 0 1226 1473 1078 748 1403 731 561 499 1426 948 1534 1674 314 1694 936 1376 1495 1840 912 1659 778 1075 329 718 1184
956 921 1791 407 2866 2332 515 964 1860 709 1251 1800 2164 1342 798 1289 1360 1524 882 1814 2097 1587 1117 929 918 3252 1653 685 2162 356 1378 2109 475 1479 1813 2041 669 956 1314 2729 1258 821 2320 2060 1545 2503 810 623 1389 2389 1566 2435 2286 349 659 1647 1802 2556 781 1283 937 1479 975 1499 1390 1285 2311 1525 2293 1027 2688 1052 832 2144 1226 0 2151 1337 1144 2357 805 1523 948 2379 807 2354 2352 1198 2311 730 2330 747 2778 372 2612 1752 2028 1281 1671 2137
1638 2283 1192 2302 2715 937 2034 2135 437 1820 1918 1648 1564 1593 1461 1447 1298 2191 1664 1662 611 1358 1795 2363 1497 2715 1155 1666 1144 1912 2045 1572 1925 1730 437 1504 2002 1638 1239 2577 1925 2607 1719 1908 1350 1682 2487 2142 1018 1789 2233 1899 2134 2327 2668 1142 1080 893 1529 1950 2330 1699 1486 2166 1028 1098 2160 2192 2142 2168 2089 1262 1512 1607 1473 2151 0 2004 1867 1946 1706 1432 1433 1835 1874 1162 866 1179 648 1862 1919 2727 2179 1837 2461 1600 1877 1307 1619 1591
426 1881 1644 1518 2719 2184 1080 685 1712 1000 162 1652 2016 1194 659 1145 1212 189 849 1666 1949 1439 1573 1888 851 3104 1506 894 2015 1097 162 1962 1110 910 1665 1894 847 608 1167 2581 78 1883 2172 1912 1397 2355 1844 1131 1241 2241 586 2288 2138 1512 1853 1499 1654 2408 714 119 1897 1140 832 163 1243 1137 2164 587 2145 1887 2541 904 693 1997 1078 1337 2004 0 1644 2209 1060 1375 800 2231 661 2207 2204 1050 2164 650 2182 1923 2630 1023 2465 1604 1880 1133 1523 1990
1279 458 1513 748 2120 1819 1372 1695 1575 955 1559 1053 1550 1325 1119 536 647 1832 1305 1067 1812 1570 132 539 1007 2505 1593 1157 1549 1007 1686 1362 1039 1462 1528 1295 1401 1279 670 1982 1566 783 1706 1313 1528 1889 662 1479 1328 1703 1874 1689 1539 800 1172 1119 1742 2351 1170 1590 505 1462 1152 1807 894 833 1564 1833 1546 344 1957 1035 1153 1397 748 1144 1867 1644 0 1610 780 753 1006 1632 1426 1740 2013 801 2106 1413 1583 1179 2047 1059 1865 970 1281 597 924 1391
