NAME: zurich_100_10
COMMENT: TSP instance with 100 nodes. City: Zurich, Switzerland, Seed: 52
TYPE: TSP
DIMENSION: 100
EDGE_WEIGHT_TYPE: EXPLICIT
EDGE_WEIGHT_FORMAT: FULL_MATRIX
NODE_COORD_SECTION:
1 47.3485762 8.7261691
2 47.2296856 8.6705983
3 47.4122291 8.4639416
4 47.5261125 8.5443336
5 47.2943962 8.3579983
6 47.5494696 8.7390518
7 47.4030679 8.4048732
8 47.4989749 8.4551374
9 47.3421707 8.4829274
10 47.3986853 8.6046741
11 47.3028695 8.6884092
12 47.4086027 8.3178868
13 47.4212318 8.3161469
14 47.4495062 8.6993198
15 47.3771776 8.5338267
16 47.2786663 8.3388102
17 47.2080162 8.7393276
18 47.4847142 8.7104963
19 47.2246386 8.6323251
20 47.4903555 8.5483125
21 47.3260954 8.4905162
22 47.3669792 8.7867888
23 47.2604114 8.5979963
24 47.4941306 8.2775779
25 47.4165836 8.4501
26 47.3058775 8.5515374
27 47.4142965 8.4575525
28 47.3739396 8.5353072
29 47.508685 8.5381393
30 47.2609205 8.5963011
31 47.3942803 8.533652
32 47.344676 8.6186074
33 47.228132 8.386005
34 47.3231966 8.3863661
35 47.3157679 8.590367
36 47.2693406 8.6513207
37 47.403467 8.5305653
38 47.2385185 8.6107184
39 47.3379157 8.4575519
40 47.5321316 8.5789557
41 47.2500623 8.7042724
42 47.2489605 8.7805052
43 47.2464064 8.7106212
44 47.4110621 8.5901772
45 47.307313 8.6018049
46 47.4584966 8.4090165
47 47.4806645 8.7606572
48 47.2335261 8.3185996
49 47.50209 8.8028863
50 47.3624992 8.7904234
51 47.3564142 8.5893271
52 47.3213773 8.3811979
53 47.4707953 8.486088
54 47.3135903 8.7931693
55 47.4808235 8.5077672
56 47.3487931 8.5960011
57 47.4812666 8.4640974
58 47.2794902 8.4466726
59 47.2600419 8.4266833
60 47.3329726 8.6155715
61 47.4179671 8.6236169
62 47.3944622 8.5254291
63 47.4190911 8.4164005
64 47.2680785 8.6789591
65 47.3890251 8.5411364
66 47.4960342 8.2770858
67 47.3664003 8.5121645
68 47.2016514 8.6376359
69 47.4306634 8.7685848
70 47.5136982 8.5368422
71 47.3869985 8.7537303
72 47.4260402 8.6826615
73 47.3803259 8.560779
74 47.4104592 8.722081
75 47.491888 8.7422495
76 47.4412456 8.3865624
77 47.4231936 8.5765576
78 47.425827 8.6082407
79 47.3404803 8.6696582
80 47.271061 8.6725097
81 47.3912829 8.5231155
82 47.3370355 8.6149171
83 47.3837827 8.2984191
84 47.3718945 8.3048084
85 47.3251426 8.5355663
86 47.4954798 8.7372407
87 47.2693034 8.5825099
88 47.5259144 8.7928428
89 47.4377327 8.3521415
90 47.3725489 8.5175245
91 47.4640107 8.3244333
92 47.2697095 8.4929202
93 47.2110598 8.6231465
94 47.2748717 8.7273265
95 47.374488 8.4957091
96 47.3823422 8.7151026
97 47.3074926 8.6091101
98 47.1977134 8.7683304
99 47.3205752 8.424552
100 47.2020965 8.5755211
EDGE_WEIGHT_SECTION:
0 1986 1267 1271 2097 1390 1360 1491 1662 678 478 1998 1956 871 1031 2251 2297 904 1813 1072 1750 480 1886 1897 1245 1475 1305 1039 1180 1886 937 848 2358 1832 925 840 922 1696 1502 1513 963 875 977 690 985 1372 1169 2679 1427 458 933 1783 1236 479 1219 885 1335 1889 1895 760 529 951 1223 836 920 1938 1202 2037 712 1189 411 645 1043 505 1166 1484 830 643 518 810 991 764 2113 2050 1429 1119 1767 1384 1606 1118 1601 2073 1914 667 1177 283 956 2505 1690 2214
1986 0 1458 1940 1712 2383 1399 2126 1321 1489 1863 1764 1886 1864 981 1861 467 1898 280 1741 1237 2214 447 2071 1565 605 1496 973 1848 458 1225 1578 1763 1447 1544 2036 1271 315 984 2181 2372 2450 2363 1471 1671 1888 2306 2161 2486 2193 1381 1398 1871 2266 1887 1420 1942 1371 1377 1556 1536 1157 1549 2197 1137 2112 1028 429 2197 1857 2089 1865 1218 1947 2159 1659 1521 1617 1828 2142 1157 1555 1728 1665 771 2112 574 2378 1781 947 1776 1276 410 2101 1089 1904 1762 684 1239 793
1267 1458 0 1130 1238 1664 423 933 809 770 1523 1157 1123 1145 608 1393 1768 1178 1285 931 927 1495 1358 1162 190 947 39 638 1038 1357 577 1237 1562 974 1230 1721 562 1167 674 1371 2042 2048 2048 779 1356 786 1587 1883 1767 1473 1025 925 687 1547 906 1079 749 1093 1099 1216 816 447 289 1882 566 1203 587 1509 1478 1047 1370 1146 729 1228 1440 602 725 928 1310 1827 487 1214 1254 1191 901 1393 1239 1658 774 540 867 1267 1386 1760 468 1185 1447 1976 832 1686
1271 1940 1130 0 1959 1246 1223 539 1559 774 1635 1861 1819 1078 984 2113 2250 1091 1767 282 1676 1499 1840 1638 1108 1428 1168 993 218 1839 891 1379 2283 1695 1560 1997 875 1649 1395 365 2141 2053 2155 750 1686 996 1412 2603 1474 1478 1294 1646 646 1551 530 1370 551 1814 1820 1504 821 905 1086 1993 873 1679 1156 1991 1482 194 1374 1149 996 1232 1265 1245 619 800 1314 1966 944 1502 1975 1912 1383 1209 1720 1280 1469 1072 1381 1987 1868 1845 1131 1190 1777 2458 1552 2168
2097 1712 1238 1959 0 2494 1062 1789 1023 1599 2107 952 1072 1974 1224 260 2022 2008 1539 1760 1003 2325 1612 1734 1228 1200 1276 1216 1867 1611 1469 1821 646 368 1788 2279 1493 1421 811 2200 2615 2693 2606 1609 1914 1550 2416 793 2596 2303 1624 313 1533 2376 1753 1663 1605 683 576 1800 1646 1381 1212 2441 1381 1775 1271 1753 2307 1876 2200 1976 1461 2057 2270 1321 1555 1758 2072 2385 1381 1798 701 638 1155 2223 1492 2488 1444 1190 1438 928 1594 2344 1217 2015 2005 2230 549 1480
1390 2383 1664 1246 2494 0 1758 1703 2059 1075 1787 2395 2354 725 1428 2648 2694 596 2210 1294 2147 1423 2283 2294 1642 1872 1703 1437 1382 2283 1335 1667 2755 2229 2003 2150 1319 2093 1899 983 2260 2172 2274 1091 2129 1769 689 3076 710 1401 1582 2180 1633 1670 1612 1713 1715 2286 2292 1798 936 1348 1620 2146 1317 2335 1600 2434 1117 1358 1154 872 1440 954 564 1881 1227 1050 1602 2119 1388 1791 2510 2447 1827 508 2164 525 2004 1515 1998 2470 2312 1964 1574 1179 2187 2902 2087 2611
1360 1399 423 1223 1062 1758 0 1052 662 863 1709 824 789 1238 764 1216 1710 1272 1226 1024 779 1588 1299 886 406 888 461 806 1131 1299 799 1423 1385 797 1398 1889 758 1109 498 1464 2225 2142 2216 872 1524 703 1680 1706 1860 1567 1218 749 797 1640 1017 1265 868 916 923 1402 910 670 222 2051 789 927 764 1450 1571 1140 1463 1239 951 1321 1533 458 819 1021 1403 1995 687 1400 998 936 842 1487 1180 1752 500 718 591 1090 1328 1934 645 1279 1615 1918 655 1627
1491 2126 933 539 1789 1703 1052 0 1388 994 1854 1518 1462 1369 1171 1943 2436 1402 1953 570 1506 1719 2026 1099 937 1615 971 1203 532 2025 1033 1598 2112 1524 1764 2217 909 1835 1225 821 2361 2272 2374 970 1890 625 1811 2433 1930 1697 1505 1475 367 1770 363 1575 216 1643 1649 1709 1040 1018 915 2213 1035 1140 1258 2177 1702 483 1594 1368 1191 1452 1664 874 839 1020 1534 2186 1058 1707 1765 1742 1569 1617 1907 1737 1139 1212 1010 1817 2054 2064 1139 1409 1981 2644 1382 2354
1662 1321 809 1559 1023 2059 662 1388 0 1164 1600 1075 1197 1539 692 1177 1631 1573 1148 1360 117 1889 1220 1334 799 809 848 690 1467 1220 878 1315 1270 758 1281 1773 863 1030 396 1800 2109 2187 2100 1146 1408 1150 1981 1591 2161 1868 1113 709 1133 1941 1353 1157 1204 676 807 1293 1211 748 812 1934 846 1375 563 1371 1872 1476 1764 1540 950 1622 1834 921 1155 1292 1561 1879 748 1292 1039 976 764 1788 1101 2053 1043 558 1038 550 1249 1838 485 1580 1499 1839 521 1178
678 1489 770 774 1599 1075 863 994 1164 0 906 1501 1459 556 533 1754 1799 589 1316 575 1252 906 1389 1399 748 977 808 542 682 1388 440 650 1860 1335 1050 1269 424 1198 1004 1015 1425 1459 1438 168 1190 875 997 2181 1177 884 565 1286 739 957 721 696 838 1391 1397 781 227 454 726 1265 422 1440 705 1540 889 691 781 557 476 639 851 987 298 336 586 1238 493 774 1615 1552 932 804 1269 1069 1109 621 1104 1575 1417 1169 680 596 1171 2007 1193 1717
478 1863 1523 1635 2107 1787 1709 1854 1600 906 0 2159 2281 1268 963 2256 2174 1301 1690 1436 1632 877 1763 2227 1608 1352 1561 945 1543 1763 1094 442 2235 1842 535 363 1152 1573 1379 1876 519 653 532 1012 596 1735 1566 2556 1824 855 719 1793 1599 496 1582 478 1698 1766 1772 353 926 1108 1586 358 996 2268 1127 1914 1109 1552 807 1041 909 902 1563 1815 1155 1040 320 332 1108 358 2123 2060 1302 1516 1644 1781 1937 1043 1932 1950 1792 304 1184 680 567 2382 1634 2091
1998 1764 1157 1861 952 2395 824 1518 1075 1501 2159 0 124 1876 1277 1107 2075 1909 1591 1662 1147 2226 1664 829 1135 1253 1195 1269 1769 1663 1420 1873 1493 743 1840 2331 1392 1473 863 2102 2667 2745 2658 1510 1966 1006 2318 1639 2498 2204 1676 689 1401 2278 1618 1715 1404 1281 1281 1852 1547 1290 951 2493 1409 870 1323 1815 2209 1778 2101 1877 1514 1959 2171 983 1457 1659 2041 2437 1307 1850 251 363 1207 2124 1545 2389 835 1243 680 1455 1692 2397 1269 1916 2058 2282 969 1992
1956 1886 1123 1819 1072 2354 789 1462 1197 1459 2281 124 0 1834 1343 1226 2197 1868 1713 1620 1270 2184 1786 773 1101 1375 1161 1383 1727 1786 1378 1995 1612 865 1962 2454 1350 1596 985 2060 2790 2738 2781 1468 2089 950 2276 1759 2456 2163 1795 811 1355 2236 1572 1837 1348 1403 1403 1974 1506 1248 917 2615 1367 814 1392 1937 2167 1736 2059 1835 1529 1917 2129 937 1415 1617 1999 2560 1265 1972 371 483 1330 2083 1667 2348 801 1317 624 1577 1815 2518 1276 1875 2180 2405 1091 2114
871 1864 1145 1078 1974 725 1238 1369 1539 556 1268 1876 1834 0 908 2129 2175 240 1691 950 1627 903 1764 1774 1123 1353 1183 917 1057 1763 815 1147 2236 1710 1484 1630 799 1573 1379 965 1741 1652 1754 571 1610 1250 648 2556 828 882 1062 1661 1114 1150 1097 1194 1213 1766 1773 1278 416 829 1101 1626 797 1815 1080 1915 684 1066 634 352 921 434 501 1362 707 530 1083 1599 868 1271 1990 1928 1307 454 1645 720 1484 996 1479 1950 1792 1444 1055 659 1668 2382 1568 2092
1031 981 608 984 1224 1428 764 1171 692 533 963 1277 1343 908 0 1374 1291 942 808 785 750 1258 881 1283 714 470 647 63 892 880 259 677 1352 960 669 1161 299 690 496 1225 1481 1549 1486 515 796 1024 1350 1673 1530 1237 465 911 915 1310 931 519 987 883 889 656 580 227 802 1318 186 1324 218 1032 1241 901 1133 909 287 991 1203 871 566 661 912 1267 227 654 1240 1177 424 1157 762 1422 993 134 988 1067 909 1200 275 949 887 1499 752 1209
2251 1861 1393 2113 260 2648 1216 1943 1177 1754 2256 1107 1226 2129 1374 0 2172 2162 1688 1915 1157 2479 1761 1888 1382 1350 1431 1366 2022 1760 1618 1970 673 522 1937 2428 1647 1571 938 2355 2764 2843 2755 1763 2063 1705 2571 649 2751 2457 1773 468 1688 2530 1907 1812 1759 775 668 1949 1800 1535 1366 2590 1530 1929 1420 1862 2462 2031 2354 2130 1611 2212 2424 1476 1709 1912 2221 2534 1535 1947 856 793 1304 2377 1642 2642 1598 1340 1593 1020 1686 2494 1371 2169 2155 2379 704 1572
2297 467 1768 2250 2022 2694 1710 2436 1631 1799 2174 2075 2197 2175 1291 2172 0 2208 609 2051 1548 2525 819 2382 1876 915 1807 1284 2159 829 1536 1888 2092 1758 1855 2346 1582 626 1294 2491 2682 2760 2673 1781 1981 2198 2616 2471 2796 2503 1691 1709 2181 2576 2198 1730 2252 1681 1688 1867 1846 1467 1860 2508 1448 2423 1338 733 2507 2168 2400 2176 1528 2258 2470 1969 1832 1927 2139 2452 1467 1865 2038 1975 1082 2423 894 2688 2091 1258 2086 1605 737 2411 1400 2215 2072 353 1550 1123
904 1898 1178 1091 2008 596 1272 1402 1573 589 1301 1909 1868 240 942 2162 2208 0 1724 984 1661 937 1797 1808 1157 1386 1217 951 1091 1797 849 1181 2269 1743 1517 1664 833 1607 1413 851 1774 1686 1788 605 1644 1283 408 2590 595 915 1096 1695 1147 1184 1130 1227 1246 1800 1806 1312 450 863 1135 1660 831 1849 1114 1948 718 1100 668 386 954 468 262 1396 741 564 1116 1633 902 1305 2024 1961 1341 221 1678 605 1518 1029 1512 1984 1826 1478 1089 693 1701 2416 1601 2125
1813 280 1285 1767 1539 2210 1226 1953 1148 1316 1690 1591 1713 1691 808 1688 609 1724 0 1568 1064 2041 335 1898 1392 432 1323 800 1675 345 1052 1405 1527 1274 1371 1863 1098 129 811 2008 2199 2277 2190 1298 1498 1714 2133 1980 2313 2020 1208 1225 1698 2093 1714 1247 1769 1198 1204 1383 1363 984 1376 2024 964 1939 855 268 2024 1684 1916 1692 1045 1774 1986 1486 1348 1444 1655 1969 984 1382 1555 1492 598 1939 411 2204 1608 774 1603 1040 152 1928 916 1731 1589 817 1066 558
1072 1741 931 282 1760 1294 1024 570 1360 575 1436 1662 1620 950 785 1915 2051 984 1568 0 1478 1300 1641 1560 909 1229 969 794 209 1640 692 1180 2084 1496 1361 1798 676 1450 1196 517 1942 1854 1956 551 1487 1003 1392 2405 1522 1279 1095 1447 534 1352 352 1172 576 1615 1621 1305 622 706 887 1794 674 1601 957 1792 1283 239 1175 931 798 1033 1245 1148 420 585 1115 1767 745 1303 1776 1713 1184 1199 1522 1328 1270 873 1265 1789 1669 1646 932 991 1578 2259 1354 1969
1750 1237 927 1676 1003 2147 779 1506 117 1252 1632 1147 1270 1627 750 1157 1548 1661 1064 1478 0 1977 1137 1451 917 726 965 742 1585 1136 983 1346 1163 783 1313 1804 980 947 289 1918 2140 2219 2131 1234 1439 1268 2069 1484 2249 1956 1149 733 1251 2029 1470 1188 1322 569 700 1325 1299 866 929 1966 906 1492 681 1288 1960 1594 1852 1628 987 1710 1922 1039 1252 1380 1597 1911 866 1323 1111 1048 680 1876 1018 2141 1161 676 1156 443 1154 1870 602 1668 1531 1755 456 1071
480 2214 1495 1499 2325 1423 1588 1719 1889 906 877 2226 2184 903 1258 2479 2525 937 2041 1300 1977 0 2114 2125 1473 1703 1533 1267 1408 2113 1165 1098 2586 2060 1324 1239 1149 1924 1730 1662 1316 1100 1330 918 1384 1600 1047 2907 1306 62 1161 2011 1464 596 1447 1168 1563 2117 2123 1159 757 1179 1451 1235 1148 2166 1430 2265 590 1417 269 781 1271 503 1144 1712 1058 871 917 1209 1219 1163 2341 2278 1657 1152 1995 1417 1834 1346 1829 2300 2142 1019 1405 509 1355 2732 1918 2442
1886 447 1358 1840 1612 2283 1299 2026 1220 1389 1763 1664 1786 1764 881 1761 819 1797 335 1641 1137 2114 0 1971 1465 488 1396 873 1748 11 1125 1478 1697 1347 1444 1935 1171 209 884 2081 2272 2350 2262 1370 1571 1787 2206 2061 2386 2092 1281 1298 1770 2166 1787 1319 1842 1271 1277 1456 1435 1057 1449 2097 1037 2012 927 553 2097 1757 1989 1765 1118 1847 2059 1559 1421 1517 1728 2042 1057 1455 1628 1565 671 2012 127 2277 1681 847 1675 1150 430 2001 989 1804 1662 1027 1139 728
1897 2071 1162 1638 1734 2294 886 1099 1334 1399 2227 829 773 1774 1283 1888 2382 1808 1898 1560 1451 2125 1971 0 1140 1560 1200 1325 1631 1970 1318 1942 2057 1469 1917 2408 1290 1780 1170 1920 2743 2678 2735 1408 2043 819 2216 2378 2396 2103 1737 1420 1248 2176 1426 1783 1165 1588 1594 1920 1446 1188 909 2570 1307 46 1332 2122 2107 1582 1999 1775 1470 1857 2069 845 1355 1557 1939 2514 1206 1919 1076 1189 1514 2023 1852 2288 837 1258 422 1762 1999 2459 1217 1815 2134 2589 1327 2299
1245 1565 190 1108 1228 1642 406 937 799 748 1608 1135 1101 1123 714 1382 1876 1157 1392 909 917 1473 1465 1140 0 1054 228 756 1016 1465 720 1353 1551 963 1348 1839 643 1275 664 1349 2115 2027 2129 757 1474 790 1565 1872 1745 1452 1163 915 682 1525 902 1215 753 1082 1089 1351 795 590 267 1967 709 1181 721 1616 1456 1025 1348 1124 871 1206 1418 580 704 906 1288 1933 626 1350 1244 1181 1008 1371 1346 1637 752 675 845 1256 1493 1819 603 1163 1565 2084 821 1793
1475 605 947 1428 1200 1872 888 1615 809 977 1352 1253 1375 1353 470 1350 915 1386 432 1229 726 1703 488 1560 1054 0 985 462 1337 480 714 1066 1329 936 1033 1524 760 314 472 1670 1860 1938 1851 959 1159 1376 1794 1649 1974 1681 869 887 1359 1754 1376 908 1431 859 866 1045 1024 645 1038 1686 626 1601 516 656 1685 1346 1578 1354 706 1436 1648 1147 1010 1105 1317 1630 645 1043 1216 1154 260 1601 361 1866 1270 436 1264 825 533 1589 578 1393 1251 1123 728 833
1305 1496 39 1168 1276 1703 461 971 848 808 1561 1195 1161 1183 647 1431 1807 1217 1323 969 965 1533 1396 1200 228 985 0 676 1076 1396 615 1276 1600 1012 1268 1759 600 1206 713 1409 2080 2087 2086 817 1394 824 1625 1921 1805 1512 1063 963 725 1585 945 1117 787 1131 1137 1254 855 486 327 1920 605 1241 625 1547 1516 1085 1408 1184 767 1266 1478 640 764 966 1348 1866 525 1253 1292 1230 939 1432 1277 1697 812 579 905 1305 1424 1799 506 1224 1486 2015 870 1724
1039 973 638 993 1216 1437 806 1203 690 542 945 1269 1383 917 63 1366 1284 951 800 794 742 1267 873 1325 756 462 676 0 901 872 279 659 1345 952 636 1128 337 683 489 1234 1461 1531 1455 524 763 1056 1359 1666 1539 1246 448 903 944 1319 940 501 1019 876 882 638 589 283 843 1289 192 1366 216 1024 1250 910 1142 918 285 1000 1212 912 575 670 895 1234 283 636 1232 1170 416 1166 754 1431 1035 132 1029 1059 901 1182 273 958 854 1491 744 1201
1180 1848 1038 218 1867 1382 1131 532 1467 682 1543 1769 1727 1057 892 2022 2159 1091 1675 209 1585 1408 1748 1631 1016 1337 1076 901 0 1747 799 1287 2191 1603 1468 1905 783 1557 1304 501 2050 1961 2063 658 1594 989 1499 2512 1610 1386 1202 1554 622 1459 446 1279 545 1722 1728 1412 729 813 994 1901 782 1672 1064 1899 1390 128 1283 1057 905 1140 1353 1238 527 708 1222 1875 853 1411 1883 1821 1291 1306 1629 1416 1377 980 1367 1896 1776 1753 1039 1098 1685 2366 1461 2076
1886 458 1357 1839 1611 2283 1299 2025 1220 1388 1763 1663 1786 1763 880 1760 829 1797 345 1640 1136 2113 11 1970 1465 480 1396 872 1747 0 1125 1477 1688 1346 1444 1935 1171 218 883 2080 2271 2349 2262 1370 1570 1787 2205 2060 2385 2092 1280 1298 1770 2165 1786 1319 1841 1270 1276 1456 1435 1056 1448 2097 1037 2011 927 562 2096 1756 1988 1764 1117 1846 2058 1558 1421 1516 1727 2041 1056 1454 1627 1564 671 2012 119 2277 1680 846 1675 1142 440 2000 989 1804 1661 1036 1138 719
937 1225 577 891 1469 1335 799 1033 878 440 1094 1420 1378 815 259 1618 1536 849 1052 692 983 1165 1125 1318 720 714 615 279 799 1125 0 809 1597 1204 840 1331 161 935 741 1132 1613 1681 1626 422 966 886 1257 1918 1437 1144 590 1155 777 1217 838 650 849 1128 1134 787 487 168 744 1453 111 1359 431 1276 1148 808 1040 816 273 898 1110 906 473 568 973 1415 207 786 1485 1422 669 1064 1006 1329 1028 347 1023 1312 1154 1332 394 856 1057 1744 996 1453
848 1578 1237 1379 1821 1667 1423 1598 1315 650 442 1873 1995 1147 677 1970 1888 1181 1405 1180 1346 1098 1478 1942 1353 1066 1276 659 1287 1477 809 0 1949 1557 464 793 866 1287 1093 1620 960 1028 973 756 586 1480 1589 2270 1769 1076 421 1508 1343 871 1326 192 1443 1480 1486 135 790 822 1331 800 710 1983 841 1628 1228 1296 964 895 623 948 1443 1529 899 887 409 762 822 125 1837 1774 1017 1396 1358 1661 1651 757 1646 1664 1506 679 899 788 528 2096 1348 1805
2358 1763 1562 2283 646 2755 1385 2112 1270 1860 2235 1493 1612 2236 1352 673 2092 2269 1527 2084 1163 2586 1697 2057 1551 1329 1600 1345 2191 1688 1597 1949 0 908 1916 2407 1643 1493 911 2524 2743 2821 2734 1842 2042 1874 2677 580 2857 2564 1752 854 1857 2637 2077 1791 1928 748 508 1928 1907 1528 1535 2569 1509 2098 1399 1557 2568 2200 2461 2237 1589 2319 2531 1645 1865 1988 2200 2513 1528 1926 1242 1179 1283 2484 1621 2749 1767 1319 1762 981 1382 2472 1461 2276 2133 2300 991 1267
1832 1447 974 1695 368 2229 797 1524 758 1335 1842 743 865 1710 960 522 1758 1743 1274 1496 783 2060 1347 1469 963 936 1012 952 1603 1346 1204 1557 908 0 1523 2014 1228 1157 546 1936 2351 2429 2341 1344 1649 1286 2152 1055 2332 2038 1359 55 1269 2112 1489 1398 1340 649 650 1535 1381 1116 947 2176 1116 1510 1006 1498 2043 1612 1935 1711 1197 1793 2005 1057 1291 1493 1807 2121 1116 1533 715 652 890 1958 1228 2223 1179 926 1174 865 1375 2080 953 1750 1741 1965 330 1507
925 1544 1230 1560 1788 2003 1398 1764 1281 1050 535 1840 1962 1484 669 1937 1855 1517 1371 1361 1313 1324 1444 1917 1348 1033 1268 636 1468 1444 840 464 1916 1523 0 639 897 1254 1060 1801 975 1121 966 1090 167 1617 1926 2237 2106 1302 664 1474 1508 964 1507 425 1580 1447 1453 341 1155 853 1435 764 741 1958 808 1595 1555 1477 1254 1355 670 1349 1779 1504 1141 1237 624 687 853 380 1804 1741 983 1732 1325 1997 1627 724 1621 1631 1473 772 865 1126 258 2063 1315 1772
840 2036 1721 1997 2279 2150 1889 2217 1773 1269 363 2331 2454 1630 1161 2428 2346 1664 1863 1798 1804 1239 1935 2408 1839 1524 1759 1128 1905 1935 1331 793 2407 2014 639 0 1389 1745 1551 2238 397 815 388 1374 565 2098 1928 2728 2187 1218 1082 1965 1962 858 1944 829 2061 1938 1944 704 1288 1344 1927 217 1232 2449 1299 2086 1471 1914 1170 1404 1209 1265 1925 1996 1518 1403 683 141 1344 709 2295 2232 1474 1879 1816 2144 2118 1215 2112 2122 1964 514 1356 1042 593 2554 1806 2263
922 1271 562 875 1493 1319 758 909 863 424 1152 1392 1350 799 299 1647 1582 833 1098 676 980 1149 1171 1290 643 760 600 337 783 1171 161 866 1643 1228 897 1389 0 981 787 1116 1671 1703 1684 406 1024 762 1241 1964 1421 1128 642 1179 654 1201 758 708 725 1174 1180 845 471 153 621 1511 169 1331 432 1322 1132 792 1024 800 324 882 1094 854 408 552 957 1473 192 843 1509 1446 715 1048 1052 1313 1000 354 995 1358 1200 1390 379 840 1115 1790 1042 1499
1696 315 1167 1649 1421 2093 1109 1835 1030 1198 1573 1473 1596 1573 690 1571 626 1607 129 1450 947 1924 209 1780 1275 314 1206 683 1557 218 935 1287 1493 1157 1254 1745 981 0 693 1890 2081 2159 2072 1180 1380 1597 2015 1870 2195 1902 1090 1108 1580 1975 1597 1129 1651 1080 1086 1266 1245 866 1258 1907 847 1821 737 346 1906 1567 1798 1574 927 1656 1869 1368 1231 1326 1538 1851 866 1264 1437 1374 481 1822 284 2087 1490 656 1485 1006 224 1810 799 1614 1471 834 949 523
1502 984 674 1395 811 1899 498 1225 396 1004 1379 863 985 1379 496 938 1294 1413 811 1196 289 1730 884 1170 664 472 713 489 1304 883 741 1093 911 546 1060 1551 787 693 0 1636 1887 1965 1878 986 1186 986 1821 1232 2001 1708 896 497 969 1781 1189 935 1041 442 448 1072 1051 672 648 1713 653 1211 543 1035 1712 1313 1605 1381 733 1462 1675 757 991 1132 1344 1657 672 1070 827 764 427 1628 764 1893 880 462 874 597 912 1616 605 1420 1277 1502 282 1212
1513 2181 1371 365 2200 983 1464 821 1800 1015 1876 2102 2060 965 1225 2355 2491 851 2008 517 1918 1662 2081 1920 1349 1670 1409 1234 501 2080 1132 1620 2524 1936 1801 2238 1116 1890 1636 0 2382 2294 2396 991 1927 1278 1171 2845 1233 1640 1535 1887 929 1792 765 1612 834 2055 2061 1745 1058 1146 1327 2234 1114 1962 1397 2232 1443 477 1393 1094 1238 1193 1024 1527 860 981 1555 2207 1185 1743 2216 2153 1624 968 1962 1039 1710 1313 1663 2229 2109 2086 1372 1418 2018 2699 1794 2409
963 2372 2042 2141 2615 2260 2225 2361 2109 1425 519 2667 2790 1741 1481 2764 2682 1774 2199 1942 2140 1316 2272 2743 2115 1860 2080 1461 2050 2271 1613 960 2743 2351 975 397 1671 2081 1887 2382 0 564 93 1530 882 2242 2053 3064 2311 1295 1238 2302 2106 767 2089 997 2205 2274 2280 872 1399 1626 2093 330 1514 2784 1635 2422 1596 2059 1294 1514 1428 1375 2036 2331 1674 1513 839 348 1626 876 2631 2568 1811 1989 2152 2254 2453 1551 2448 2458 2300 390 1693 1153 910 2890 2142 2600
875 2450 2048 2053 2693 2172 2142 2272 2187 1459 653 2745 2738 1652 1549 2843 2760 1686 2277 1854 2219 1100 2350 2678 2027 1938 2087 1531 1961 2349 1681 1028 2821 2429 1121 815 1703 2159 1965 2294 564 0 478 1471 1114 2154 1945 3142 2203 1078 1306 2380 2017 504 2000 1064 2116 2352 2358 939 1310 1692 2005 687 1582 2719 1713 2501 1488 1970 1166 1426 1496 1287 1947 2266 1611 1425 933 693 1692 944 2709 2646 1889 1901 2230 2166 2388 1629 2382 2536 2378 476 1771 1064 1142 2968 2221 2678
977 2363 2048 2155 2606 2274 2216 2374 2100 1438 532 2658 2781 1754 1486 2755 2673 1788 2190 1956 2131 1330 2262 2735 2129 1851 2086 1455 2063 2262 1626 973 2734 2341 966 388 1684 2072 1878 2396 93 478 0 1544 873 2256 2066 3055 2325 1308 1251 2292 2119 780 2102 1010 2219 2265 2271 885 1413 1640 2107 321 1528 2776 1626 2413 1609 2072 1308 1528 1441 1389 2049 2323 1687 1527 852 339 1640 890 2622 2559 1801 2003 2143 2268 2445 1542 2439 2449 2291 403 1683 1166 901 2881 2133 2590
690 1471 779 750 1609 1091 872 970 1146 168 1012 1510 1468 571 515 1763 1781 605 1298 551 1234 918 1370 1408 757 959 817 524 658 1370 422 756 1842 1344 1090 1374 406 1180 986 991 1530 1471 1544 0 1217 884 1013 2163 1193 896 671 1295 745 970 728 802 847 1373 1379 887 186 436 735 1370 403 1449 687 1521 904 667 793 565 523 654 866 996 145 242 691 1343 475 880 1625 1562 914 820 1251 1085 1118 602 1113 1557 1399 1257 662 608 1268 1989 1191 1698
985 1671 1356 1686 1914 2129 1524 1890 1408 1190 596 1966 2089 1610 796 2063 1981 1644 1498 1487 1439 1384 1571 2043 1474 1159 1394 763 1594 1570 966 586 2042 1649 167 565 1024 1380 1186 1927 882 1114 873 1217 0 1743 2052 2363 2232 1363 804 1601 1635 1025 1633 565 1706 1573 1579 482 1282 979 1562 611 867 2084 934 1721 1616 1603 1315 1444 810 1409 1905 1631 1268 1363 685 534 979 502 1930 1867 1109 1858 1451 2124 1753 850 1747 1757 1599 813 992 1187 105 2189 1441 1898
1372 1888 786 996 1550 1769 703 625 1150 875 1735 1006 950 1250 1024 1705 2198 1283 1714 1003 1268 1600 1787 819 790 1376 824 1056 989 1787 886 1480 1874 1286 1617 2098 762 1597 986 1278 2242 2154 2256 884 1743 0 1692 2195 1872 1579 1361 1237 476 1652 690 1428 445 1405 1411 1565 922 871 617 2094 888 860 1111 1938 1583 939 1475 1251 1044 1333 1545 297 831 1033 1415 2067 911 1563 1253 1366 1331 1498 1668 1764 561 1055 433 1579 1816 1945 992 1290 1834 2406 1144 2115
1169 2306 1587 1412 2416 689 1680 1811 1981 997 1566 2318 2276 648 1350 2571 2616 408 2133 1392 2069 1047 2206 2216 1565 1794 1625 1359 1499 2205 1257 1589 2677 2152 1926 1928 1241 2015 1821 1171 2053 1945 2066 1013 2052 1692 0 2998 445 1025 1504 2103 1556 1441 1538 1635 1655 2208 2214 1720 858 1271 1543 1924 1239 2257 1522 2357 509 1508 778 794 1363 735 179 1804 1149 972 1525 1897 1310 1713 2432 2369 1749 203 2086 566 1926 1438 1921 2392 2234 1756 1497 937 2044 2824 2010 2534
2679 2161 1883 2603 793 3076 1706 2433 1591 2181 2556 1639 1759 2556 1673 649 2471 2590 1980 2405 1484 2907 2061 2378 1872 1649 1921 1666 2512 2060 1918 2270 580 1055 2237 2728 1964 1870 1232 2845 3064 3142 3055 2163 2363 2195 2998 0 3178 2885 2073 1000 2178 2958 2397 2112 2249 1069 829 2249 2228 1849 1856 2890 1830 2419 1720 2019 2889 2521 2781 2557 1910 2639 2852 1966 2186 2309 2521 2834 1849 2247 1388 1325 1604 2805 1941 3070 2088 1639 2083 1314 1843 2793 1782 2597 2454 2679 1236 1728
1427 2486 1767 1474 2596 710 1860 1930 2161 1177 1824 2498 2456 828 1530 2751 2796 595 2313 1522 2249 1306 2386 2396 1745 1974 1805 1539 1610 2385 1437 1769 2857 2332 2106 2187 1421 2195 2001 1233 2311 2203 2325 1193 2232 1872 445 3178 0 1284 1684 2283 1736 1699 1718 1815 1835 2388 2394 1900 1038 1451 1723 2183 1419 2437 1702 2537 768 1586 1037 974 1542 993 440 1984 1329 1152 1704 2156 1490 1893 2612 2549 1929 415 2266 281 2106 1618 2101 2572 2414 2015 1677 1195 2289 3004 2190 2714
458 2193 1473 1478 2303 1401 1567 1697 1868 884 855 2204 2163 882 1237 2457 2503 915 2020 1279 1956 62 2092 2103 1452 1681 1512 1246 1386 2092 1144 1076 2564 2038 1302 1218 1128 1902 1708 1640 1295 1078 1308 896 1363 1579 1025 2885 1284 0 1139 1990 1442 574 1425 1146 1541 2095 2101 1137 735 1158 1430 1214 1126 2144 1409 2243 568 1395 247 760 1249 481 1123 1691 1036 850 895 1187 1197 1142 2319 2256 1636 1130 1973 1395 1813 1324 1807 2279 2121 998 1384 487 1334 2711 1896 2420
933 1381 1025 1294 1624 1582 1218 1505 1113 565 719 1676 1795 1062 465 1773 1691 1096 1208 1095 1149 1161 1281 1737 1163 869 1063 448 1202 1280 590 421 1752 1359 664 1082 642 1090 896 1535 1238 1306 1251 671 804 1361 1504 2073 1684 1139 0 1311 1248 1148 1241 287 1324 1283 1289 458 707 606 1219 1078 485 1778 639 1431 1292 1211 1027 959 367 1011 1358 1325 814 803 505 1051 606 456 1640 1577 819 1311 1161 1576 1447 555 1442 1467 1309 957 697 851 852 1899 1151 1608
1783 1398 925 1646 313 2180 749 1475 709 1286 1793 689 811 1661 911 468 1709 1695 1225 1447 733 2011 1298 1420 915 887 963 903 1554 1298 1155 1508 854 55 1474 1965 1179 1108 497 1887 2302 2380 2292 1295 1601 1237 2103 1000 2283 1990 1311 0 1220 2063 1440 1349 1291 599 600 1486 1333 1067 898 2127 1067 1461 957 1449 1994 1563 1886 1662 1148 1744 1956 1008 1242 1444 1758 2072 1067 1485 661 598 841 1909 1179 2175 1130 877 1125 815 1327 2031 904 1701 1692 1917 280 1457
1236 1871 687 646 1533 1633 797 367 1133 739 1599 1401 1355 1114 915 1688 2181 1147 1698 534 1251 1464 1770 1248 682 1359 725 944 622 1770 777 1343 1857 1269 1508 1962 654 1580 969 929 2106 2017 2119 745 1635 476 1556 2178 1736 1442 1248 1220 0 1515 220 1319 208 1388 1394 1456 785 767 660 1958 780 1289 1013 1921 1447 590 1339 1115 935 1197 1409 725 635 836 1279 1931 807 1454 1549 1486 1314 1362 1651 1627 990 965 861 1562 1799 1809 894 1154 1726 2389 1127 2098
479 2266 1547 1551 2376 1670 1640 1770 1941 957 496 2278 2236 1150 1310 2530 2576 1184 2093 1352 2029 596 2166 2176 1525 1754 1585 1319 1459 2165 1217 871 2637 2112 964 858 1201 1975 1781 1792 767 504 780 970 1025 1652 1441 2958 1699 574 1148 2063 1515 0 1498 907 1615 2168 2174 782 809 1231 1503 782 1199 2217 1482 2316 984 1468 662 924 1322 785 1445 1764 1109 923 743 769 1270 787 2392 2329 1709 1399 2046 1664 1886 1398 1881 2352 2194 470 1457 562 996 2784 1969 2494
1219 1887 906 530 1753 1612 1017 363 1353 721 1582 1618 1572 1097 931 1907 2198 1130 1714 352 1470 1447 1787 1426 902 1376 945 940 446 1786 838 1326 2077 1489 1507 1944 758 1597 1189 765 2089 2000 2102 728 1633 690 1538 2397 1718 1425 1241 1440 220 1498 0 1318 261 1607 1614 1452 768 850 880 1940 821 1467 1103 1938 1429 466 1322 1098 944 1180 1392 939 618 819 1261 1914 890 1450 1769 1706 1330 1345 1668 1610 1204 1019 1075 1781 1815 1792 1076 1137 1724 2405 1346 2115
885 1420 1079 1370 1663 1713 1265 1575 1157 696 478 1715 1837 1194 519 1812 1730 1227 1247 1172 1188 1168 1319 1783 1215 908 1117 501 1279 1319 650 192 1791 1398 425 829 708 1129 935 1612 997 1064 1010 802 565 1428 1635 2112 1815 1146 287 1349 1319 907 1318 0 1391 1322 1328 171 838 664 1286 837 552 1825 683 1470 1299 1288 1034 965 465 1018 1489 1371 922 935 479 798 664 169 1679 1616 858 1442 1200 1707 1493 599 1488 1506 1348 715 740 858 565 1938 1190 1647
1335 1942 749 551 1605 1715 868 216 1204 838 1698 1404 1348 1213 987 1759 2252 1246 1769 576 1322 1563 1842 1165 753 1431 787 1019 545 1841 849 1443 1928 1340 1580 2061 725 1651 1041 834 2205 2116 2219 847 1706 445 1655 2249 1835 1541 1324 1291 208 1615 261 1391 0 1459 1465 1527 884 834 731 2057 851 1206 1074 1993 1546 495 1438 1214 1007 1296 1508 694 794 992 1378 2030 874 1526 1591 1558 1385 1461 1723 1726 959 1028 830 1633 1870 1908 955 1253 1797 2460 1198 2170
1889 1371 1093 1814 683 2286 916 1643 676 1391 1766 1281 1403 1766 883 775 1681 1800 1198 1615 569 2117 1271 1588 1082 859 1131 876 1722 1270 1128 1480 748 649 1447 1938 1174 1080 442 2055 2274 2352 2265 1373 1573 1405 2208 1069 2388 2095 1283 599 1388 2168 1607 1322 1459 0 285 1459 1438 1059 1066 2100 1040 1629 930 1277 2099 1731 1992 1768 1120 1849 2062 1176 1396 1519 1731 2044 1059 1457 1245 1182 814 2015 1151 2280 1298 849 1293 344 1101 2003 992 1807 1664 1889 462 986
1895 1377 1099 1820 576 2292 923 1649 807 1397 1772 1281 1403 1773 889 668 1688 1806 1204 1621 700 2123 1277 1594 1089 866 1137 882 1728 1276 1134 1486 508 650 1453 1944 1180 1086 448 2061 2280 2358 2271 1379 1579 1411 2214 829 2394 2101 1289 600 1394 2174 1614 1328 1465 285 0 1465 1444 1065 1072 2106 1046 1635 936 1318 2105 1737 1998 1774 1126 1856 2068 1182 1402 1525 1737 2050 1065 1463 1171 1108 820 2021 1158 2286 1304 856 1299 530 1142 2009 998 1813 1671 1895 686 1027
760 1556 1216 1504 1800 1798 1402 1709 1293 781 353 1852 1974 1278 656 1949 1867 1312 1383 1305 1325 1159 1456 1920 1351 1045 1254 638 1412 1456 787 135 1928 1535 341 704 845 1266 1072 1745 872 939 885 887 482 1565 1720 2249 1900 1137 458 1486 1456 782 1452 171 1527 1459 1465 0 921 801 1423 711 689 1961 820 1607 1359 1421 1089 1026 602 1079 1574 1508 1030 1018 441 673 801 51 1816 1753 995 1527 1337 1792 1630 736 1625 1643 1485 590 877 919 440 2075 1327 1784
529 1536 816 821 1646 936 910 1040 1211 227 926 1547 1506 416 580 1800 1846 450 1363 622 1299 757 1435 1446 795 1024 855 589 729 1435 487 790 1907 1381 1155 1288 471 1245 1051 1058 1399 1310 1413 186 1282 922 858 2228 1038 735 707 1333 785 809 768 838 884 1438 1444 921 0 501 773 1284 469 1487 752 1586 749 738 632 401 592 499 711 1034 330 124 726 1258 540 914 1662 1599 979 665 1316 930 1156 667 1150 1622 1464 1102 727 447 1311 2054 1239 1763
951 1157 447 905 1381 1348 670 1018 748 454 1108 1290 1248 829 227 1535 1467 863 984 706 866 1179 1057 1188 590 645 486 283 813 1056 168 822 1528 1116 853 1344 153 866 672 1146 1626 1692 1640 436 979 871 1271 1849 1451 1158 606 1067 767 1231 850 664 834 1059 1065 801 501 0 689 1466 140 1229 318 1208 1162 822 1054 830 302 912 1124 776 486 582 987 1428 77 799 1397 1334 600 1077 937 1343 898 239 893 1243 1085 1345 264 869 1070 1675 927 1385
1223 1549 289 1086 1212 1620 222 915 812 726 1586 951 917 1101 802 1366 1860 1135 1376 887 929 1451 1449 909 267 1038 327 843 994 1448 744 1331 1535 947 1435 1927 621 1258 648 1327 2093 2005 2107 735 1562 617 1543 1856 1723 1430 1219 898 660 1503 880 1286 731 1066 1072 1423 773 689 0 1945 747 950 813 1600 1434 1003 1326 1102 902 1184 1396 320 682 884 1266 1918 722 1421 1165 1127 992 1349 1330 1615 492 766 593 1240 1477 1796 694 1141 1653 2067 805 1777
836 2197 1882 1993 2441 2146 2051 2213 1934 1265 358 2493 2615 1626 1318 2590 2508 1660 2024 1794 1966 1235 2097 2570 1967 1686 1920 1289 1901 2097 1453 800 2569 2176 764 217 1511 1907 1713 2234 330 687 321 1370 611 2094 1924 2890 2183 1214 1078 2127 1958 782 1940 837 2057 2100 2106 711 1284 1466 1945 0 1354 2611 1461 2248 1467 1910 1166 1400 1268 1261 1921 2157 1514 1399 679 77 1466 716 2457 2394 1636 1875 1978 2140 2280 1377 2274 2284 2126 405 1518 1038 639 2716 1968 2425
920 1137 566 873 1381 1317 789 1035 846 422 996 1409 1367 797 186 1530 1448 831 964 674 906 1148 1037 1307 709 626 605 192 782 1037 111 710 1509 1116 741 1232 169 847 653 1114 1514 1582 1528 403 867 888 1239 1830 1419 1126 485 1067 780 1199 821 552 851 1040 1046 689 469 140 747 1354 0 1348 372 1188 1130 791 1023 799 168 881 1093 895 455 550 914 1316 169 687 1397 1334 581 1046 918 1311 1017 288 1012 1224 1066 1233 383 838 958 1656 908 1365
1938 2112 1203 1679 1775 2335 927 1140 1375 1440 2268 870 814 1815 1324 1929 2423 1849 1939 1601 1492 2166 2012 46 1181 1601 1241 1366 1672 2011 1359 1983 2098 1510 1958 2449 1331 1821 1211 1962 2784 2719 2776 1449 2084 860 2257 2419 2437 2144 1778 1461 1289 2217 1467 1825 1206 1629 1635 1961 1487 1229 950 2611 1348 0 1373 2163 2148 1623 2040 1816 1511 1898 2110 886 1396 1599 1980 2555 1247 1960 1117 1230 1555 2064 1893 2329 878 1299 463 1803 2040 2500 1258 1856 2175 2630 1368 2340
1202 1028 587 1156 1271 1600 764 1258 563 705 1127 1323 1392 1080 218 1420 1338 1114 855 957 681 1430 927 1332 721 516 625 216 1064 927 431 841 1399 1006 808 1299 432 737 543 1397 1635 1713 1626 687 934 1111 1522 1720 1702 1409 639 957 1013 1482 1103 683 1074 930 936 820 752 318 813 1461 372 1373 0 1078 1413 1073 1305 1081 476 1163 1375 920 738 833 1087 1405 318 818 1287 1224 471 1329 808 1594 1042 84 1037 1113 956 1364 151 1121 1025 1546 798 1255
2037 429 1509 1991 1753 2434 1450 2177 1371 1540 1914 1815 1937 1915 1032 1862 733 1948 268 1792 1288 2265 553 2122 1616 656 1547 1024 1899 562 1276 1628 1557 1498 1595 2086 1322 346 1035 2232 2422 2501 2413 1521 1721 1938 2357 2019 2537 2243 1431 1449 1921 2316 1938 1470 1993 1277 1318 1607 1586 1208 1600 2248 1188 2163 1078 0 2248 1908 2140 1916 1269 1998 2210 1710 1572 1668 1879 2193 1208 1605 1779 1716 822 2163 628 2428 1832 998 1826 1071 195 2152 1140 1955 1813 941 1290 588
712 2197 1478 1482 2307 1117 1571 1702 1872 889 1109 2209 2167 684 1241 2462 2507 718 2024 1283 1960 590 2097 2107 1456 1685 1516 1250 1390 2096 1148 1228 2568 2043 1555 1471 1132 1906 1712 1443 1596 1488 1609 904 1616 1583 509 2889 768 568 1292 1994 1447 984 1429 1299 1546 2099 2105 1359 749 1162 1434 1467 1130 2148 1413 2248 0 1399 321 582 1254 315 607 1695 1040 863 1149 1440 1201 1352 2323 2260 1640 630 1978 994 1817 1329 1812 2283 2125 1299 1388 517 1587 2715 1901 2425
1189 1857 1047 194 1876 1358 1140 483 1476 691 1552 1778 1736 1066 901 2031 2168 1100 1684 239 1594 1417 1757 1582 1025 1346 1085 910 128 1756 808 1296 2200 1612 1477 1914 792 1567 1313 477 2059 1970 2072 667 1603 939 1508 2521 1586 1395 1211 1563 590 1468 466 1288 495 1731 1737 1421 738 822 1003 1910 791 1623 1073 1908 1399 0 1292 1066 914 1150 1361 1188 536 717 1231 1884 862 1420 1892 1830 1300 1314 1638 1392 1386 989 1325 1905 1785 1762 1048 1107 1694 2375 1470 2085
411 2089 1370 1374 2200 1154 1463 1594 1764 781 807 2101 2059 634 1133 2354 2400 668 1916 1175 1852 269 1989 1999 1348 1578 1408 1142 1283 1988 1040 964 2461 1935 1254 1170 1024 1798 1605 1393 1294 1166 1308 793 1315 1475 778 2781 1037 247 1027 1886 1339 662 1322 1034 1438 1992 1998 1089 632 1054 1326 1166 1023 2040 1305 2140 321 1292 0 512 1146 234 875 1587 932 746 847 1139 1094 1088 2216 2153 1532 883 1870 1148 1709 1221 1704 2175 2017 998 1280 250 1286 2607 1793 2317
645 1865 1146 1149 1976 872 1239 1368 1540 557 1041 1877 1835 352 909 2130 2176 386 1692 931 1628 781 1765 1775 1124 1354 1184 918 1057 1764 816 895 2237 1711 1355 1404 800 1574 1381 1094 1514 1426 1528 565 1444 1251 794 2557 974 760 959 1662 1115 924 1098 965 1214 1768 1774 1026 401 830 1102 1400 799 1816 1081 1916 582 1066 512 0 922 278 648 1363 708 500 829 1373 870 1019 1992 1929 1308 601 1646 866 1485 997 1480 1951 1793 1218 1056 479 1416 2383 1569 2093
1043 1218 729 996 1461 1440 951 1191 950 476 909 1514 1529 921 287 1611 1528 954 1045 798 987 1271 1118 1470 871 706 767 285 905 1117 273 623 1589 1197 670 1209 324 927 733 1238 1428 1496 1441 523 810 1044 1363 1910 1542 1249 367 1148 935 1322 944 465 1007 1120 1126 602 592 302 902 1268 168 1511 476 1269 1254 914 1146 922 0 1004 1216 1057 578 673 783 1230 331 600 1477 1414 657 1169 998 1434 1179 392 1174 1304 1146 1147 532 961 902 1736 989 1446
505 1947 1228 1232 2057 954 1321 1452 1622 639 902 1959 1917 434 991 2212 2258 468 1774 1033 1710 503 1847 1857 1206 1436 1266 1000 1140 1846 898 948 2319 1793 1349 1265 882 1656 1462 1193 1375 1287 1389 654 1409 1333 735 2639 993 481 1011 1744 1197 785 1180 1018 1296 1849 1856 1079 499 912 1184 1261 881 1898 1163 1998 315 1150 234 278 1004 0 729 1445 790 613 882 1234 952 1072 2073 2011 1390 683 1728 948 1567 1079 1562 2033 1875 1079 1138 252 1381 2465 1651 2175
1166 2159 1440 1265 2270 564 1533 1664 1834 851 1563 2171 2129 501 1203 2424 2470 262 1986 1245 1922 1144 2059 2069 1418 1648 1478 1212 1353 2058 1110 1443 2531 2005 1779 1925 1094 1869 1675 1024 2036 1947 2049 866 1905 1545 179 2852 440 1123 1358 1956 1409 1445 1392 1489 1508 2062 2068 1574 711 1124 1396 1921 1093 2110 1375 2210 607 1361 875 648 1216 729 0 1657 1002 825 1378 1895 1164 1567 2286 2223 1602 56 1940 517 1779 1291 1774 2245 2087 1739 1350 954 1963 2677 1863 2387
1484 1659 602 1245 1321 1881 458 874 921 987 1815 983 937 1362 871 1476 1969 1396 1486 1148 1039 1712 1559 845 580 1147 640 912 1238 1558 906 1529 1645 1057 1504 1996 854 1368 757 1527 2331 2266 2323 996 1631 297 1804 1966 1984 1691 1325 1008 725 1764 939 1371 694 1176 1182 1508 1034 776 320 2157 895 886 920 1710 1695 1188 1587 1363 1057 1445 1657 0 943 1145 1527 2102 793 1506 1213 1275 1102 1610 1439 1876 352 845 459 1350 1587 2046 804 1402 1722 2177 915 1887
830 1521 725 619 1555 1227 819 839 1155 298 1155 1457 1415 707 566 1709 1832 741 1348 420 1252 1058 1421 1355 704 1010 764 575 527 1421 473 899 1865 1291 1141 1518 408 1231 991 860 1674 1611 1687 145 1268 831 1149 2186 1329 1036 814 1242 635 1109 618 922 794 1396 1402 1030 330 486 682 1514 455 1396 738 1572 1040 536 932 708 578 790 1002 943 0 253 835 1487 525 1023 1571 1508 965 956 1302 1221 1065 653 1060 1571 1450 1400 712 748 1359 2040 1148 1749
643 1617 928 800 1758 1050 1021 1020 1292 336 1040 1659 1617 530 661 1912 1927 564 1444 585 1380 871 1517 1557 906 1105 966 670 708 1516 568 887 1988 1493 1237 1403 552 1326 1132 981 1513 1425 1527 242 1363 1033 972 2309 1152 850 803 1444 836 923 819 935 992 1519 1525 1018 124 582 884 1399 550 1599 833 1668 863 717 746 500 673 613 825 1145 253 0 822 1372 621 1011 1774 1711 1060 779 1397 1044 1267 749 1262 1703 1545 1217 808 561 1407 2135 1343 1845
518 1828 1310 1314 2072 1602 1403 1534 1561 586 320 2041 1999 1083 912 2221 2139 1116 1655 1115 1597 917 1728 1939 1288 1317 1348 895 1222 1727 973 409 2200 1807 624 683 957 1538 1344 1555 839 933 852 691 685 1415 1525 2521 1704 895 505 1758 1279 743 1261 479 1378 1731 1737 441 726 987 1266 679 914 1980 1087 1879 1149 1231 847 829 783 882 1378 1527 835 822 0 652 1010 432 2087 2025 1267 1331 1609 1596 1649 1003 1644 1914 1756 584 1144 718 656 2346 1599 2056
