NAME: zurich_100_4
COMMENT: TSP instance with 100 nodes. City: Zurich, Switzerland, Seed: 46
TYPE: TSP
DIMENSION: 100
EDGE_WEIGHT_TYPE: EXPLICIT
EDGE_WEIGHT_FORMAT: FULL_MATRIX
NODE_COORD_SECTION:
1 47.4276468 8.6915344
2 47.4688907 8.3160197
3 47.2616483 8.6974104
4 47.4320794 8.7047049
5 47.2680532 8.4851113
6 47.3849605 8.5270301
7 47.4047246 8.5950126
8 47.4366383 8.6294523
9 47.4187433 8.4258068
10 47.2315631 8.6637095
11 47.3736312 8.5278032
12 47.3624692 8.558799
13 47.4107638 8.331715
14 47.3071324 8.5556767
15 47.5272518 8.5503494
16 47.3400351 8.7184157
17 47.3059601 8.5225517
18 47.5011776 8.7250466
19 47.3347907 8.6155238
20 47.400651 8.5340571
21 47.3037096 8.5895836
22 47.4429778 8.5776558
23 47.4934962 8.4262387
24 47.4094634 8.540425
25 47.3398504 8.4842961
26 47.3300764 8.7418788
27 47.2054383 8.7520117
28 47.2303525 8.4953979
29 47.2709621 8.4402343
30 47.4702886 8.4044333
31 47.2231015 8.5599887
32 47.4263937 8.5783598
33 47.3966799 8.4950503
34 47.446151 8.6288344
35 47.3598342 8.7596441
36 47.3974239 8.4261341
37 47.3742919 8.6316871
38 47.3293375 8.7848751
39 47.4436562 8.6293234
40 47.2966972 8.533242
41 47.3932056 8.3466224
42 47.2096881 8.7037579
43 47.4600617 8.6641885
44 47.3625616 8.5348922
45 47.3140746 8.4250394
46 47.2988308 8.5312625
47 47.3536769 8.3390259
48 47.4631192 8.6278712
49 47.3474456 8.285805
50 47.4122664 8.4687506
51 47.4388749 8.3609232
52 47.3440964 8.352673
53 47.310931 8.7811184
54 47.3527406 8.5093202
55 47.2372503 8.3726105
56 47.3764804 8.4923958
57 47.3697164 8.4591726
58 47.4260866 8.5727906
59 47.3742695 8.4826241
60 47.3689466 8.519395
61 47.5283832 8.7792276
62 47.2694324 8.4315424
63 47.3619693 8.5604294
64 47.5354713 8.6894648
65 47.2643037 8.3430227
66 47.3983329 8.7757294
67 47.3459215 8.5761717
68 47.3946172 8.6519466
69 47.4249381 8.6991357
70 47.3966189 8.4243631
71 47.2016308 8.5179782
72 47.3642376 8.5331589
73 47.3862587 8.4902078
74 47.3453284 8.2793838
75 47.2450832 8.4724471
76 47.3932726 8.4193023
77 47.4460181 8.3706294
78 47.2920523 8.7097907
79 47.3467939 8.2917853
80 47.4059366 8.6804443
81 47.2881163 8.5379274
82 47.3363809 8.5755343
83 47.4055769 8.2811135
84 47.3496329 8.5296393
85 47.2688371 8.715816
86 47.2887915 8.531173
87 47.2061324 8.7054157
88 47.5361321 8.7297532
89 47.3825753 8.2965221
90 47.2882315 8.5607756
91 47.4314071 8.6403465
92 47.4458286 8.3627892
93 47.4117349 8.788168
94 47.2781413 8.5771532
95 47.3854178 8.7366203
96 47.4367174 8.7692524
97 47.4463334 8.4090375
98 47.3877303 8.2772764
99 47.4213416 8.300977
100 47.4970128 8.4460302
EDGE_WEIGHT_SECTION:
0 1524 1450 164 1920 883 494 408 1098 1809 934 988 1671 1418 1155 759 1382 548 1035 754 1496 675 1367 750 1541 794 2252 2030 1631 1361 2120 735 1088 468 686 1134 661 832 428 1468 1757 1942 400 1005 1637 1434 1769 531 1938 1152 1379 1708 969 1155 2295 1075 1313 631 1133 1016 800 1668 1005 613 2224 587 1152 420 54 1162 2207 992 1069 2043 1871 1109 1338 1131 1894 183 1547 1157 2157 1150 1286 1519 1931 727 1984 1437 305 1343 736 1562 461 513 1236 2238 1855 1377
1524 0 2433 1442 1528 1033 1123 1392 757 1802 1031 1263 680 1411 1478 1764 1375 1757 1681 1021 1740 1073 821 1053 1122 1798 2246 1638 1239 551 1930 1133 842 1395 1693 680 1435 1836 1375 1462 842 1935 1636 1140 1183 1427 1182 1461 1224 955 408 1135 1973 1228 1903 995 1024 1028 989 1070 2009 1276 1280 1823 1788 1970 1466 1370 1566 708 1815 1127 852 1221 1479 654 408 2105 1235 1472 1540 1458 955 1281 2279 1513 1925 1936 884 1430 1336 352 2073 1555 1705 1888 587 1036 543 977
1450 2433 0 1451 2376 1528 1384 1497 2028 2265 1421 1171 2581 1848 2090 793 1837 1875 784 1540 747 1605 2297 1614 2059 712 2708 2486 2087 2291 2576 1665 1782 1604 1074 2023 1061 846 1564 1924 2510 2397 1799 1363 2157 1890 2357 1801 2527 1981 2288 2297 655 1587 2751 1660 1831 1561 1712 1489 2127 2124 1162 1941 2683 1416 1087 1245 1438 2048 2663 1372 1661 2632 2326 2025 2248 424 2483 1267 2003 1075 2813 1515 191 1975 2387 2054 2573 1892 1440 2252 1520 2017 1230 1565 2166 2894 2724 2307
164 1442 1451 0 1838 801 412 494 1016 1727 852 906 1589 1336 1078 760 1300 466 1148 671 1439 593 1285 668 1459 794 2170 1948 1549 1279 2038 653 1006 516 650 1052 710 833 488 1386 1675 1860 401 923 1555 1352 1686 574 1856 1070 1297 1626 969 1073 2213 993 1231 549 1051 934 718 1586 923 531 2142 540 1109 533 191 1080 2125 910 987 1961 1788 1027 1256 1131 1812 296 1465 1156 2075 1068 1287 1437 1849 645 1902 1355 393 1261 689 1480 414 446 1154 2156 1773 1295
1920 1528 2376 1838 0 1182 1519 1770 1293 1222 1026 1206 1497 888 2015 2160 619 2153 1623 1296 1674 1531 1804 1375 534 2194 1684 372 303 1631 535 1589 1220 1852 2089 967 1813 2232 1821 666 1366 1374 2087 1026 551 676 1161 1919 1369 1290 1383 917 2336 1008 998 1061 831 1487 942 1023 2405 371 1223 2219 930 2366 1408 1766 1962 995 626 1020 1091 1474 328 945 1342 2047 1325 1869 552 1392 1655 1033 2228 506 1363 2332 1415 800 1732 1347 2469 941 2101 2284 1500 1736 1573 1813
883 1033 1528 801 1182 0 482 733 775 1071 171 357 1181 680 1006 1123 643 1116 775 231 851 521 1142 310 793 1157 1514 1292 893 1119 1382 569 407 833 1052 623 787 1195 802 730 1272 1203 1068 275 963 696 1163 911 1333 587 888 1103 1332 416 1557 368 564 477 426 258 1368 930 374 1182 1489 1329 560 729 925 651 1469 263 355 1438 1132 624 847 1199 1289 831 809 569 1618 419 1380 781 1193 1295 1379 698 695 852 1432 823 1064 1247 912 1700 1364 1151
494 1123 1384 412 1519 482 0 363 697 1407 533 586 1270 1017 759 734 980 727 814 352 1120 274 966 347 1140 768 1851 1629 1230 959 1719 293 687 469 663 733 353 807 429 1067 1356 1540 699 603 1236 1033 1367 662 1537 751 977 1307 943 753 1894 673 912 229 732 614 979 1267 602 793 1823 940 778 289 536 761 1805 591 667 1642 1469 708 937 1081 1493 443 1145 837 1756 748 1258 1118 1530 906 1583 1035 306 941 1043 1160 675 859 835 1837 1453 975
408 1392 1497 494 1770 733 363 0 967 1658 784 837 1540 1268 838 807 1231 809 1096 603 1371 365 1206 586 1391 841 2102 1880 1481 1229 1970 425 938 116 736 1002 636 879 75 1318 1626 1791 345 854 1505 1284 1637 313 1806 1020 1247 1577 1016 1004 2145 924 1163 455 983 865 1061 1518 855 875 2073 983 1040 465 450 1030 2056 842 918 1912 1720 977 1207 1178 1763 515 1396 1088 2025 999 1334 1369 1781 988 1853 1286 103 1211 1116 1411 748 909 1104 2106 1723 1126
1098 757 2028 1016 1293 775 697 967 0 1567 773 1002 819 1176 1131 1338 1140 1331 1420 650 1482 647 870 627 886 1372 2010 1403 1004 771 1695 707 485 969 1267 331 1009 1410 949 1226 895 1700 1210 868 947 1192 1041 1035 1211 294 506 981 1547 925 1668 692 627 602 655 789 1583 1041 1019 1397 1553 1544 1205 944 1140 359 1579 855 549 1316 1243 390 465 1709 1167 1047 1305 1199 1305 1012 1865 1277 1689 1510 1234 1195 910 470 1647 1320 1279 1462 573 1386 1047 880
1809 1802 2265 1727 1222 1071 1407 1658 1567 0 914 1094 1792 652 1932 2048 713 2042 1512 1184 1563 1447 2078 1264 1284 2083 609 1068 1217 1905 803 1495 1216 1759 1977 1241 1702 2121 1728 800 1640 269 1994 915 1287 765 1487 1837 1657 1441 1657 1427 2224 897 1881 1095 1245 1403 1127 912 2294 1254 1111 2107 1813 2254 1297 1655 1850 1269 980 909 1095 1762 1134 1219 1616 1936 1613 1757 813 1280 1943 900 2117 847 310 2221 1703 670 1621 1621 2358 633 1990 2173 1774 2024 1869 2087
934 1031 1421 852 1026 171 533 784 773 914 0 250 1178 523 1057 1174 487 1167 668 292 719 572 1203 372 644 1208 1358 1136 737 1133 1225 620 367 884 1103 618 838 1246 853 574 1160 1047 1119 122 807 539 1007 962 1176 592 885 947 1374 260 1401 245 416 528 298 102 1419 774 267 1233 1332 1380 453 780 976 641 1312 109 246 1282 976 622 845 1092 1133 882 652 437 1462 266 1273 625 1037 1346 1223 542 746 850 1483 667 1115 1298 992 1543 1341 1213
988 1263 1171 906 1206 357 586 837 1002 1094 250 0 1410 677 1111 1040 667 1221 418 370 563 626 1275 443 888 1138 1538 1315 917 1268 1405 674 611 938 1142 852 636 1286 907 754 1340 1227 1173 193 987 719 1187 1016 1356 811 1118 1127 1130 417 1581 490 660 582 542 318 1473 954 17 1286 1512 1417 203 803 1029 878 1492 202 491 1461 1156 854 1077 842 1313 936 832 275 1642 345 1022 805 1217 1400 1403 722 800 1082 1521 847 1153 1352 1092 1723 1554 1284
1671 680 2581 1589 1497 1181 1270 1540 819 1792 1178 1410 0 1401 1704 1911 1365 1904 1828 1168 1887 1220 1410 1200 1160 1945 2235 1628 1229 1009 1920 1280 989 1542 1840 768 1583 1984 1522 1451 230 1925 1783 1287 1063 1417 627 1608 785 996 798 580 2120 1294 1553 1142 1126 1176 1136 1217 2156 1266 1427 1970 1326 2117 1613 1518 1713 796 1804 1274 1000 783 1468 799 758 2252 753 1620 1530 1605 516 1319 2427 1502 1914 2083 446 1420 1483 762 2220 1545 1852 2036 937 598 270 1502
1418 1411 1848 1336 888 680 1017 1268 1176 652 523 677 1401 0 1542 1658 269 1651 1095 794 1146 1056 1687 873 893 1692 1095 1043 826 1514 963 1104 826 1368 1587 851 1287 1730 1337 356 1249 785 1603 496 897 322 1096 1446 1266 1050 1266 1036 1807 506 1490 704 854 1012 736 521 1903 863 694 1717 1422 1864 880 1264 1460 879 1140 509 705 1371 1002 828 1226 1519 1222 1366 376 863 1552 493 1700 407 774 1830 1312 233 1230 1230 1967 312 1599 1782 1384 1633 1478 1696
1155 1478 2090 1078 2015 1006 759 838 1131 1932 1057 1111 1704 1542 0 1400 1505 1043 1526 877 1644 591 756 863 1609 1434 2376 2125 1726 1115 2244 635 1212 793 1329 1167 1071 1473 773 1592 1790 2065 840 1128 1669 1557 1801 782 1970 1184 1411 1741 1609 1278 2390 1198 1436 670 1256 1139 1183 1763 1128 892 2275 1606 1314 1007 1197 1194 2302 1116 1192 2076 1965 1141 1305 1771 1927 1109 1670 1362 2189 1273 1927 1643 2055 1068 2017 1560 886 1368 1709 1685 1341 1524 1182 2271 1887 670
759 1764 793 760 2160 1123 734 807 1338 2048 1174 1040 1911 1658 1400 0 1621 1185 653 993 984 914 1607 990 1781 223 2492 2270 1871 1600 2360 975 1328 913 379 1374 708 445 873 1708 1997 2181 1109 1223 1877 1674 2008 1110 2178 1392 1618 1948 424 1394 2535 1314 1553 870 1372 1255 1437 1908 1031 1250 2463 712 957 555 747 1402 2446 1216 1308 2283 2110 1348 1578 459 2134 576 1786 948 2397 1376 629 1759 2171 1364 2224 1676 750 1582 815 1801 540 861 1476 2478 2094 1616
1382 1375 1837 1300 619 643 980 1231 1140 713 487 667 1365 269 1505 1621 0 1615 1085 757 1136 1020 1650 837 708 1655 1156 774 790 1477 815 1068 789 1332 1550 814 1275 1694 1301 104 1213 846 1567 488 860 70 1060 1409 1230 1014 1229 1000 1797 469 1454 667 818 975 699 484 1866 827 684 1680 1385 1827 870 1228 1423 842 976 481 668 1335 732 792 1189 1508 1186 1330 181 853 1515 459 1689 138 835 1794 1276 331 1193 1194 1931 456 1562 1746 1347 1596 1442 1660
548 1757 1875 466 2153 1116 727 809 1331 2042 1167 1221 1904 1651 1043 1185 1615 0 1486 987 1754 908 1600 983 1774 1219 2485 2263 1864 1594 2353 968 1321 802 1106 1367 1025 1257 773 1701 1990 2175 548 1238 1870 1667 2002 747 2171 1385 1612 1941 1394 1388 2528 1308 1546 864 1366 1249 474 1901 1238 363 2457 1006 1424 867 589 1395 2440 1225 1302 2276 2104 1342 1571 1556 2127 680 1780 1471 2390 1383 1712 1752 2164 301 2217 1670 751 1576 1032 1795 879 769 1469 2471 2088 1610
1035 1681 784 1148 1623 775 814 1096 1420 1512 668 418 1828 1095 1526 653 1085 1486 0 788 481 1041 1693 861 1306 751 1956 1733 1334 1686 1823 1085 1029 1211 951 1270 490 934 1171 1172 1758 1645 1384 611 1405 1137 1605 1408 1774 1229 1535 1544 743 835 1998 908 1078 996 960 736 1738 1372 409 1551 1930 1284 334 827 1076 1296 1910 620 909 1879 1574 1272 1495 455 1731 852 1250 312 2060 763 636 1222 1635 1665 1821 1140 1063 1500 1387 1265 1025 1365 1509 2141 1972 1702
754 1021 1540 671 1296 231 352 603 650 1184 292 370 1168 794 877 993 757 987 788 0 903 392 912 81 833 1027 1628 1406 1007 905 1496 395 380 704 922 610 658 1066 673 844 1260 1317 939 392 1077 809 1258 781 1427 532 876 1197 1202 524 1671 367 605 347 425 342 1238 1044 387 1052 1602 1199 572 600 795 639 1582 380 360 1532 1246 612 835 1211 1384 702 922 620 1654 537 1392 895 1307 1165 1474 812 565 840 1303 937 934 1118 729 1735 1352 921
1496 1740 747 1439 1674 851 1120 1371 1482 1563 719 563 1887 1146 1644 984 1136 1754 481 903 0 1159 1808 977 1357 1099 2006 1784 1385 1801 1874 1207 1081 1471 1282 1330 952 1282 1440 1222 1809 1696 1706 662 1456 1188 1656 1549 1825 1305 1595 1595 1091 886 2049 959 1129 1115 1011 787 2006 1423 554 1820 1981 1615 452 1288 1537 1355 1961 671 960 1930 1625 1331 1554 803 1781 1313 1301 351 2111 814 806 1273 1685 1933 1871 1191 1333 1559 1718 1316 1443 1764 1625 2192 2022 1817
675 1073 1605 593 1531 521 274 365 647 1447 572 626 1220 1056 591 914 1020 908 1041 392 1159 0 916 373 1125 949 1890 1641 1242 909 1758 147 726 330 843 683 586 987 310 1106 1306 1580 580 643 1185 1072 1317 433 1487 700 927 1257 1124 793 1906 713 951 185 771 654 1160 1279 643 973 1791 1120 829 521 716 711 1818 630 707 1592 1481 657 887 1286 1443 623 1185 876 1705 788 1441 1157 1569 1087 1533 1075 424 891 1224 1200 856 1039 784 1787 1403 878
1367 821 2297 1285 1804 1142 966 1206 870 2078 1203 1275 1410 1687 756 1607 1650 1600 1693 912 1808 916 0 889 1398 1641 2521 1914 1515 528 2206 976 924 1166 1536 955 1278 1680 1146 1737 1566 2211 1407 1297 1458 1703 1590 1232 1759 942 992 1529 1816 1372 2179 1138 1290 871 1143 1236 1852 1552 1292 1582 2064 1813 1477 1214 1409 983 2090 1285 996 1864 1754 930 866 1978 1716 1316 1816 1525 1684 1442 2134 1788 2200 1758 1614 1706 1179 936 1916 1831 1548 1731 771 1766 1273 181
750 1053 1614 668 1375 310 347 586 627 1264 372 443 1200 873 863 990 837 983 861 81 977 373 889 0 913 1024 1707 1485 1086 882 1575 332 460 700 919 653 649 1062 661 923 1286 1397 930 466 1157 889 1297 767 1467 598 907 1237 1199 603 1750 446 684 333 504 422 1235 1123 461 1049 1682 1196 646 596 792 686 1662 453 440 1572 1326 638 867 1285 1423 698 1002 694 1686 611 1466 974 1386 1162 1513 892 562 871 1299 1017 931 1114 705 1767 1383 898
1541 1122 2059 1459 534 793 1140 1391 886 1284 644 888 1160 893 1609 1781 708 1774 1306 833 1357 1125 1398 913 0 1815 1727 888 663 1225 929 1185 686 1447 1710 561 1446 1854 1427 790 1008 1416 1688 719 627 773 855 1513 1025 855 977 795 1990 638 1327 527 297 1081 408 597 2026 701 905 1840 1259 1987 1091 1388 1583 589 1090 706 557 1130 847 539 936 1730 981 1490 705 1075 1311 807 1911 659 1406 1953 1071 912 1353 941 2090 1037 1722 1906 1094 1392 1237 1407
794 1798 712 794 2194 1157 768 841 1372 2083 1208 1138 1945 1692 1434 223 1655 1219 751 1027 1099 949 1641 1024 1815 0 2526 2304 1905 1635 2394 1009 1362 948 418 1408 752 333 907 1742 2031 2216 1143 1279 1911 1708 2042 1145 2212 1426 1653 1982 269 1429 2569 1349 1587 904 1407 1290 1471 1942 1129 1285 2498 760 1054 589 782 1436 2481 1266 1342 2317 2144 1383 1612 395 2168 611 1821 1046 2431 1424 549 1793 2205 1398 2258 1711 784 1617 864 1836 574 909 1510 2512 2129 1650
2252 2246 2708 2170 1684 1514 1851 2102 2010 609 1358 1538 2235 1095 2376 2492 1156 2485 1956 1628 2006 1890 2521 1707 1727 2526 0 1530 1660 2348 1265 1938 1660 2203 2421 1685 2145 2565 2171 1243 2084 366 2437 1359 1731 1209 1931 2280 2100 1885 2100 1870 2668 1340 2324 1538 1688 1846 1570 1355 2737 1698 1555 2551 2256 2698 1740 2098 2294 1713 1442 1352 1539 2205 1596 1663 2060 2379 2057 2201 1257 1724 2386 1344 2560 1290 353 2664 2147 1114 2064 2064 2801 1077 2433 2616 2218 2467 2313 2530
2030 1638 2486 1948 372 1292 1629 1880 1403 1068 1136 1315 1628 1043 2125 2270 774 2263 1733 1406 1784 1641 1914 1485 888 2304 1530 0 425 1741 400 1699 1417 1962 2199 1077 1923 2342 1931 821 1476 1219 2197 1136 795 831 1323 2029 1493 1400 1493 1160 2446 1118 982 1316 1132 1597 1243 1133 2515 480 1333 2329 1039 2476 1518 1876 2072 1105 254 1130 1317 1598 193 1055 1452 2157 1449 1979 707 1502 1778 1143 2338 661 1209 2442 1539 955 1842 1457 2579 1096 2211 2394 1610 1860 1705 1923
1631 1239 2087 1549 303 893 1230 1481 1004 1217 737 917 1229 826 1726 1871 790 1864 1334 1007 1385 1242 1515 1086 663 1905 1660 425 0 1342 732 1300 1018 1563 1800 678 1524 1943 1532 876 1077 1350 1798 737 478 842 924 1630 1094 1001 1094 763 2047 719 708 917 733 1198 844 734 2116 82 934 1930 640 2077 1119 1477 1673 706 602 731 918 1199 266 656 1053 1758 1050 1580 833 1103 1380 744 1939 787 1339 2043 1140 845 1443 1058 2180 970 1812 1995 1211 1461 1306 1524
1361 551 2291 1279 1631 1119 959 1229 771 1905 1133 1268 1009 1514 1115 1600 1477 1594 1686 905 1801 909 528 882 1225 1635 2348 1741 1342 0 2033 969 915 1231 1529 782 1272 1673 1212 1564 1115 2038 1472 1242 1285 1530 1417 1297 1586 935 503 1356 1809 1331 2006 1097 1127 865 1092 1172 1846 1379 1285 1659 1891 1806 1471 1207 1402 810 1917 1230 955 1642 1581 757 377 1972 1543 1309 1643 1519 1393 1384 2127 1615 2027 1773 1322 1533 1172 447 1910 1658 1542 1725 395 1474 981 673
2120 1930 2576 2038 535 1382 1719 1970 1695 803 1225 1405 1920 963 2244 2360 815 2353 1823 1496 1874 1758 2206 1575 929 2394 1265 400 732 2033 0 1806 1528 2070 2289 1369 2013 2432 2039 829 1768 954 2305 1226 1057 794 1615 2148 1785 1692 1785 1423 2535 1208 1288 1406 1226 1714 1338 1223 2605 787 1422 2419 1346 2566 1608 1966 2162 1397 444 1220 1407 1890 466 1347 1744 2247 1741 2068 739 1592 2070 1211 2428 702 944 2532 1831 866 1932 1749 2669 907 2301 2484 1902 2152 1997 2215
735 1133 1665 653 1589 569 293 425 707 1495 620 674 1280 1104 635 975 1068 968 1085 395 1207 147 976 332 1185 1009 1938 1699 1300 969 1806 0 763 473 904 743 642 1047 453 1154 1366 1628 714 691 1246 1120 1377 539 1547 761 987 1317 1184 841 1964 749 988 229 808 702 1220 1337 691 1034 1851 1181 877 577 777 771 1876 678 743 1652 1540 718 947 1346 1503 684 1233 924 1766 836 1502 1205 1617 1147 1593 1123 528 952 1284 1248 916 1099 845 1847 1463 922
1088 842 1782 1006 1220 407 687 938 485 1216 367 611 989 826 1212 1328 789 1321 1029 380 1081 726 924 460 686 1362 1660 1417 1018 915 1528 763 0 1039 1257 412 993 1401 1008 876 1081 1349 1273 450 961 841 1093 1116 1263 284 697 1033 1537 507 1682 273 458 682 278 371 1573 1055 628 1387 1567 1534 814 935 1130 441 1594 437 131 1368 1257 433 656 1453 1219 1037 954 798 1475 593 1634 927 1339 1500 1309 844 900 661 1637 969 1269 1453 684 1556 1173 933
468 1395 1604 516 1852 833 469 116 969 1759 884 938 1542 1368 793 913 1332 802 1211 704 1471 330 1166 700 1447 948 2203 1962 1563 1231 2070 473 1039 0 842 1005 751 986 50 1419 1628 1892 298 955 1508 1384 1639 243 1809 1023 1249 1579 1122 1105 2227 1025 1263 485 1083 966 1075 1600 955 889 2113 1043 1141 580 510 1033 2139 943 1019 1914 1802 980 1209 1285 1765 596 1497 1189 2028 1100 1440 1470 1882 1002 1855 1387 163 1213 1192 1512 855 962 1107 2109 1725 1080
686 1693 1074 650 2089 1052 663 736 1267 1977 1103 1142 1840 1587 1329 379 1550 1106 951 922 1282 843 1536 919 1710 418 2421 2199 1800 1529 2289 904 1257 842 0 1303 647 286 802 1637 1926 2110 1038 1173 1806 1603 1937 1039 2107 1321 1547 1877 469 1323 2464 1243 1482 799 1302 1184 1358 1837 1142 1171 2392 407 1139 484 644 1331 2375 1161 1237 2212 2039 1278 1507 755 2063 505 1715 1144 2326 1318 911 1688 2100 1285 2153 1605 679 1511 511 1730 374 638 1405 2407 2023 1545
1134 680 2023 1052 967 623 733 1002 331 1241 618 852 768 851 1167 1374 814 1367 1270 610 1330 683 955 653 561 1408 1685 1077 678 782 1369 743 412 1005 1303 0 1045 1446 985 901 725 1374 1246 706 622 867 753 1071 923 328 534 693 1583 743 1342 529 451 638 490 628 1619 716 869 1433 1227 1580 1055 980 1176 33 1254 694 387 1028 918 64 494 1694 879 1082 979 1047 1209 769 1868 952 1364 1546 969 869 946 498 1683 994 1315 1498 652 1290 979 965
661 1435 1061 710 1813 787 353 636 1009 1702 838 636 1583 1287 1071 708 1275 1025 490 658 952 586 1278 649 1446 752 2145 1923 1524 1272 2013 642 993 751 647 1045 0 791 711 1361 1668 1835 980 803 1548 1327 1680 948 1849 1063 1290 1620 927 1026 2188 979 1217 542 1037 919 1277 1561 627 1091 2120 916 608 370 702 1073 2100 811 973 1954 1764 1020 1249 757 1806 477 1440 613 2068 955 938 1412 1824 1204 1896 1330 602 1254 1019 1455 651 991 1147 2149 1766 1288
832 1836 846 833 2232 1195 807 879 1410 2121 1246 1286 1984 1730 1473 445 1694 1257 934 1066 1282 987 1680 1062 1854 333 2565 2342 1943 1673 2432 1047 1401 986 286 1446 791 0 946 1781 2069 2254 1182 1317 1949 1746 2081 1183 2250 1464 1691 2021 229 1467 2607 1387 1625 943 1445 1328 1509 1981 1286 1323 2536 649 1237 628 820 1474 2519 1304 1381 2355 2183 1421 1650 596 2207 649 1859 1229 2469 1462 682 1831 2244 1436 2297 1749 823 1655 753 1874 612 880 1548 2550 2167 1689
428 1375 1564 488 1821 802 429 75 949 1728 853 907 1522 1337 773 873 1301 773 1171 673 1440 310 1146 661 1427 907 2171 1931 1532 1212 2039 453 1008 50 802 985 711 946 0 1387 1608 1861 270 924 1488 1353 1620 237 1789 1003 1230 1559 1082 1074 2196 994 1232 454 1052 935 1047 1569 924 860 2094 1003 1110 540 470 1013 2107 911 988 1894 1771 960 1189 1245 1745 556 1466 1158 2008 1069 1400 1438 1850 974 1835 1356 123 1194 1152 1481 814 929 1087 2089 1706 1060
1468 1462 1924 1386 666 730 1067 1318 1226 800 574 754 1451 356 1592 1708 104 1701 1172 844 1222 1106 1737 923 790 1742 1243 821 876 1564 829 1154 876 1419 1637 901 1361 1781 1387 0 1300 932 1653 575 947 34 1147 1496 1316 1101 1316 1086 1884 556 1540 754 904 1062 786 571 1953 914 771 1767 1472 1914 956 1314 1510 929 1006 568 755 1421 780 879 1276 1595 1273 1417 116 940 1602 546 1776 160 922 1880 1363 338 1280 1280 2017 479 1649 1832 1434 1683 1529 1746
1757 842 2510 1675 1366 1272 1356 1626 895 1640 1160 1340 230 1249 1790 1997 1213 1990 1758 1260 1809 1306 1566 1286 1008 2031 2084 1476 1077 1115 1768 1366 1081 1628 1926 725 1668 2069 1608 1300 0 1773 1869 1161 995 1265 630 1694 800 1048 905 570 2206 1142 1513 1205 974 1261 1086 1157 2242 1114 1357 2056 1287 2203 1543 1603 1799 753 1653 1154 1091 905 1317 694 864 2181 756 1706 1378 1526 664 1168 2362 1351 1763 2169 593 1268 1569 869 2306 1393 1938 2121 1043 745 432 1588
1942 1935 2397 1860 1374 1203 1540 1791 1700 269 1047 1227 1925 785 2065 2181 846 2175 1645 1317 1696 1580 2211 1397 1416 2216 366 1219 1350 2038 954 1628 1349 1892 2110 1374 1835 2254 1861 932 1773 0 2127 1048 1420 898 1620 1969 1790 1574 1790 1560 2357 1029 2014 1227 1378 1535 1259 1044 2427 1387 1244 2240 1945 2387 1430 1788 1983 1402 1132 1041 1228 1895 1286 1352 1749 2068 1746 1890 946 1413 2075 1033 2249 980 59 2354 1836 803 1753 1754 2491 766 2123 2306 1907 2157 2002 2220
400 1636 1799 401 2087 1068 699 345 1210 1994 1119 1173 1783 1603 840 1109 1567 548 1384 939 1706 580 1407 930 1688 1143 2437 2197 1798 1472 2305 714 1273 298 1038 1246 980 1182 270 1653 1869 2127 0 1190 1749 1619 1880 260 2050 1264 1490 1820 1318 1340 2462 1260 1498 719 1318 1201 821 1835 1190 635 2354 941 1376 769 442 1274 2373 1177 1254 2155 2037 1221 1450 1480 2006 533 1732 1424 2269 1335 1636 1704 2116 748 2096 1622 393 1454 1090 1747 815 847 1348 2350 1966 1321
1005 1140 1363 923 1026 275 603 854 868 915 122 193 1287 496 1128 1223 488 1238 611 392 662 643 1297 466 719 1279 1359 1136 737 1242 1226 691 450 955 1173 706 803 1317 924 575 1161 1048 1190 0 808 540 1008 1033 1177 675 994 947 1323 244 1401 328 490 598 372 145 1490 775 210 1303 1333 1450 396 850 1046 724 1313 35 329 1282 977 731 954 1034 1134 953 653 379 1463 159 1215 625 1038 1417 1224 543 816 958 1554 668 1186 1369 1075 1544 1390 1307
1637 1183 2157 1555 551 963 1236 1505 947 1287 807 987 1063 897 1669 1877 860 1870 1405 1077 1456 1185 1458 1157 627 1911 1731 795 478 1285 1057 1246 961 1508 1806 622 1548 1949 1488 947 995 1420 1749 808 0 912 727 1574 935 944 1037 483 2086 789 1088 836 606 1141 717 804 2122 545 1004 1935 864 2083 1190 1483 1678 650 1027 801 866 1040 691 600 997 1828 891 1585 915 1173 1221 815 2009 869 1410 2049 981 915 1449 1001 2186 1040 1818 2001 1155 1302 1139 1467
1434 1427 1890 1352 676 696 1033 1284 1192 765 539 719 1417 322 1557 1674 70 1667 1137 809 1188 1072 1703 889 773 1708 1209 831 842 1530 794 1120 841 1384 1603 867 1327 1746 1353 34 1265 898 1619 540 912 0 1112 1462 1282 1066 1282 1052 1849 522 1506 720 870 1028 752 537 1919 879 736 1732 1438 1880 922 1280 1475 894 972 534 720 1387 790 844 1241 1561 1238 1382 124 905 1568 512 1742 170 888 1846 1328 303 1246 1246 1983 445 1615 1798 1399 1649 1494 1712
1769 1182 2357 1686 1161 1163 1367 1637 1041 1487 1007 1187 627 1096 1801 2008 1060 2002 1605 1258 1656 1317 1590 1297 855 2042 1931 1323 924 1417 1615 1377 1093 1639 1937 753 1680 2081 1620 1147 630 1620 1880 1008 727 1112 0 1705 312 1076 1169 245 2217 989 1048 1052 821 1273 933 1004 2253 961 1204 2067 821 2214 1389 1615 1810 781 1500 1001 1082 417 1164 731 1128 2028 268 1717 1225 1373 593 1015 2209 1198 1610 2180 354 1115 1580 1133 2318 1240 1949 2133 1286 674 678 1599
531 1461 1801 574 1919 911 662 313 1035 1837 962 1016 1608 1446 782 1110 1409 747 1408 781 1549 433 1232 767 1513 1145 2280 2029 1630 1297 2148 539 1116 243 1039 1071 948 1183 237 1496 1694 1969 260 1033 1574 1462 1705 0 1875 1089 1315 1645 1320 1182 2294 1103 1341 565 1161 1043 1020 1667 1033 834 2179 1107 1218 777 573 1099 2206 1020 1096 1980 1870 1046 1275 1482 1831 664 1575 1266 2094 1177 1637 1547 1959 947 1921 1464 360 1279 1256 1589 980 1020 1173 2175 1791 1146
1938 1224 2527 1856 1369 1333 1537 1806 1211 1657 1176 1356 785 1266 1970 2178 1230 2171 1774 1427 1825 1487 1759 1467 1025 2212 2100 1493 1094 1586 1785 1547 1263 1809 2107 923 1849 2250 1789 1316 800 1790 2050 1177 935 1282 312 1875 0 1245 1338 452 2387 1159 949 1221 991 1442 1102 1174 2423 1120 1373 2237 717 2384 1559 1784 1980 951 1669 1171 1251 110 1333 901 1298 2198 49 1886 1395 1543 606 1184 2379 1367 1779 2350 339 1285 1750 1302 2487 1410 2119 2302 1456 687 691 1769
1152 955 1981 1070 1290 587 751 1020 294 1441 592 811 996 1050 1184 1392 1014 1385 1229 532 1305 700 942 598 855 1426 1885 1400 1001 935 1692 761 284 1023 1321 328 1063 1464 1003 1101 1048 1574 1264 675 944 1066 1076 1089 1245 0 712 1016 1601 732 1665 498 584 656 503 596 1637 1038 828 1451 1550 1598 1013 998 1194 356 1577 662 356 1351 1240 387 672 1652 1202 1100 1179 1023 1482 818 1833 1152 1564 1564 1292 1069 964 676 1701 1194 1333 1516 702 1563 1223 951
1379 408 2288 1297 1383 888 977 1247 506 1657 885 1118 798 1266 1411 1618 1229 1612 1535 876 1595 927 992 907 977 1653 2100 1493 1094 503 1785 987 697 1249 1547 534 1290 1691 1230 1316 905 1790 1490 994 1037 1282 1169 1315 1338 712 0 1108 1827 1083 1758 849 879 883 844 924 1864 1131 1135 1677 1643 1824 1320 1225 1420 562 1669 982 707 1438 1333 509 151 1959 1295 1327 1395 1312 1230 1136 2134 1367 1779 1791 1159 1285 1190 115 1928 1410 1560 1743 330 1311 839 1025
1708 1135 2297 1626 917 1103 1307 1577 981 1427 947 1127 580 1036 1741 1948 1000 1941 1544 1197 1595 1257 1529 1237 795 1982 1870 1160 763 1356 1423 1317 1033 1579 1877 693 1620 2021 1559 1086 570 1560 1820 947 483 1052 245 1645 452 1016 1108 0 2157 929 1001 992 761 1213 873 944 2193 750 1144 2007 774 2154 1329 1555 1750 721 1339 941 1022 557 1003 671 1068 1968 409 1657 1165 1313 738 954 2149 1137 1550 2120 498 1055 1520 1073 2257 1180 1889 2073 1226 819 656 1539
969 1973 655 969 2336 1332 943 1016 1547 2224 1374 1130 2120 1807 1609 424 1797 1394 743 1202 1091 1124 1816 1199 1990 269 2668 2446 2047 1809 2535 1184 1537 1122 469 1583 927 229 1082 1884 2206 2357 1318 1323 2086 1849 2217 1320 2387 1601 1827 2157 0 1547 2711 1523 1762 1079 1582 1448 1646 2084 1121 1459 2642 832 1047 764 957 1611 2622 1332 1517 2492 2286 1558 1787 405 2343 785 1962 1038 2606 1475 491 1935 2347 1573 2433 1852 959 1791 935 1977 749 1062 1685 2687 2303 1825
1155 1228 1587 1073 1008 416 753 1004 925 897 260 417 1294 506 1278 1394 469 1388 835 524 886 793 1372 603 638 1429 1340 1118 719 1331 1208 841 507 1105 1323 743 1026 1467 1074 556 1142 1029 1340 244 789 522 989 1182 1159 732 1083 929 1547 0 1383 326 410 748 292 217 1640 756 434 1453 1314 1600 619 1001 1196 771 1294 231 376 1264 958 721 1042 1258 1115 1103 635 603 1444 291 1439 607 1019 1567 1205 524 966 1047 1704 649 1336 1519 1132 1526 1371 1381
2295 1903 2751 2213 998 1557 1894 2145 1668 1881 1401 1581 1553 1490 2390 2535 1454 2528 1998 1671 2049 1906 2179 1750 1327 2569 2324 982 708 2006 1288 1964 1682 2227 2464 1342 2188 2607 2196 1540 1513 2014 2462 1401 1088 1506 1048 2294 949 1665 1758 1001 2711 1383 0 1581 1397 1862 1508 1398 2780 668 1598 2594 301 2741 1783 2141 2337 1370 1158 1395 1582 1013 822 1320 1717 2422 998 2244 1488 1767 1466 1408 2603 1442 2004 2707 1226 1509 2107 1722 2844 1634 2476 2659 1875 1547 1551 2188
1075 995 1660 993 1061 368 673 924 692 1095 245 490 1142 704 1198 1314 667 1308 908 367 959 713 1138 446 527 1349 1538 1316 917 1097 1406 749 273 1025 1243 529 979 1387 994 754 1205 1227 1260 328 836 720 1052 1103 1221 498 849 992 1523 326 1581 0 299 669 119 222 1560 954 507 1373 1510 1520 693 921 1116 547 1492 315 142 1327 1156 585 809 1332 1178 1023 833 676 1507 472 1512 805 1217 1487 1268 722 886 813 1624 847 1256 1439 899 1588 1325 1147
1313 1024 1831 1231 831 564 912 1163 627 1245 416 660 1126 854 1436 1553 818 1546 1078 605 1129 951 1290 684 297 1587 1688 1132 733 1127 1226 988 458 1263 1482 451 1217 1625 1232 904 974 1378 1498 490 606 870 821 1341 991 584 879 761 1762 410 1397 299 0 907 180 368 1798 770 677 1612 1296 1759 863 1159 1355 469 1309 478 329 1096 972 441 838 1502 947 1261 980 846 1277 633 1683 943 1368 1725 1037 873 1125 843 1862 998 1494 1677 997 1358 1203 1299
631 1028 1561 549 1487 477 229 455 602 1403 528 582 1176 1012 670 870 975 864 996 347 1115 185 871 333 1081 904 1846 1597 1198 865 1714 229 682 485 799 638 542 943 454 1062 1261 1535 719 598 1141 1028 1273 565 1442 656 883 1213 1079 748 1862 669 907 0 727 609 1115 1235 599 929 1747 1076 784 477 672 666 1773 586 662 1547 1437 613 842 1242 1399 579 1141 832 1661 743 1397 1113 1525 1043 1489 1030 442 847 1180 1155 811 995 740 1742 1359 835
1133 989 1712 1051 942 426 732 983 655 1127 298 542 1136 736 1256 1372 699 1366 960 425 1011 771 1143 504 408 1407 1570 1243 844 1092 1338 808 278 1083 1302 490 1037 1445 1052 786 1086 1259 1318 372 717 752 933 1161 1102 503 844 873 1582 292 1508 119 180 727 0 250 1618 882 559 1431 1407 1579 744 979 1174 507 1420 359 149 1208 1084 548 803 1383 1059 1081 865 728 1388 514 1564 837 1249 1545 1149 754 945 808 1682 880 1314 1497 903 1469 1281 1152
1016 1070 1489 934 1023 258 614 865 789 912 102 318 1217 521 1139 1255 484 1249 736 342 787 654 1236 422 597 1290 1355 1133 734 1172 1223 702 371 966 1184 628 919 1328 935 571 1157 1044 1201 145 804 537 1004 1043 1174 596 924 944 1448 217 1398 222 368 609 250 0 1501 771 335 1314 1329 1461 521 862 1057 645 1309 133 250 1279 973 661 884 1160 1130 964 650 505 1459 289 1341 622 1034 1428 1220 539 827 888 1565 664 1197 1380 996 1541 1348 1245
800 2009 2127 718 2405 1368 979 1061 1583 2294 1419 1473 2156 1903 1183 1437 1866 474 1738 1238 2006 1160 1852 1235 2026 1471 2737 2515 2116 1846 2605 1220 1573 1075 1358 1619 1277 1509 1047 1953 2242 2427 821 1490 2122 1919 2253 1020 2423 1637 1864 2193 1646 1640 2780 1560 1798 1115 1618 1501 0 2153 1490 468 2709 1211 1676 1119 841 1647 2692 1477 1554 2528 2355 1594 1823 1808 2379 932 2032 1723 2642 1635 1963 2004 2416 344 2469 1922 1003 1828 1199 2047 1131 937 1721 2723 2340 1787
1668 1276 2124 1586 371 930 1267 1518 1041 1254 774 954 1266 863 1763 1908 827 1901 1372 1044 1423 1279 1552 1123 701 1942 1698 480 82 1379 787 1337 1055 1600 1837 716 1561 1981 1569 914 1114 1387 1835 775 545 879 961 1667 1120 1038 1131 750 2084 756 668 954 770 1235 882 771 2153 0 971 1967 627 2114 1156 1515 1710 743 657 768 955 1211 321 693 1090 1795 1076 1617 901 1140 1399 782 1976 855 1377 2080 1160 882 1480 1095 2217 1007 1849 2033 1249 1480 1343 1561
1005 1280 1162 923 1223 374 602 855 1019 1111 267 17 1427 694 1128 1031 684 1238 409 387 554 643 1292 461 905 1129 1555 1333 934 1285 1422 691 628 955 1142 869 627 1286 924 771 1357 1244 1190 210 1004 736 1204 1033 1373 828 1135 1144 1121 434 1598 507 677 599 559 335 1490 971 0 1304 1529 1417 194 805 1047 895 1509 219 508 1479 1173 871 1094 833 1330 948 849 266 1659 362 1014 822 1234 1417 1420 739 817 1099 1521 864 1153 1369 1109 1740 1571 1301
613 1823 1941 531 2219 1182 793 875 1397 2107 1233 1286 1970 1717 892 1250 1680 363 1551 1052 1820 973 1582 1049 1840 1285 2551 2329 1930 1659 2419 1034 1387 889 1171 1433 1091 1323 860 1767 2056 2240 635 1303 1935 1732 2067 834 2237 1451 1677 2007 1459 1453 2594 1373 1612 929 1431 1314 468 1967 1304 0 2522 1071 1489 933 655 1461 2505 1291 1367 2342 2169 1407 1637 1622 2193 746 1845 1537 2456 1448 1777 1818 2230 198 2283 1735 817 1641 1220 1860 945 978 1534 2537 2153 1496
2224 1788 2683 2142 930 1489 1823 2073 1553 1813 1332 1512 1326 1422 2275 2463 1385 2457 1930 1602 1981 1791 2064 1682 1259 2498 2256 1039 640 1891 1346 1851 1567 2113 2392 1227 2120 2536 2094 1472 1287 1945 2354 1333 864 1438 821 2179 717 1550 1643 774 2642 1314 301 1510 1296 1747 1407 1329 2709 627 1529 2522 0 2669 1715 2070 2265 1255 1216 1326 1513 781 879 1205 1602 2354 766 2172 1460 1698 1239 1340 2535 1414 1935 2636 1000 1440 2036 1607 2773 1565 2405 2588 1760 1320 1325 2073
587 1970 1416 540 2366 1329 940 983 1544 2254 1380 1417 2117 1864 1606 712 1827 1006 1284 1199 1615 1120 1813 1196 1987 760 2698 2476 2077 1806 2566 1181 1534 1043 407 1580 916 649 1003 1914 2203 2387 941 1450 2083 1880 2214 1107 2384 1598 1824 2154 832 1600 2741 1520 1759 1076 1579 1461 1211 2114 1417 1071 2669 0 1407 744 534 1608 2652 1438 1514 2489 2316 1554 1784 1087 2340 611 1992 1412 2603 1595 1253 1965 2377 1185 2430 1882 880 1788 210 2007 321 375 1682 2684 2300 1822
1152 1466 1087 1109 1408 560 778 1040 1205 1297 453 203 1613 880 1314 957 870 1424 334 572 452 829 1477 646 1091 1054 1740 1518 1119 1471 1608 877 814 1141 1139 1055 608 1237 1110 956 1543 1430 1376 396 1190 922 1389 1218 1559 1013 1320 1329 1047 619 1783 693 863 784 744 521 1676 1156 194 1489 1715 1407 0 941 1194 1080 1695 405 694 1664 1359 1057 1280 758 1515 969 1035 113 1845 548 939 1007 1419 1603 1605 925 1002 1284 1511 1050 1142 1482 1294 1926 1756 1487
420 1370 1245 533 1766 729 289 465 944 1655 780 803 1518 1264 1007 555 1228 867 827 600 1288 521 1214 596 1388 589 2098 1876 1477 1207 1966 577 935 580 484 980 370 628 540 1314 1603 1788 769 850 1483 1280 1615 777 1784 998 1225 1555 764 1001 2141 921 1159 477 979 862 1119 1515 805 933 2070 744 941 0 461 1008 2053 838 915 1890 1717 955 1184 926 1741 237 1393 950 2003 996 1082 1365 1777 1046 1831 1283 433 1189 848 1408 480 784 1082 2084 1701 1223
54 1566 1438 191 1962 925 536 450 1140 1850 976 1029 1713 1460 1197 747 1423 589 1076 795 1537 716 1409 792 1583 782 2294 2072 1673 1402 2162 777 1130 510 644 1176 702 820 470 1510 1799 1983 442 1046 1678 1475 1810 573 1980 1194 1420 1750 957 1196 2337 1116 1355 672 1174 1057 841 1710 1047 655 2265 534 1194 461 0 1204 2248 1034 1110 2085 1912 1150 1380 1119 1936 225 1588 1199 2198 1191 1274 1561 1973 768 2026 1478 346 1384 683 1603 407 459 1277 2280 1896 1418
1162 708 2048 1080 995 651 761 1030 359 1269 641 878 796 879 1194 1402 842 1395 1296 639 1355 711 983 686 589 1436 1713 1105 706 810 1397 771 441 1033 1331 33 1073 1474 1013 929 753 1402 1274 724 650 894 781 1099 951 356 562 721 1611 771 1370 547 469 666 507 645 1647 743 895 1461 1255 1608 1080 1008 1204 0 1282 711 405 1056 946 69 522 1719 907 1110 1007 1072 1237 797 1900 980 1392 1574 997 897 974 526 1711 1022 1343 1526 680 1318 1007 992
2207 1815 2663 2125 626 1469 1805 2056 1579 980 1312 1492 1804 1140 2302 2446 976 2440 1910 1582 1961 1818 2090 1662 1090 2481 1442 254 602 1917 444 1876 1594 2139 2375 1254 2100 2519 2107 1006 1653 1132 2373 1313 1027 972 1500 2206 1669 1577 1669 1339 2622 1294 1158 1492 1309 1773 1420 1309 2692 657 1509 2505 1216 2652 1695 2053 2248 1282 0 1306 1493 1774 447 1232 1629 2334 1626 2155 909 1678 1955 1320 2515 863 1121 2619 1716 1043 2018 1633 2756 1085 2388 2571 1787 2036 1882 2100
992 1127 1372 910 1020 263 591 842 855 909 109 202 1274 509 1116 1216 481 1225 620 380 671 630 1285 453 706 1266 1352 1130 731 1230 1220 678 437 943 1161 694 811 1304 911 568 1154 1041 1177 35 801 534 1001 1020 1171 662 982 941 1332 231 1395 315 478 586 359 133 1477 768 219 1291 1326 1438 405 838 1034 711 1306 0 316 1276 970 718 941 1043 1127 941 647 388 1456 179 1224 619 1031 1404 1217 536 804 946 1541 661 1173 1356 1062 1538 1383 1294
1069 852 1661 987 1091 355 667 918 549 1095 246 491 1000 705 1192 1308 668 1302 909 360 960 707 996 440 557 1342 1539 1317 918 955 1407 743 131 1019 1237 387 973 1381 988 755 1091 1228 1254 329 866 720 1082 1096 1251 356 707 1022 1517 376 1582 142 329 662 149 250 1554 955 508 1367 1513 1514 694 915 1110 405 1493 316 0 1357 1157 443 666 1332 1208 1017 833 677 1485 472 1513 806 1218 1481 1298 723 880 671 1618 848 1249 1433 756 1566 1183 1005
2043 1221 2632 1961 1474 1438 1642 1912 1316 1762 1282 1461 783 1371 2076 2283 1335 2276 1879 1532 1930 1592 1864 1572 1130 2317 2205 1598 1199 1642 1890 1652 1368 1914 2212 1028 1954 2355 1894 1421 905 1895 2155 1282 1040 1387 417 1980 110 1351 1438 557 2492 1264 1013 1327 1096 1547 1208 1279 2528 1211 1479 2342 781 2489 1664 1890 2085 1056 1774 1276 1357 0 1438 1006 1403 2303 155 1992 1500 1648 603 1289 2484 1472 1884 2455 337 1390 1855 1392 2592 1515 2224 2407 1561 685 689 1874
1871 1479 2326 1788 328 1132 1469 1720 1243 1134 976 1156 1468 1002 1965 2110 732 2104 1574 1246 1625 1481 1754 1326 847 2144 1596 193 266 1581 466 1540 1257 1802 2039 918 1764 2183 1771 780 1317 1286 2037 977 691 790 1164 1870 1333 1240 1333 1003 2286 958 822 1156 972 1437 1084 973 2355 321 1173 2169 879 2316 1359 1717 1912 946 447 970 1157 1438 0 896 1293 1997 1289 1819 666 1342 1619 984 2178 620 1275 2282 1379 914 1682 1297 2420 1055 2051 2235 1451 1700 1545 1763
1109 654 2025 1027 945 624 708 977 390 1219 622 854 799 828 1141 1348 792 1342 1272 612 1331 657 930 638 539 1383 1663 1055 656 757 1347 718 433 980 1278 64 1020 1421 960 879 694 1352 1221 731 600 844 731 1046 901 387 509 671 1558 721 1320 585 441 613 548 661 1594 693 871 1407 1205 1554 1057 955 1150 69 1232 718 443 1006 896 0 469 1696 857 1057 957 1049 1186 747 1867 930 1342 1521 947 847 921 473 1658 972 1290 1473 627 1268 951 939
1338 408 2248 1256 1342 847 937 1207 465 1616 845 1077 758 1226 1305 1578 1189 1571 1495 835 1554 887 866 867 936 1612 2060 1452 1053 377 1744 947 656 1209 1507 494 1249 1650 1189 1276 864 1749 1450 954 997 1241 1128 1275 1298 672 151 1068 1787 1042 1717 809 838 842 803 884 1823 1090 1094 1637 1602 1784 1280 1184 1380 522 1629 941 666 1403 1293 469 0 1919 1254 1287 1354 1272 1210 1095 2093 1327 1739 1750 1140 1244 1150 89 1887 1369 1519 1702 179 1292 839 899
1131 2105 424 1131 2047 1199 1081 1178 1709 1936 1092 842 2252 1519 1771 459 1508 1556 455 1211 803 1286 1978 1285 1730 395 2379 2157 1758 1972 2247 1346 1453 1285 755 1694 757 596 1245 1595 2181 2068 1480 1034 1828 1561 2028 1482 2198 1652 1959 1968 405 1258 2422 1332 1502 1242 1383 1160 1808 1795 833 1622 2354 1087 758 926 1119 1719 2334 1043 1332 2303 1997 1696 1919 0 2154 948 1674 750 2484 1186 260 1646 2058 1735 2244 1563 1121 1923 1191 1689 911 1236 1847 2565 2395 1988
1894 1235 2483 1812 1325 1289 1493 1763 1167 1613 1133 1313 753 1222 1927 2134 1186 2127 1731 1384 1781 1443 1716 1423 981 2168 2057 1449 1050 1543 1741 1503 1219 1765 2063 879 1806 2207 1745 1273 756 1746 2006 1134 891 1238 268 1831 49 1202 1295 409 2343 1115 998 1178 947 1399 1059 1130 2379 1076 1330 2193 766 2340 1515 1741 1936 907 1626 1127 1208 155 1289 857 1254 2154 0 1843 1351 1499 617 1140 2335 1324 1736 2306 351 1241 1706 1259 2443 1366 2075 2259 1412 699 703 1725
183 1472 1267 296 1869 831 443 515 1047 1757 882 936 1620 1366 1109 576 1330 680 852 702 1313 623 1316 698 1490 611 2201 1979 1580 1309 2068 684 1037 596 505 1082 477 649 556 1417 1706 1890 533 953 1585 1382 1717 664 1886 1100 1327 1657 785 1103 2244 1023 1261 579 1081 964 932 1617 948 746 2172 611 969 237 225 1110 2155 941 1017 1992 1819 1057 1287 948 1843 0 1495 974 2105 1098 1103 1468 1880 859 1933 1385 433 1291 760 1510 426 548 1184 2186 1803 1325
