NAME: zurich_100_21
COMMENT: TSP instance with 100 nodes. City: Zurich, Switzerland, Seed: 63
TYPE: TSP
DIMENSION: 100
EDGE_WEIGHT_TYPE: EXPLICIT
EDGE_WEIGHT_FORMAT: FULL_MATRIX
NODE_COORD_SECTION:
1 47.5190522 8.5474998
2 47.3070633 8.3097058
3 47.5489144 8.7176677
4 47.409652 8.3996952
5 47.2389379 8.6372095
6 47.4322277 8.5729135
7 47.3569593 8.557845
8 47.4962889 8.4936725
9 47.4218367 8.5077562
10 47.3727914 8.3099428
11 47.3947321 8.3779605
12 47.3993316 8.5858527
13 47.2807448 8.4573125
14 47.3873672 8.4956722
15 47.3699083 8.7726298
16 47.430466 8.6429062
17 47.2933178 8.7789966
18 47.3991968 8.7701561
19 47.4486464 8.4405715
20 47.4131544 8.619877
21 47.3988095 8.5295869
22 47.5274005 8.7126702
23 47.3869316 8.3523023
24 47.2655896 8.3412979
25 47.2479209 8.3649077
26 47.2708041 8.5802357
27 47.4398686 8.6337845
28 47.2750988 8.7480284
29 47.4778145 8.5612527
30 47.4047493 8.5041845
31 47.395994 8.5452781
32 47.3510711 8.4388467
33 47.3071324 8.5556767
34 47.2028093 8.7787253
35 47.3890414 8.477062
36 47.3619112 8.7937284
37 47.4904119 8.7471146
38 47.2752865 8.3491273
39 47.4203478 8.4196824
40 47.253505 8.7680336
41 47.3091749 8.3608541
42 47.2343253 8.5979978
43 47.3462441 8.2874976
44 47.1976207 8.4944349
45 47.3533052 8.3667195
46 47.2032934 8.7544644
47 47.4408896 8.6265964
48 47.3823239 8.4990841
49 47.4506986 8.5936848
50 47.2834574 8.7662121
51 47.5075047 8.689635
52 47.5002479 8.3321445
53 47.3153642 8.3215471
54 47.5413193 8.6789943
55 47.3260954 8.4905162
56 47.4104592 8.722081
57 47.4390328 8.3565918
58 47.4180796 8.3659921
59 47.4472286 8.702179
60 47.230259 8.49544
61 47.2259275 8.5972453
62 47.39515 8.3891159
63 47.3720911 8.5492549
64 47.5390231 8.7389452
65 47.3590627 8.5533153
66 47.3581092 8.6288842
67 47.3649787 8.3433749
68 47.29994 8.5999399
69 47.3844936 8.4765656
70 47.278831 8.4449003
71 47.4079295 8.7264195
72 47.4449462 8.5719291
73 47.3313081 8.785405
74 47.217765 8.5773993
75 47.4819271 8.5637908
76 47.5485126 8.7377849
77 47.3100212 8.7951339
78 47.5416444 8.7870193
79 47.270009 8.441404
80 47.4641508 8.3109191
81 47.3073113 8.542039
82 47.3505673 8.7064165
83 47.4732896 8.4863329
84 47.3652547 8.5533383
85 47.4070594 8.4104816
86 47.3868147 8.7520406
87 47.4432813 8.3603684
88 47.4919393 8.7041729
89 47.2107436 8.299263
90 47.3847144 8.4781344
91 47.4200671 8.6036811
92 47.3302572 8.5364676
93 47.4315305 8.5430318
94 47.405176 8.3045533
95 47.2000909 8.7333383
96 47.3863605 8.6619334
97 47.4426532 8.6368528
98 47.2018566 8.5145755
99 47.4862452 8.4980472
100 47.3204526 8.8034817
EDGE_WEIGHT_SECTION:
0 2193 1092 1217 1802 582 1162 425 911 1889 1469 886 1818 1125 1421 882 1720 1548 946 839 904 993 1681 2274 2186 1713 785 1884 411 1022 794 1368 1512 2473 1253 1509 1258 2116 1200 2024 1837 1853 1964 2297 1572 2328 774 1122 570 1739 887 1252 2098 861 1677 1233 1411 1302 1109 2097 1887 1344 987 1170 1130 1215 1727 1718 1241 1794 1233 517 1457 2020 429 1225 1590 1227 1787 1499 1443 1247 651 1060 1113 1369 1322 1097 2973 1229 839 1324 698 1982 2246 1115 815 2259 495 1585
2193 0 2656 1337 1807 1731 1645 2044 1551 683 1220 1900 993 1554 2480 1998 2660 2607 1802 1898 1752 2459 1059 418 536 1719 2079 2673 1956 1680 1691 1014 1518 2479 1536 2568 2521 391 1560 2820 391 1825 345 1417 883 2334 2071 1509 1867 2623 2451 1845 174 2579 1261 2291 1619 1449 2176 1249 1783 1212 1545 2676 1592 2070 756 2179 1494 947 2292 1716 2515 1614 2033 2731 2648 2693 939 1590 1448 2305 1799 1586 1337 2428 1532 2281 1182 1481 1989 1330 1639 907 2252 2173 2112 1411 1923 2643
1092 2656 0 1680 2174 1158 1534 1454 1374 2352 1933 1129 2229 1497 1247 981 1767 1198 1625 909 1276 197 2144 2718 2586 2086 1064 1931 1194 1394 1167 1831 1885 2845 1625 1361 588 2554 1664 2071 2301 2225 2428 2697 2036 2701 1068 1494 1189 1787 460 2281 2561 254 2076 883 1874 1765 768 2498 2259 1807 1359 313 1502 1432 2191 2090 1614 2195 883 1154 1504 2392 1180 368 1637 526 2188 1970 1815 1294 1593 1432 1576 1080 1788 556 3374 1601 1050 1696 1167 2445 2619 1157 1008 2659 1524 1632
1217 1337 1680 0 1339 755 1054 1067 575 971 338 969 999 605 1503 1022 1802 1630 771 921 811 1483 624 1454 1366 1251 1103 1966 980 685 815 548 1050 2011 547 1592 1545 1296 329 2106 1018 1390 1046 1477 579 1866 1095 652 891 1822 1475 968 1241 1602 857 1315 526 285 1200 1278 1424 213 922 1700 1001 1298 809 1588 595 974 1316 740 1539 1558 1057 1755 1672 1717 968 639 980 1329 823 987 104 1451 440 1304 2154 589 1012 862 662 970 1784 1197 1135 1439 947 1667
1802 1807 2174 1339 0 1362 1030 1874 1350 1503 1475 1284 1247 996 1997 1516 2045 2124 1702 1442 1156 1977 1484 1739 1605 474 1585 2058 1565 1253 1076 956 551 870 1092 2086 2039 1572 1525 2205 1452 340 1578 1021 1205 725 1648 946 1476 2007 1969 2010 1712 2096 1099 1809 1584 1475 1694 965 374 1349 930 2194 977 1455 1342 1564 1066 1213 1810 1359 2033 508 1642 2249 2158 2211 1206 1681 477 1823 1764 970 1303 1945 1498 1798 2392 1053 1470 574 1361 1702 643 1691 1698 893 1834 2161
582 1731 1158 755 1362 0 721 658 449 1427 1008 362 1356 679 981 499 1280 1108 700 374 432 960 1219 1812 1724 1273 443 1443 345 550 354 906 1072 2033 807 1069 1022 1654 738 1583 1376 1412 1502 1835 1111 1888 453 677 249 1299 952 1375 1636 1080 1215 792 949 840 677 1635 1447 882 547 1177 690 775 1265 1277 796 1332 793 126 1016 1580 421 1232 1149 1195 1325 1045 1003 806 583 620 651 929 863 782 2511 783 302 884 230 1520 1806 674 493 1797 620 1144
1162 1645 1534 1054 1030 721 0 1234 710 1340 1259 644 1084 521 1334 876 1114 1482 1133 802 521 1337 1321 1576 1442 941 944 1127 925 618 415 793 714 1701 625 1423 1398 1410 1173 1274 1289 1080 1416 1553 1043 1556 1007 479 836 1077 1328 1617 1550 1456 936 1168 1191 1082 1053 1353 1115 1134 200 1553 79 538 1179 599 599 1050 1169 718 1370 1248 1001 1608 1228 1571 1044 1288 670 1138 1142 137 950 1280 1105 1158 2229 586 830 548 721 1540 1474 841 1057 1515 1194 1363
425 2044 1454 1067 1874 658 1234 0 739 1740 1320 959 1669 1064 1493 979 1792 1620 596 911 943 1355 1531 2124 2036 1786 885 1956 586 882 867 1219 1585 2546 1126 1582 1535 1966 1050 2096 1688 1925 1815 2147 1423 2401 874 1123 671 1812 1249 902 1949 1223 1528 1305 1081 1152 1190 1948 1959 1195 1059 1532 1203 1288 1578 1790 1131 1645 1306 611 1529 2093 605 1587 1662 1589 1638 1149 1515 1319 280 1132 964 1441 983 1294 2824 1118 939 1397 644 1718 2319 1187 915 2109 124 1657
911 1551 1374 575 1350 449 710 739 0 1247 828 560 1176 567 1197 716 1496 1324 500 615 319 1177 1039 1632 1544 1261 797 1660 674 206 329 726 1060 2021 629 1286 1238 1474 559 1800 1196 1401 1323 1655 931 1876 789 586 585 1515 1169 1195 1456 1296 1035 1009 769 660 894 1455 1435 702 535 1394 679 991 1086 1266 633 1152 1009 434 1233 1568 750 1448 1366 1411 1146 865 991 1023 490 608 471 1145 683 998 2331 620 706 872 311 1340 1794 891 829 1617 615 1361
1889 683 2352 971 1503 1427 1340 1740 1247 0 854 1595 1135 1249 2175 1694 2356 2302 1491 1593 1447 2155 692 930 988 1414 1775 2369 1652 1375 1386 709 1213 2174 1231 2264 2217 772 1218 2516 518 1554 391 1641 516 2029 1767 1205 1563 2318 2147 1275 587 2274 1024 1987 1273 895 1872 1441 1588 846 1241 2372 1287 1766 394 1875 1189 1138 1988 1412 2211 1721 1729 2427 2344 2389 1132 1021 1144 2001 1494 1281 993 2123 1180 1976 1715 1176 1684 1025 1334 338 1947 1869 1807 1603 1619 2339
1469 1220 1933 338 1475 1008 1259 1320 828 854 0 1221 1134 836 1756 1274 2055 1883 1028 1174 1043 1736 472 1396 1454 1386 1355 2219 1233 941 1020 671 1185 2146 778 1844 1797 1238 585 2358 959 1525 929 1613 465 2001 1347 882 1144 2074 1727 1175 1125 1855 991 1567 733 476 1452 1413 1560 177 1127 1952 1206 1550 692 1793 823 1110 1568 993 1791 1693 1309 2007 1925 1970 1103 846 1116 1581 1075 1192 360 1704 647 1557 2181 820 1265 997 915 915 1919 1450 1388 1575 1200 1919
886 1900 1129 969 1284 362 644 959 560 1595 1221 0 1339 607 952 471 1251 1079 914 313 387 932 1432 1831 1697 1196 511 1313 649 504 275 1048 995 1956 735 1040 993 1665 952 1460 1544 1335 1671 1808 1298 1811 577 604 561 1259 923 1588 1804 1051 1186 764 1163 1053 648 1608 1369 1096 469 1149 613 535 1434 1200 724 1305 764 443 988 1503 726 1203 1121 1166 1298 1259 925 778 881 542 865 900 1076 753 2484 711 371 807 449 1734 1729 568 628 1770 918 1116
1818 993 2229 999 1247 1356 1084 1669 1176 1135 1134 1339 0 1050 2052 1571 2100 2179 1427 1487 1210 2032 1144 811 677 1158 1640 2113 1581 1305 1130 572 957 1918 1143 2141 2093 645 1185 2260 729 1026 1211 731 865 1773 1681 1001 1492 2062 2024 1670 966 2151 479 1864 1244 1135 1749 476 965 1009 985 2249 1031 1510 965 1619 1091 138 1864 1341 2088 796 1658 2304 2213 2266 168 1340 866 1878 1424 1025 962 2000 1157 1853 1464 1078 1525 769 1264 1326 1691 1746 1725 693 1548 2216
1125 1554 1497 605 996 679 521 1064 567 1249 836 607 1050 0 1320 839 1537 1447 754 765 394 1300 1048 1543 1408 907 907 1550 888 361 370 611 706 1667 159 1408 1361 1376 723 1696 1198 1046 1325 1519 940 1522 970 106 799 1499 1291 1198 1459 1419 707 1131 772 663 1016 1320 1081 711 397 1516 468 939 1088 1055 162 1016 1132 681 1356 1214 964 1571 1489 1534 1010 868 636 1146 830 462 502 1268 685 1121 2196 149 793 518 644 1343 1440 1014 1020 1481 954 1483
1421 2480 1247 1503 1997 981 1334 1493 1197 2175 1756 952 2052 1320 0 797 690 330 1448 723 1100 1050 1967 2541 2410 1909 879 934 1184 1217 990 1654 1708 2669 1448 174 1001 2378 1487 1063 2124 2048 2251 2521 1859 2524 942 1317 1085 789 1041 2123 2384 1169 1899 398 1697 1588 721 2321 2082 1630 1182 1266 1325 855 2014 1388 1437 2018 363 978 363 2216 1261 1321 555 1284 2011 1794 1638 468 1416 1255 1400 172 1611 871 3197 1424 864 1520 990 2268 2442 553 993 2483 1453 550
882 1998 981 1022 1516 499 876 979 716 1694 1274 471 1571 839 797 0 1096 836 967 200 618 784 1486 2060 1928 1427 104 1260 625 736 508 1173 1226 2187 967 885 846 1896 1005 1399 1642 1567 1769 2039 1378 2042 167 836 314 1115 776 1642 1903 904 1417 486 1216 1107 369 1840 1601 1149 701 1001 844 772 1532 1432 955 1537 521 475 832 1734 701 1056 966 1019 1530 1312 1157 622 935 774 918 717 1129 606 2716 943 317 1038 508 1787 1960 491 217 2001 972 960
1720 2660 1767 1802 2045 1280 1114 1792 1496 2356 2055 1251 2100 1537 690 1096 0 992 1747 1022 1399 1570 2266 2592 2457 1957 1178 266 1483 1516 1289 1809 1729 2716 1641 779 1632 2425 1786 399 2304 2096 2431 2568 2058 2571 1241 1495 1384 122 1562 2422 2565 1690 1952 954 1996 1887 1283 2369 2130 1930 1173 1787 1126 798 2194 998 1614 2066 938 1277 411 2263 1560 1842 218 1804 2059 2093 1686 608 1715 1110 1699 843 1910 1391 3245 1602 1163 1563 1289 2555 2489 852 1292 2530 1752 353
1548 2607 1198 1630 2124 1108 1482 1620 1324 2302 1883 1079 2179 1447 330 836 992 0 1575 860 1227 1001 2094 2668 2537 2036 918 1235 1311 1345 1117 1781 1835 2796 1575 356 800 2505 1614 1366 2251 2175 2378 2648 1986 2651 981 1444 1128 1091 993 2250 2512 1120 2026 349 1824 1715 672 2448 2209 1758 1309 1210 1453 1018 2141 1615 1564 2145 315 1105 665 2343 1388 1273 858 1235 2138 1921 1765 667 1543 1382 1527 230 1738 822 3324 1551 1000 1647 1117 2396 2569 716 956 2610 1580 852
946 1802 1625 771 1702 700 1133 596 500 1491 1028 914 1427 754 1448 967 1747 1575 0 866 741 1428 1290 1883 1795 1613 1048 1911 925 611 752 977 1412 2373 816 1537 1489 1725 754 2051 1446 1753 1573 1906 1181 2228 1040 812 836 1766 1420 1034 1707 1547 1286 1260 591 791 1145 1706 1787 902 958 1645 1101 1242 1336 1688 820 1403 1261 685 1484 1920 1002 1700 1617 1662 1396 744 1343 1274 453 1031 668 1396 504 1249 2582 808 957 1224 607 1314 2146 1142 1080 1868 572 1612
839 1898 909 921 1442 374 802 911 615 1593 1174 313 1487 765 723 200 1022 860 866 0 545 712 1385 1959 1853 1354 256 1186 602 663 435 1072 1153 2114 893 812 774 1801 905 1326 1542 1493 1669 1964 1277 1969 321 762 469 1042 704 1541 1802 832 1337 544 1115 1006 429 1765 1527 1049 627 929 771 583 1432 1358 882 1462 545 396 759 1661 679 984 892 947 1455 1212 1083 549 834 700 818 671 1029 534 2641 869 197 965 408 1686 1887 417 372 1926 871 887
904 1752 1276 811 1156 432 521 943 319 1447 1043 387 1210 394 1100 618 1399 1227 741 545 0 1079 1253 1702 1568 1067 687 1507 667 287 150 894 866 1827 522 1188 1141 1536 800 1654 1396 1206 1523 1679 1142 1682 750 392 579 1418 1071 1403 1656 1199 1003 911 977 868 796 1479 1241 918 347 1296 490 858 1286 1077 511 1176 912 461 1135 1374 744 1351 1268 1314 1170 1073 796 925 750 420 707 1048 891 901 2355 499 572 678 381 1548 1600 793 800 1641 875 1263
993 2459 197 1483 1977 960 1337 1355 1177 2155 1736 932 2032 1300 1050 784 1570 1001 1428 712 1079 0 1947 2521 2389 1889 867 1734 1096 1197 970 1634 1688 2648 1428 1164 391 2357 1467 1874 2104 2028 2231 2500 1839 2504 871 1297 1007 1590 263 2103 2364 226 1879 686 1677 1568 571 2301 2062 1610 1162 230 1305 1235 1994 1893 1417 1998 686 957 1307 2195 1081 284 1440 329 1991 1773 1618 1097 1396 1235 1379 883 1591 359 3177 1404 853 1499 970 2248 2422 960 811 2462 1425 1435
1681 1059 2144 624 1484 1219 1321 1531 1039 692 472 1432 1144 1048 1967 1486 2266 2094 1290 1385 1253 1947 0 1259 1318 1396 1567 2350 1444 1167 1229 690 1195 2155 1017 2056 2008 1101 871 2497 823 1535 768 1622 329 2010 1559 1105 1355 2285 1939 1139 963 2066 1005 1779 1012 558 1664 1423 1569 463 1222 2164 1268 1745 531 1856 1062 1119 1779 1204 2003 1702 1521 2219 2136 2181 1113 885 1125 1793 1286 1262 646 1915 926 1768 2045 1059 1476 1006 1126 503 1928 1661 1599 1584 1411 2131
2274 418 2718 1454 1739 1812 1576 2124 1632 930 1396 1831 811 1543 2541 2060 2592 2668 1883 1959 1702 2521 1259 0 243 1651 2127 2605 2037 1760 1623 1089 1450 2410 1616 2630 2583 188 1640 2752 471 1663 722 1189 981 2266 2152 1493 1948 2554 2513 2125 507 2640 1200 2353 1699 1590 2238 1068 1601 1388 1477 2738 1523 2002 1003 2111 1574 765 2354 1797 2577 1432 2114 2793 2705 2755 758 1796 1380 2367 1879 1517 1418 2489 1613 2342 879 1561 2007 1261 1719 1231 2184 2235 2192 1229 2004 2705
2186 536 2586 1366 1605 1724 1442 2036 1544 988 1454 1697 677 1408 2410 1928 2457 2537 1795 1853 1568 2389 1318 243 0 1516 1997 2471 1949 1664 1488 959 1315 2276 1502 2498 2451 295 1552 2617 530 1438 840 946 1039 2131 2047 1358 1860 2420 2381 2037 625 2509 1066 2221 1611 1502 2106 844 1377 1376 1342 2606 1389 1867 1062 1976 1472 631 2222 1709 2445 1208 2025 2661 2571 2624 624 1708 1245 2235 1791 1383 1330 2358 1525 2211 788 1459 1882 1127 1631 1290 2049 2103 2091 1005 1916 2573
1713 1719 2086 1251 474 1273 941 1786 1261 1414 1386 1196 1158 907 1909 1427 1957 2036 1613 1354 1067 1889 1396 1651 1516 0 1496 1970 1477 1164 987 867 370 1145 1004 1997 1950 1484 1437 2116 1363 425 1490 1169 1117 1000 1559 857 1388 1919 1880 1922 1624 2008 1011 1720 1496 1387 1605 1112 491 1261 842 2105 888 1366 1253 1475 977 1124 1721 1270 1944 655 1553 2160 2070 2123 1118 1592 379 1734 1676 882 1214 1857 1409 1710 2304 964 1381 486 1273 1614 918 1603 1609 1040 1746 2072
785 2079 1064 1103 1585 443 944 885 797 1775 1355 511 1640 907 879 104 1178 918 1048 256 687 867 1567 2127 1997 1496 0 1342 528 805 577 1254 1295 2256 1035 968 922 1965 1086 1482 1723 1636 1850 2108 1458 2111 70 905 217 1198 801 1704 1984 986 1486 569 1297 1188 451 1909 1670 1230 770 1084 913 836 1613 1500 1024 1606 603 379 915 1803 605 1139 1048 1101 1599 1393 1226 705 940 843 999 800 1210 682 2785 1012 218 1107 584 1868 2029 573 121 2070 946 1043
1884 2673 1931 1966 2058 1443 1127 1956 1660 2369 2219 1313 2113 1550 934 1260 266 1235 1911 1186 1507 1734 2350 2605 2471 1970 1342 0 1647 1604 1400 1822 1742 2730 1654 1022 1795 2438 1949 215 2318 2109 2445 2581 2071 2585 1405 1508 1548 144 1726 2586 2578 1853 1965 1117 2160 2051 1446 2382 2143 2093 1186 1951 1139 811 2208 988 1628 2079 1102 1440 651 2276 1723 2006 458 1968 2072 2256 1699 772 1879 1123 1862 1025 2074 1555 3258 1615 1326 1576 1452 2568 2503 1015 1456 2544 1916 594
411 1956 1194 980 1565 345 925 586 674 1652 1233 649 1581 888 1184 625 1483 1311 925 602 667 1096 1444 2037 1949 1477 528 1647 0 785 558 1131 1276 2236 1016 1273 1225 1879 963 1787 1601 1616 1727 2060 1336 2092 517 885 313 1502 864 1413 1861 963 1440 996 1174 1065 881 1860 1650 1107 750 1273 893 978 1491 1481 1005 1557 996 280 1220 1783 102 1328 1353 1330 1550 1270 1206 1010 670 823 876 1132 1088 985 2736 992 602 1087 461 1745 2010 878 557 2022 599 1348
1022 1680 1394 685 1253 550 618 882 206 1375 941 504 1305 361 1217 736 1516 1345 611 663 287 1197 1167 1760 1664 1164 805 1604 785 0 267 854 963 1924 423 1306 1259 1602 668 1751 1324 1303 1451 1775 1059 1779 868 419 696 1536 1189 1323 1585 1317 977 1029 897 788 914 1575 1338 816 444 1414 587 961 1214 1174 428 1272 1030 562 1253 1471 862 1469 1386 1431 1266 994 893 1043 637 517 581 1165 811 1018 2452 415 690 775 428 1468 1697 911 918 1737 762 1381
794 1691 1167 815 1076 354 415 867 329 1386 1020 275 1130 370 990 508 1289 1117 752 435 150 970 1229 1623 1488 987 577 1400 558 267 0 837 786 1747 498 1078 1031 1456 810 1547 1335 1126 1462 1599 1089 1602 640 367 469 1308 961 1378 1596 1089 971 801 952 843 686 1400 1161 895 244 1186 383 741 1225 971 487 1096 802 351 1025 1294 634 1241 1158 1204 1090 1049 716 815 761 313 711 938 866 791 2276 474 458 598 348 1524 1520 683 690 1561 826 1153
1368 1014 1831 548 956 906 793 1219 726 709 671 1048 572 611 1654 1173 1809 1781 977 1072 894 1634 690 1089 959 867 1254 1822 1131 854 837 0 666 1627 613 1743 1696 923 734 1968 658 1006 785 1070 412 1482 1246 565 1042 1771 1626 1219 919 1753 419 1466 793 684 1351 871 1041 559 694 1851 740 1218 548 1327 549 567 1467 891 1690 1174 1208 1906 1823 1868 561 890 596 1480 974 734 512 1602 707 1455 1747 536 1163 478 813 909 1400 1348 1286 1032 1098 1818
1512 1518 1885 1050 551 1072 714 1585 1060 1213 1185 995 957 706 1708 1226 1729 1835 1412 1153 866 1688 1195 1450 1315 370 1295 1742 1276 963 786 666 0 1222 802 1796 1749 1283 1236 1889 1162 601 1289 1283 916 1077 1358 656 1187 1692 1679 1721 1423 1807 810 1519 1295 1186 1404 1044 636 1060 630 1904 661 1139 1052 1248 776 923 1520 1069 1743 769 1352 1959 1843 1922 917 1391 140 1533 1475 655 1013 1656 1208 1509 2103 763 1180 275 1072 1413 995 1401 1408 1154 1545 1871
2473 2479 2845 2011 870 2033 1701 2546 2021 2174 2146 1956 1918 1667 2669 2187 2716 2796 2373 2114 1827 2648 2155 2410 2276 1145 2256 2730 2236 1924 1747 1627 1222 0 1763 2757 2710 2244 2197 2876 2123 1030 2250 1711 1877 198 2319 1617 2148 2679 2640 2682 2384 2768 1770 2480 2256 2147 2365 1655 1064 2021 1601 2865 1648 2126 2013 2235 1737 1884 2481 2030 2704 1198 2313 2920 2830 2883 1878 2352 1149 2494 2436 1642 1974 2617 2169 2470 3063 1724 2141 1246 2033 2374 329 2362 2369 1583 2505 2832
1253 1536 1625 547 1092 807 625 1126 629 1231 778 735 1143 159 1448 967 1641 1575 816 893 522 1428 1017 1616 1502 1004 1035 1654 1016 423 498 613 802 1763 0 1536 1489 1452 666 1801 1180 1143 1307 1613 909 1618 1098 202 927 1603 1419 1233 1441 1547 709 1259 807 685 1144 1413 1177 652 505 1644 572 1046 1070 1160 79 1110 1260 809 1484 1310 1092 1699 1617 1662 1104 903 733 1274 892 566 443 1396 720 1249 2290 77 921 614 762 1371 1536 1142 1148 1575 1016 1611
1509 2568 1361 1592 2086 1069 1423 1582 1286 2264 1844 1040 2141 1408 174 885 779 356 1537 812 1188 1164 2056 2630 2498 1997 968 1022 1273 1306 1078 1743 1796 2757 1536 0 1116 2466 1575 1152 2212 2137 2339 2609 1947 2612 1031 1406 1174 878 1156 2212 2473 1283 1987 513 1786 1677 835 2410 2171 1719 1271 1381 1414 943 2102 1476 1525 2106 478 1066 451 2304 1349 1436 644 1398 2100 1882 1727 557 1504 1344 1488 290 1699 985 3286 1513 952 1608 1078 2357 2530 641 1081 2571 1542 639
1258 2521 588 1545 2039 1022 1398 1535 1238 2217 1797 993 2093 1361 1001 846 1632 800 1489 774 1141 391 2008 2583 2451 1950 922 1795 1225 1259 1031 1696 1749 2710 1489 1116 0 2419 1528 1935 2165 2089 2292 2562 1900 2565 911 1358 1047 1651 437 2164 2426 617 1940 747 1738 1629 622 2362 2124 1672 1223 527 1367 1296 2055 1954 1478 2059 748 1019 1344 2257 1239 585 1502 551 2053 1835 1679 1158 1457 1296 1441 840 1652 299 3239 1465 914 1561 1031 2310 2483 1021 851 2524 1494 1496
2116 391 2554 1296 1572 1654 1410 1966 1474 772 1238 1665 645 1376 2378 1896 2425 2505 1725 1801 1536 2357 1101 188 295 1484 1965 2438 1879 1602 1456 923 1283 2244 1452 2466 2419 0 1482 2585 313 1496 694 1069 823 2099 1994 1326 1790 2388 2349 1967 478 2477 1034 2189 1541 1432 2074 901 1435 1229 1310 2574 1357 1835 845 1944 1416 599 2190 1639 2413 1266 1955 2629 2539 2592 592 1638 1213 2203 1721 1351 1259 2326 1455 2179 984 1403 1848 1095 1561 1073 2017 2071 2034 1063 1846 2541
1200 1560 1664 329 1525 738 1173 1050 559 1218 585 952 1185 723 1487 1005 1786 1614 754 905 800 1467 871 1640 1552 1437 1086 1949 963 668 810 734 1236 2197 666 1575 1528 1482 0 2089 1204 1576 1293 1663 826 2052 1078 771 875 1805 1458 1074 1465 1586 1043 1298 521 506 1183 1464 1610 459 1016 1683 1120 1281 1056 1707 714 1160 1299 724 1522 1743 1040 1738 1655 1701 1154 744 1166 1312 806 1089 225 1435 435 1288 2340 708 996 1048 646 1191 1970 1180 1119 1625 930 1650
2024 2820 2071 2106 2205 1583 1274 2096 1800 2516 2358 1460 2260 1696 1063 1399 399 1366 2051 1326 1654 1874 2497 2752 2617 2116 1482 215 1787 1751 1547 1968 1889 2876 1801 1152 1935 2585 2089 0 2464 2256 2591 2728 2218 2731 1545 1655 1688 284 1866 2726 2725 1993 2112 1257 2300 2191 1586 2529 2290 2233 1333 2091 1286 958 2354 1084 1774 2226 1242 1580 744 2423 1863 2145 551 2108 2219 2396 1846 911 2018 1270 2002 1165 2213 1695 3405 1762 1466 1723 1592 2715 2649 1155 1595 2690 2056 686
1837 391 2301 1018 1452 1376 1289 1688 1196 518 959 1544 729 1198 2124 1642 2304 2251 1446 1542 1396 2104 823 471 530 1363 1723 2318 1601 1324 1335 658 1162 2123 1180 2212 2165 313 1204 2464 0 1502 592 1184 544 1978 1715 1153 1512 2267 2095 1689 296 2223 925 1935 1263 1154 1820 1017 1530 951 1189 2320 1236 1714 586 1823 1138 714 1936 1361 2159 1381 1677 2375 2293 2338 707 1359 1092 1949 1443 1230 981 2072 1177 1925 1256 1125 1633 974 1283 819 1896 1817 1756 1178 1567 2287
1853 1825 2225 1390 340 1412 1080 1925 1401 1554 1525 1335 1026 1046 2048 1567 2096 2175 1753 1493 1206 2028 1535 1663 1438 425 1636 2109 1616 1303 1126 1006 601 1030 1143 2137 2089 1496 1576 2256 1502 0 1629 744 1256 885 1698 997 1527 2058 2019 2061 1763 2147 1129 1860 1635 1526 1744 688 67 1400 981 2245 1027 1505 1392 1615 1116 1112 1860 1409 2084 230 1692 2299 2209 2262 1044 1731 528 1874 1815 1021 1353 1996 1549 1849 2174 1103 1521 625 1412 1753 803 1742 1748 616 1885 2212
1964 345 2428 1046 1578 1502 1416 1815 1323 391 929 1671 1211 1325 2251 1769 2431 2378 1573 1669 1523 2231 768 722 840 1490 1850 2445 1727 1451 1462 785 1289 2250 1307 2339 2292 694 1293 2591 592 1629 0 1704 592 2105 1842 1280 1639 2394 2222 1531 349 2350 1100 2062 1390 1150 1947 1517 1663 921 1316 2447 1363 1841 469 1950 1265 1214 2063 1488 2286 1797 1804 2502 2419 2465 1207 1276 1219 2076 1570 1357 1068 2199 1304 2052 1485 1252 1760 1101 1410 593 2023 1944 1883 1678 1694 2414
2297 1417 2697 1477 1021 1835 1553 2147 1655 1641 1613 1808 731 1519 2521 2039 2568 2648 1906 1964 1679 2500 1622 1189 946 1169 2108 2581 2060 1775 1599 1070 1283 1711 1613 2609 2562 1069 1663 2728 1184 744 1704 0 1343 1566 2158 1469 1971 2531 2492 2148 1421 2620 1119 2332 1722 1613 2217 367 683 1487 1453 2717 1500 1978 1479 2087 1583 724 2333 1820 2556 514 2136 2772 2681 2735 649 1819 1209 2346 1902 1494 1440 2469 1636 2322 1649 1570 1993 1238 1742 1840 1484 2214 2202 129 2027 2684
1572 883 2036 579 1205 1111 1043 1423 931 516 465 1298 865 940 1859 1378 2058 1986 1181 1277 1142 1839 329 981 1039 1117 1458 2071 1336 1059 1089 412 916 1877 909 1947 1900 823 826 2218 544 1256 592 1343 0 1732 1450 907 1247 2021 1830 1379 787 1958 727 1670 995 738 1555 1144 1290 457 943 2055 990 1468 355 1577 892 841 1671 1096 1894 1424 1412 2110 2028 2073 834 1094 846 1684 1178 984 602 1807 909 1660 1766 879 1368 728 1018 715 1650 1553 1491 1305 1303 2022
2328 2334 2701 1866 725 1888 1556 2401 1876 2029 2001 1811 1773 1522 2524 2042 2571 2651 2228 1969 1682 2504 2010 2266 2131 1000 2111 2585 2092 1779 1602 1482 1077 198 1618 2612 2565 2099 2052 2731 1978 885 2105 1566 1732 0 2174 1472 2003 2534 2495 2537 2239 2623 1625 2335 2111 2002 2220 1510 919 1876 1456 2720 1503 1981 1868 2090 1592 1739 2336 1885 2559 1053 2168 2775 2685 2738 1733 2207 1004 2349 2291 1497 1829 2472 2024 2325 2918 1579 1996 1101 1888 2229 169 2217 2224 1438 2361 2687
774 2071 1068 1095 1648 453 1007 874 789 1767 1347 577 1681 970 942 167 1241 981 1040 321 750 871 1559 2152 2047 1559 70 1405 517 868 640 1246 1358 2319 1098 1031 911 1994 1078 1545 1715 1698 1842 2158 1450 2174 0 968 206 1260 790 1693 1976 991 1531 631 1289 1180 514 1958 1733 1222 832 1088 976 902 1605 1563 1087 1655 666 368 978 1866 594 1143 1111 1106 1649 1385 1288 768 929 905 991 863 1202 671 2835 1074 283 1170 576 1860 2092 636 111 2120 935 1106
1122 1509 1494 652 946 677 479 1123 586 1205 882 604 1001 106 1317 836 1495 1444 812 762 392 1297 1105 1493 1358 857 905 1508 885 419 367 565 656 1617 202 1406 1358 1326 771 1655 1153 997 1280 1469 907 1472 968 0 796 1457 1289 1255 1414 1416 661 1129 829 720 1014 1270 1031 757 359 1514 426 900 1043 1014 169 967 1130 679 1353 1164 962 1569 1486 1531 960 925 587 1143 888 420 548 1265 743 1118 2146 156 790 468 642 1381 1390 1011 1017 1431 1013 1481
570 1867 1189 891 1476 249 836 671 585 1563 1144 561 1492 799 1085 314 1384 1128 836 469 579 1007 1355 1948 1860 1388 217 1548 313 696 469 1042 1187 2148 927 1174 1047 1790 875 1688 1512 1527 1639 1971 1247 2003 206 796 0 1403 811 1489 1772 958 1351 779 1085 976 659 1771 1561 1018 661 1224 804 890 1402 1392 916 1468 813 164 1121 1695 390 1279 1254 1241 1462 1181 1117 911 725 734 787 1010 999 807 2648 903 406 999 372 1656 1921 779 247 1933 732 1249
1739 2623 1787 1822 2007 1299 1077 1812 1515 2318 2074 1259 2062 1499 789 1115 122 1091 1766 1042 1418 1590 2285 2554 2420 1919 1198 144 1502 1536 1308 1771 1692 2679 1603 878 1651 2388 1805 284 2267 2058 2394 2531 2021 2534 1260 1457 1403 0 1581 2441 2528 1709 1914 973 2015 1906 1302 2331 2092 1949 1136 1806 1089 761 2157 960 1577 2028 957 1296 509 2226 1579 1861 316 1824 2022 2112 1648 627 1734 1072 1718 881 1929 1411 3207 1564 1182 1525 1308 2518 2452 871 1311 2493 1771 451
887 2451 460 1475 1969 952 1328 1249 1169 2147 1727 923 2024 1291 1041 776 1562 993 1420 704 1071 263 1939 2513 2381 1880 801 1726 864 1189 961 1626 1679 2640 1419 1156 437 2349 1458 1866 2095 2019 2222 2492 1830 2495 790 1289 811 1581 0 2076 2356 331 1870 677 1669 1559 554 2293 2054 1602 1154 480 1297 1226 1985 1884 1408 1989 678 928 1299 2187 849 535 1432 497 1983 1765 1610 1089 1387 1227 1371 875 1582 214 3169 1395 844 1491 961 2240 2413 952 729 2454 1319 1427
1252 1845 2281 968 2010 1375 1617 902 1195 1275 1175 1588 1670 1198 2123 1642 2422 2250 1034 1541 1403 2103 1139 2125 2037 1922 1704 2586 1413 1323 1378 1219 1721 2682 1233 2212 2164 1967 1074 2726 1689 2061 1531 2148 1379 2537 1693 1255 1489 2441 2076 0 1826 2050 1528 1935 776 843 1820 1949 2095 1050 1485 2320 1564 1917 1230 2152 1249 1645 1935 1360 2159 2229 1432 2375 2292 2337 1639 405 1651 1949 991 1550 923 2071 678 1924 2825 1236 1632 1533 1282 1016 2455 1817 1733 2110 972 2287
2098 174 2561 1241 1712 1636 1550 1949 1456 587 1125 1804 966 1459 2384 1903 2565 2512 1707 1802 1656 2364 963 507 625 1624 1984 2578 1861 1585 1596 919 1423 2384 1441 2473 2426 478 1465 2725 296 1763 349 1421 787 2239 1976 1414 1772 2528 2356 1826 0 2484 1166 2196 1524 1353 2081 1254 1779 1116 1450 2581 1497 1975 660 2084 1398 951 2197 1621 2420 1618 1938 2636 2553 2598 944 1571 1353 2210 1704 1490 1242 2333 1437 2185 1270 1386 1894 1235 1543 888 2157 2078 2017 1415 1828 2548
861 2579 254 1602 2096 1080 1456 1223 1296 2274 1855 1051 2151 1419 1169 904 1690 1120 1547 832 1199 226 2066 2640 2509 2008 986 1853 963 1317 1089 1753 1807 2768 1547 1283 617 2477 1586 1993 2223 2147 2350 2620 1958 2623 991 1416 958 1709 331 2050 2484 0 1998 805 1796 1687 690 2420 2181 1730 1281 342 1425 1354 2113 2012 1536 2117 806 1064 1426 2315 949 397 1559 555 2110 1893 1737 1216 1433 1354 1499 1002 1710 535 3296 1523 972 1619 1089 2367 2541 1079 930 2582 1293 1554
1677 1261 2076 857 1099 1215 936 1528 1035 1024 991 1186 479 707 1899 1417 1952 2026 1286 1337 1003 1879 1005 1200 1066 1011 1486 1965 1440 977 971 419 810 1770 709 1987 1940 1034 1043 2112 925 1129 1100 1119 727 1625 1531 661 1351 1914 1870 1528 1166 1998 0 1710 1102 993 1595 803 1090 868 837 2095 883 1362 863 1471 645 618 1711 1200 1934 921 1517 2150 2065 2113 642 1199 728 1724 1282 877 821 1847 1016 1700 1853 632 1371 621 1122 1224 1543 1592 1575 990 1407 2062
1233 2291 883 1315 1809 792 1168 1305 1009 1987 1567 764 1864 1131 398 486 954 349 1260 544 911 686 1779 2353 2221 1720 569 1117 996 1029 801 1466 1519 2480 1259 513 747 2189 1298 1257 1935 1860 2062 2332 1670 2335 631 1129 779 973 677 1935 2196 805 1710 0 1509 1400 357 2133 1894 1442 994 902 1137 784 1825 1492 1248 1829 35 789 690 2027 1072 957 823 920 1823 1605 1450 472 1228 1067 1211 231 1422 507 3009 1236 685 1331 801 2080 2253 470 607 2294 1265 818
1411 1619 1874 526 1584 949 1191 1081 769 1273 733 1163 1244 772 1697 1216 1996 1824 591 1115 977 1677 1012 1699 1611 1496 1297 2160 1174 897 952 793 1295 2256 807 1786 1738 1541 521 2300 1263 1635 1390 1722 995 2111 1289 829 1085 2015 1669 776 1524 1796 1102 1509 0 472 1394 1523 1669 608 1059 1894 1138 1491 1153 1726 823 1220 1510 934 1733 1803 1251 1949 1866 1911 1213 469 1225 1523 938 1124 481 1645 106 1498 2399 810 1206 1107 856 1056 2029 1391 1329 1684 1057 1861
1302 1449 1765 285 1475 840 1082 1152 660 895 476 1053 1135 663 1588 1107 1887 1715 791 1006 868 1568 558 1590 1502 1387 1188 2051 1065 788 843 684 1186 2147 685 1677 1629 1432 506 2191 1154 1526 1150 1613 738 2002 1180 720 976 1906 1559 843 1353 1687 993 1400 472 0 1285 1414 1560 351 950 1785 1029 1382 733 1617 714 1110 1400 825 1624 1693 1141 1839 1757 1802 1104 500 1116 1414 907 1015 281 1536 386 1389 2290 701 1097 998 747 685 1920 1282 1220 1575 1032 1752
1109 2176 768 1200 1694 677 1053 1190 894 1872 1452 648 1749 1016 721 369 1283 672 1145 429 796 571 1664 2238 2106 1605 451 1446 881 914 686 1351 1404 2365 1144 835 622 2074 1183 1586 1820 1744 1947 2217 1555 2220 514 1014 659 1302 554 1820 2081 690 1595 357 1394 1285 0 2018 1779 1327 879 787 1022 943 1710 1609 1133 1714 358 674 1019 1912 933 842 1152 805 1708 1490 1335 801 1112 952 1096 554 1307 381 2894 1121 570 1216 686 1965 2138 629 463 2179 1150 1147
2097 1249 2498 1278 965 1635 1353 1948 1455 1441 1413 1608 476 1320 2321 1840 2369 2448 1706 1765 1479 2301 1423 1068 844 1112 1909 2382 1860 1575 1400 871 1044 1655 1413 2410 2362 901 1464 2529 1017 688 1517 367 1144 1510 1958 1270 1771 2331 2293 1949 1254 2420 803 2133 1523 1414 2018 0 626 1288 1254 2518 1300 1779 1280 1888 1383 524 2134 1620 2357 457 1937 2573 2482 2535 450 1619 909 2147 1703 1294 1241 2269 1436 2122 1580 1371 1794 1010 1543 1641 1428 2015 2003 238 1827 2485
1887 1783 2259 1424 374 1447 1115 1959 1435 1588 1560 1369 965 1081 2082 1601 2130 2209 1787 1527 1241 2062 1569 1601 1377 491 1670 2143 1650 1338 1161 1041 636 1064 1177 2171 2124 1435 1610 2290 1530 67 1663 683 1290 919 1733 1031 1561 2092 2054 2095 1779 2181 1090 1894 1669 1560 1779 626 0 1434 1015 2279 1062 1540 1427 1649 1151 1051 1895 1444 2118 169 1727 2334 2243 2296 983 1766 562 1908 1849 1055 1388 2030 1583 1883 2113 1138 1555 659 1446 1787 837 1776 1783 554 1919 2246
1344 1212 1807 213 1349 882 1134 1195 702 846 177 1096 1009 711 1630 1149 1930 1758 902 1049 918 1610 463 1388 1376 1261 1230 2093 1107 816 895 559 1060 2021 652 1719 1672 1229 459 2233 951 1400 921 1487 457 1876 1222 757 1018 1949 1602 1050 1116 1730 868 1442 608 351 1327 1288 1434 0 1001 1827 1081 1425 684 1668 698 985 1443 867 1666 1568 1184 1882 1799 1844 978 720 990 1456 950 1066 235 1579 521 1432 2164 695 1140 872 790 906 1794 1324 1263 1449 1074 1794
987 1545 1359 922 930 547 200 1059 535 1241 1127 469 985 397 1182 701 1173 1309 958 627 347 1162 1222 1477 1342 842 770 1186 750 444 244 694 630 1601 505 1271 1223 1310 1016 1333 1189 981 1316 1453 943 1456 832 359 661 1136 1154 1485 1450 1281 837 994 1059 950 879 1254 1015 1001 0 1379 169 568 1079 756 479 951 994 543 1218 1148 827 1434 1287 1396 944 1155 571 1008 967 99 818 1130 973 983 2130 466 655 452 546 1440 1374 854 882 1415 1019 1346
1170 2676 313 1700 2194 1177 1553 1532 1394 2372 1952 1149 2249 1516 1266 1001 1787 1210 1645 929 1296 230 2164 2738 2606 2105 1084 1951 1273 1414 1186 1851 1904 2865 1644 1381 527 2574 1683 2091 2320 2245 2447 2717 2055 2720 1088 1514 1224 1806 480 2320 2581 342 2095 902 1894 1785 787 2518 2279 1827 1379 0 1522 1452 2210 2109 1633 2214 903 1174 1524 2412 1258 206 1657 334 2208 1990 1835 1314 1612 1452 1596 1100 1807 498 3394 1621 1070 1716 1186 2465 2638 1177 1028 2679 1602 1652
1130 1592 1502 1001 977 690 79 1203 679 1287 1206 613 1031 468 1325 844 1126 1453 1101 771 490 1305 1268 1523 1389 888 913 1139 893 587 383 740 661 1648 572 1414 1367 1357 1120 1286 1236 1027 1363 1500 990 1503 976 426 804 1089 1297 1564 1497 1425 883 1137 1138 1029 1022 1300 1062 1081 169 1522 0 550 1126 631 546 997 1138 687 1361 1195 970 1577 1240 1539 991 1235 617 1142 1110 120 897 1274 1052 1126 2176 533 798 495 689 1487 1421 853 1026 1462 1162 1375
1215 2070 1432 1298 1455 775 538 1288 991 1766 1550 535 1510 939 855 772 798 1018 1242 583 858 1235 1745 2002 1867 1366 836 811 978 961 741 1218 1139 2126 1046 943 1296 1835 1281 958 1714 1505 1841 1978 1468 1981 902 900 890 761 1226 1917 1975 1354 1362 784 1491 1382 943 1779 1540 1425 568 1452 550 0 1604 825 1019 1475 785 772 891 1673 1055 1506 912 1469 1469 1588 1096 647 1210 532 1194 794 1405 1056 2655 1006 743 973 784 1965 1899 346 953 1940 1247 1019
1727 756 2191 809 1342 1265 1179 1578 1086 394 692 1434 965 1088 2014 1532 2194 2141 1336 1432 1286 1994 531 1003 1062 1253 1613 2208 1491 1214 1225 548 1052 2013 1070 2102 2055 845 1056 2354 586 1392 469 1479 355 1868 1605 1043 1402 2157 1985 1230 660 2113 863 1825 1153 733 1710 1280 1427 684 1079 2210 1126 1604 0 1713 1028 977 1826 1251 2049 1560 1567 2265 2182 2228 970 975 982 1839 1333 1120 831 1962 1067 1815 1788 1015 1523 864 1173 401 1786 1707 1646 1442 1457 2177
1718 2179 2090 1588 1564 1277 599 1790 1266 1875 1793 1200 1619 1055 1388 1432 998 1615 1688 1358 1077 1893 1856 2111 1976 1475 1500 988 1481 1174 971 1327 1248 2235 1160 1476 1954 1944 1707 1084 1823 1615 1950 2087 1577 2090 1563 1014 1392 960 1884 2152 2084 2012 1471 1492 1726 1617 1609 1888 1649 1668 756 2109 631 825 1713 0 1133 1585 1476 1274 1304 1782 1557 2164 1111 2127 1578 1822 1205 1068 1698 714 1485 1386 1639 1714 2764 1121 1386 1082 1277 2074 2008 1141 1613 2049 1750 1246
1241 1494 1614 595 1066 796 599 1131 633 1189 823 724 1091 162 1437 955 1614 1564 820 882 511 1417 1062 1574 1472 977 1024 1628 1005 428 487 549 776 1737 79 1525 1478 1416 714 1774 1138 1116 1265 1583 892 1592 1087 169 916 1577 1408 1249 1398 1536 645 1248 823 714 1133 1383 1151 698 479 1633 546 1019 1028 1133 0 1080 1249 798 1472 1284 1081 1688 1606 1651 1074 919 706 1262 897 540 491 1385 737 1238 2260 13 909 588 761 1388 1510 1131 1137 1545 1021 1600
1794 947 2195 974 1213 1332 1050 1645 1152 1138 1110 1305 138 1016 2018 1537 2066 2145 1403 1462 1176 1998 1119 765 631 1124 1606 2079 1557 1272 1096 567 923 1884 1110 2106 2059 599 1160 2226 714 1112 1214 724 841 1739 1655 967 1468 2028 1989 1645 951 2117 618 1829 1220 1110 1714 524 1051 985 951 2214 997 1475 977 1585 1080 0 1830 1317 2054 882 1634 2269 2179 2232 174 1316 854 1844 1400 991 938 1966 1133 1819 1418 1067 1491 735 1239 1337 1657 1712 1700 686 1524 2182
1233 2292 883 1316 1810 793 1169 1306 1009 1988 1568 764 1864 1132 363 521 938 315 1261 545 912 686 1779 2354 2222 1721 603 1102 996 1030 802 1467 1520 2481 1260 478 748 2190 1299 1242 1936 1860 2063 2333 1671 2336 666 1130 813 957 678 1935 2197 806 1711 35 1510 1400 358 2134 1895 1443 994 903 1138 785 1826 1476 1249 1830 0 790 675 2028 1073 958 808 920 1824 1606 1450 457 1228 1067 1212 197 1423 508 3010 1236 685 1332 802 2081 2254 471 641 2295 1265 803
517 1716 1154 740 1359 126 718 611 434 1412 993 443 1341 681 978 475 1277 1105 685 396 461 957 1204 1797 1709 1270 379 1440 280 562 351 891 1069 2030 809 1066 1019 1639 724 1580 1361 1409 1488 1820 1096 1885 368 679 164 1296 928 1360 1621 1064 1200 789 934 825 674 1620 1444 867 543 1174 687 772 1251 1274 798 1317 790 0 1013 1577 357 1229 1146 1191 1311 1030 999 803 568 616 636 926 848 779 2496 785 369 881 215 1505 1803 671 408 1782 605 1141
1457 2515 1504 1539 2033 1016 1370 1529 1233 2211 1791 988 2088 1356 363 832 411 665 1484 759 1135 1307 2003 2577 2445 1944 915 651 1220 1253 1025 1690 1743 2704 1484 451 1344 2413 1522 744 2159 2084 2286 2556 1894 2559 978 1353 1121 509 1299 2159 2420 1426 1934 690 1733 1624 1019 2357 2118 1666 1218 1524 1361 891 2049 1304 1472 2054 675 1013 0 2251 1296 1579 236 1541 2047 1829 1674 474 1452 1291 1435 516 1646 1128 3233 1460 899 1555 1025 2304 2477 588 1029 2518 1489 212
2020 1614 2392 1558 508 1580 1248 2093 1568 1721 1693 1503 796 1214 2216 1734 2263 2343 1920 1661 1374 2195 1702 1432 1208 655 1803 2276 1783 1471 1294 1174 769 1198 1310 2304 2257 1266 1743 2423 1381 230 1797 514 1424 1053 1866 1164 1695 2226 2187 2229 1618 2315 921 2027 1803 1693 1912 457 169 1568 1148 2412 1195 1673 1560 1782 1284 882 2028 1577 2251 0 1860 2467 2376 2429 814 1899 696 2041 1983 1189 1521 2164 1716 2017 1944 1271 1688 793 1580 1921 971 1909 1916 385 2052 2379
429 2033 1180 1057 1642 421 1001 605 750 1729 1309 726 1658 964 1261 701 1560 1388 1002 679 744 1081 1521 2114 2025 1553 605 1723 102 862 634 1208 1352 2313 1092 1349 1239 1955 1040 1863 1677 1692 1804 2136 1412 2168 594 962 390 1579 849 1432 1938 949 1517 1072 1251 1141 933 1937 1727 1184 827 1258 970 1055 1567 1557 1081 1634 1073 357 1296 1860 0 1313 1429 1315 1627 1347 1283 1086 689 900 953 1209 1164 1016 2813 1068 678 1164 538 1822 2086 954 634 2098 618 1424
1225 2731 368 1755 2249 1232 1608 1587 1448 2427 2007 1203 2304 1571 1321 1056 1842 1273 1700 984 1351 284 2219 2793 2661 2160 1139 2006 1328 1469 1241 1906 1959 2920 1699 1436 585 2629 1738 2145 2375 2299 2502 2772 2110 2775 1143 1569 1279 1861 535 2375 2636 397 2150 957 1949 1839 842 2573 2334 1882 1434 206 1577 1506 2265 2164 1688 2269 958 1229 1579 2467 1313 0 1712 473 2263 2045 1890 1369 1667 1507 1651 1154 1862 553 3449 1675 1124 1771 1241 2520 2693 1232 1083 2734 1657 1707
1590 2648 1637 1672 2158 1149 1228 1662 1366 2344 1925 1121 2213 1489 555 966 218 858 1617 892 1268 1440 2136 2705 2571 2070 1048 458 1353 1386 1158 1823 1843 2830 1617 644 1502 2539 1655 551 2293 2209 2419 2681 2028 2685 1111 1486 1254 316 1432 2292 2553 1559 2065 823 1866 1757 1152 2482 2243 1799 1287 1657 1240 912 2182 1111 1606 2179 808 1146 236 2376 1429 1712 0 1674 2172 1962 1799 602 1585 1223 1568 708 1780 1261 3358 1593 1032 1676 1158 2437 2603 721 1162 2644 1622 178
1227 2693 526 1717 2211 1195 1571 1589 1411 2389 1970 1166 2266 1534 1284 1019 1804 1235 1662 947 1314 329 2181 2755 2624 2123 1101 1968 1330 1431 1204 1868 1922 2883 1662 1398 551 2592 1701 2108 2338 2262 2465 2735 2073 2738 1106 1531 1241 1824 497 2337 2598 555 2113 920 1911 1802 805 2535 2296 1844 1396 334 1539 1469 2228 2127 1651 2232 920 1191 1541 2429 1315 473 1674 0 2225 2007 1852 1331 1630 1469 1613 1117 1825 616 3411 1638 1087 1734 1204 2482 2656 1194 1045 2697 1660 1669
1787 939 2188 968 1206 1325 1044 1638 1146 1132 1103 1298 168 1010 2011 1530 2059 2138 1396 1455 1170 1991 1113 758 624 1118 1599 2072 1550 1266 1090 561 917 1878 1104 2100 2053 592 1154 2219 707 1044 1207 649 834 1733 1649 960 1462 2022 1983 1639 944 2110 642 1823 1213 1104 1708 450 983 978 944 2208 991 1469 970 1578 1074 174 1824 1311 2047 814 1627 2263 2172 2225 0 1309 847 1837 1393 984 931 1959 1127 1812 1411 1061 1484 729 1233 1331 1651 1705 1693 611 1517 2175
