NAME: zurich_100_23
COMMENT: TSP instance with 100 nodes. City: Zurich, Switzerland, Seed: 65
TYPE: TSP
DIMENSION: 100
EDGE_WEIGHT_TYPE: EXPLICIT
EDGE_WEIGHT_FORMAT: FULL_MATRIX
NODE_COORD_SECTION:
1 47.3134111 8.6715671
2 47.2624233 8.3731248
3 47.4082543 8.4681383
4 47.5291715 8.4655698
5 47.2499529 8.7044814
6 47.4705707 8.3341001
7 47.3756155 8.5164314
8 47.4440537 8.3344653
9 47.3878605 8.5154674
10 47.369107 8.7786196
11 47.502047 8.4954181
12 47.3557553 8.3248479
13 47.4320383 8.6715459
14 47.2996004 8.5638311
15 47.3734022 8.5317652
16 47.4186599 8.415926
17 47.3606702 8.7298919
18 47.3955606 8.5321527
19 47.3460887 8.4806666
20 47.3609177 8.5580539
21 47.3930052 8.5267988
22 47.4242206 8.3047071
23 47.3259263 8.5750651
24 47.3928707 8.6744389
25 47.405176 8.3045533
26 47.5191331 8.6425685
27 47.5237738 8.4381345
28 47.4456835 8.3664385
29 47.272 8.6676575
30 47.2605378 8.687851
31 47.4162285 8.5279074
32 47.2677135 8.4888967
33 47.3705349 8.6399686
34 47.1972554 8.7437092
35 47.3816026 8.5153875
36 47.2931043 8.567489
37 47.3169701 8.5797404
38 47.4911094 8.7076404
39 47.366881 8.5145897
40 47.2539127 8.7673599
41 47.4382869 8.4724534
42 47.3024876 8.5532561
43 47.492253 8.7103732
44 47.4688786 8.3028121
45 47.2837575 8.6214453
46 47.2655336 8.3249091
47 47.3141304 8.5809478
48 47.4855767 8.7757623
49 47.2801606 8.6222463
50 47.5447388 8.4582844
51 47.2413059 8.6528975
52 47.2812441 8.4541497
53 47.414275 8.3829919
54 47.435452 8.7172667
55 47.2672412 8.5810435
56 47.4936445 8.7408647
57 47.5310422 8.4387215
58 47.3671864 8.5199285
59 47.3273668 8.4710345
60 47.2552492 8.3738704
61 47.3689082 8.5248016
62 47.2340781 8.4224777
63 47.3343115 8.5798942
64 47.2905476 8.611256
65 47.4682674 8.510943
66 47.4254459 8.6331613
67 47.2537574 8.3674046
68 47.2602266 8.7927021
69 47.27527 8.3499864
70 47.4324506 8.6852204
71 47.5539035 8.3161624
72 47.3285588 8.5128355
73 47.5008656 8.4121115
74 47.2115945 8.5562462
75 47.5010372 8.405377
76 47.4115656 8.5424744
77 47.4211399 8.3923035
78 47.3916532 8.6762542
79 47.4702556 8.3026745
80 47.2630084 8.3729106
81 47.3081187 8.6841186
82 47.4150411 8.6306669
83 47.3894519 8.6138769
84 47.4694332 8.5085437
85 47.3298564 8.7472453
86 47.2014379 8.5211401
87 47.4088618 8.4612169
88 47.3316546 8.5150523
89 47.3249762 8.6013183
90 47.4352916 8.2936687
91 47.3347381 8.5823332
92 47.4269044 8.5770037
93 47.4775043 8.4572138
94 47.4433632 8.3300088
95 47.5227101 8.5981441
96 47.228542 8.3876848
97 47.2431199 8.5937646
98 47.2642036 8.6827343
99 47.2540913 8.6062161
100 47.2421306 8.7994521
EDGE_WEIGHT_SECTION:
0 1997 1427 1851 636 1969 1023 1921 1124 897 1600 1827 1202 1411 901 1519 658 1011 1543 700 1072 2218 608 823 2184 1728 2018 1776 420 589 1232 1917 494 2143 1054 1434 603 1396 1077 664 1335 1326 1419 1988 535 2275 591 1740 552 1950 1765 1705 1617 1206 1664 1596 2074 999 1506 1991 957 1965 576 514 1438 1070 2063 656 2048 1142 2651 1259 1905 2000 1928 1197 1538 811 1915 2007 106 960 709 1468 584 2255 1457 1276 426 2158 526 1188 1606 1925 1721 2132 1719 536 1639 884
1997 0 1396 2145 2560 1664 1168 1617 1316 2348 1942 704 2008 1280 1130 1344 2052 1367 1110 1342 1406 1312 1571 1860 1153 2406 2175 1471 2298 2428 1594 768 1886 1985 1223 1276 1648 2111 1170 2529 1443 1168 2134 1683 2075 494 1672 2568 2086 2267 1607 564 1312 2074 1506 2311 2238 1103 902 87 1070 410 1544 1989 1794 1794 134 2521 267 2006 2406 1202 2013 1180 2036 1559 1233 1873 1610 10 2047 1728 1782 1764 2301 1012 1364 1219 1729 1441 1565 1717 1714 1620 2247 298 1413 2392 1480 2749
1427 1396 0 1108 1997 972 467 842 396 1464 905 1031 1125 1040 557 307 1169 467 818 772 436 1185 1027 976 1303 1460 1137 685 1754 1883 519 1312 1093 1745 493 1036 1104 1227 549 1959 388 927 1250 995 1530 1596 1128 1685 1542 1230 1367 1094 545 1191 1266 1428 1201 553 905 1390 542 1364 1000 1444 767 911 1462 1941 1409 1123 1716 861 976 1602 999 590 498 989 923 1406 1477 844 946 737 1417 1654 54 877 1185 1165 1021 773 677 865 1302 1531 1321 1848 1240 2179
1851 2145 1108 0 2423 1316 1343 1376 1291 1729 272 1780 1354 1848 1286 1132 1434 1136 1602 1389 1223 1680 1682 1241 1885 1074 211 1157 2219 2384 1105 2062 1358 2553 1342 1843 1760 1492 1441 2306 722 1735 1514 1364 2186 2345 1784 1918 2197 122 2174 1843 1250 1456 2074 1664 236 1401 1655 2140 1359 2113 1656 2100 638 1176 2211 2205 2158 1387 1308 1669 562 2409 585 1120 1171 1254 1291 2155 1902 1109 1211 667 1682 2403 1138 1685 1841 1576 1677 904 466 1379 891 2280 2129 2334 2048 2466
636 2560 1997 2423 0 2538 1586 2490 1692 1265 2172 2391 1632 1975 1464 2091 1065 1582 2106 1270 1642 2782 990 1238 2747 2135 2589 2344 380 247 1803 2481 1077 2707 1618 1998 912 1803 1640 497 1907 1890 1826 2556 640 2839 888 2157 595 2521 2329 2268 2185 1609 2228 2003 2646 1563 2070 2555 1521 2529 1111 719 2010 1473 2627 631 2611 1571 3223 1823 2477 2564 2500 1768 2106 1241 2484 2571 584 1382 1293 2039 788 2818 2028 1840 997 2726 1096 1763 2178 2493 2293 2696 2283 282 2202 576
1969 1664 972 1316 2538 0 1036 377 886 1867 1113 1288 1527 1491 1082 672 1571 1047 1121 1315 1019 698 1552 1379 904 1862 1328 407 2279 2409 1065 1581 1495 2196 1013 1487 1629 1630 1132 2443 822 1379 1653 344 2056 1864 1653 2087 2067 1438 1818 1362 569 1594 1717 1830 1391 1117 1174 1659 1098 1632 1525 1970 1156 1313 1730 2343 1677 1525 1006 1412 916 2053 871 1136 490 1392 271 1675 2020 1247 1349 1126 1820 1922 940 1428 1710 595 1546 1176 884 381 1704 1799 1772 2373 1692 2603
1023 1168 467 1343 1586 1036 0 988 188 1285 1092 999 945 610 127 732 989 278 601 368 277 1307 597 797 1355 1372 1432 843 1324 1453 466 1089 904 1315 102 606 674 1048 143 1555 683 497 1071 1055 1100 1446 698 1505 1112 1442 937 876 683 1012 836 1248 1496 128 678 1163 112 1136 570 1014 928 731 1234 1547 1219 943 1778 431 1271 1172 1294 431 605 810 982 1178 1073 665 760 958 1238 1426 498 447 755 1224 591 670 972 991 1213 1303 891 1418 810 1775
1921 1617 842 1376 2490 377 988 0 839 1819 1173 1185 1479 1443 1034 610 1523 999 1073 1267 971 672 1504 1331 875 1814 1391 413 2231 2361 1017 1533 1448 2149 965 1439 1582 1582 1085 2395 852 1331 1605 395 2008 1816 1605 2039 2019 1498 1770 1314 368 1546 1669 1782 1455 1069 1126 1611 1050 1585 1477 1922 1202 1265 1683 2295 1629 1477 1069 1364 979 2005 934 1088 415 1344 322 1627 1972 1199 1301 1173 1772 1874 810 1380 1663 569 1498 1128 944 55 1656 1752 1725 2326 1644 2555
1124 1316 396 1291 1692 886 188 839 0 1240 1047 1071 900 757 244 606 944 215 713 469 186 1157 714 752 1315 1326 1355 693 1441 1571 402 1236 861 1463 169 753 792 1003 296 1656 606 645 1026 905 1218 1594 815 1460 1229 1396 1084 1024 534 966 984 1203 1418 273 826 1311 260 1284 687 1132 883 686 1382 1648 1367 898 1628 579 1193 1319 1216 367 455 765 833 1326 1174 620 715 912 1193 1574 426 595 873 1075 709 614 894 842 1168 1451 1039 1536 958 1876
897 2348 1464 1729 1265 1867 1285 1819 1240 0 1478 2046 733 1789 1228 1397 367 1078 1832 1308 1165 2138 1414 545 2296 1191 1896 1674 1128 1235 1205 2268 742 2495 1284 1785 1398 859 1383 1102 1213 1677 882 1886 1305 2610 1386 1044 1260 1828 2116 2056 1515 623 2015 1039 1952 1343 1858 2342 1301 2316 1322 1310 1316 779 2414 920 2399 673 2529 1610 1783 2351 1806 1156 1436 547 1813 2358 854 688 904 1346 521 2606 1433 1627 1232 2055 1330 1069 1484 1822 1506 2483 2071 1244 1990 1180
1600 1942 905 272 2172 1113 1092 1173 1047 1478 0 1578 1103 1597 1035 929 1183 885 1399 1138 972 1508 1431 990 1714 910 417 954 1968 2133 889 1859 1107 2302 1091 1593 1509 1241 1190 2055 519 1484 1264 1230 1935 2142 1533 1698 1946 393 1924 1640 1047 1205 1823 1442 481 1150 1452 1937 1108 1911 1405 1849 434 925 2009 1954 1955 1136 1206 1418 460 2158 483 902 968 1003 1157 1953 1651 858 960 463 1431 2200 935 1434 1590 1405 1426 653 263 1176 726 2077 1878 2083 1797 2215
1827 704 1031 1780 2391 1288 999 1185 1071 2046 1578 0 1706 1110 960 941 1750 1197 789 1172 1204 622 1401 1557 462 2041 1810 1106 2128 2258 1243 1193 1674 1816 1054 1106 1479 1808 1000 2360 1078 998 1831 1044 1905 806 1503 2266 1916 1902 1437 954 899 1772 1337 2009 1873 933 793 747 900 1049 1375 1819 1429 1492 787 2352 619 1704 1858 1033 1648 1672 1671 1314 868 1570 1017 698 1878 1425 1527 1399 1999 1542 999 1049 1560 750 1396 1354 1349 1203 1883 958 1392 2223 1311 2580
1202 2008 1125 1354 1632 1527 945 1479 900 733 1103 1706 0 1449 888 1057 642 738 1492 991 825 1798 1284 406 1956 793 1521 1334 1461 1602 865 1928 709 2155 944 1445 1362 461 1043 1515 873 1337 484 1546 1559 2270 1386 918 1576 1453 1776 1716 1175 336 1676 661 1577 1003 1518 2002 961 1976 1258 1538 976 294 2074 1414 2059 136 2190 1271 1443 2011 1466 816 1096 393 1473 2018 1187 373 656 1006 891 2266 1093 1287 1268 1715 1279 730 1144 1482 926 2143 1731 1577 1650 1674
1411 1280 1040 1848 1975 1491 610 1443 757 1789 1597 1110 1449 0 571 1170 1494 808 961 756 847 1518 985 1301 1467 1876 2002 1298 1712 1842 1035 838 1300 1074 664 62 1063 1552 611 1944 1256 142 1575 1510 1489 1558 1087 2009 1500 1946 696 988 1139 1516 367 1753 2064 544 790 1274 511 1248 959 1403 1434 1236 1346 1935 1331 1447 2233 523 1840 840 1863 1001 1060 1314 1437 1290 1462 1169 1197 1464 1742 1122 1070 568 1144 1630 980 1175 1541 1447 1718 1415 558 1807 463 2163
901 1130 557 1286 1464 1082 127 1034 244 1228 1035 960 888 571 0 802 932 241 648 246 292 1337 475 739 1317 1314 1452 889 1202 1332 476 1050 783 1276 159 567 552 991 184 1433 728 459 1013 1101 979 1408 576 1448 990 1384 898 838 730 954 797 1191 1509 125 639 1124 83 1098 448 892 873 674 1196 1425 1181 886 1824 392 1298 1133 1321 441 651 752 1028 1140 951 607 679 902 1181 1388 587 409 633 1270 469 613 999 1037 1156 1265 852 1296 772 1653
1519 1344 307 1132 2091 672 732 610 606 1397 929 941 1057 1170 802 0 1102 679 800 1021 720 939 1272 909 1072 1393 1162 380 1887 2052 595 1260 1026 1876 733 1166 1349 1160 814 1974 421 1058 1183 719 1775 1543 1373 1617 1787 1254 1497 1041 313 1124 1396 1361 1225 818 853 1338 807 1312 1245 1689 781 844 1410 1873 1356 1055 1442 1093 1000 1732 1023 666 256 922 646 1354 1570 777 879 751 1350 1601 276 1109 1430 888 1266 706 701 633 1235 1479 1452 2002 1371 2134
658 2052 1169 1434 1065 1571 989 1523 944 367 1183 1750 642 1494 932 1102 0 782 1536 1012 869 1842 1121 249 2000 1146 1600 1378 890 1035 909 1973 447 2199 988 1490 1145 814 1087 948 918 1381 837 1590 1067 2314 1148 1150 1022 1532 1821 1760 1219 619 1720 1014 1657 1048 1562 2047 1005 2020 1026 1072 1020 484 2118 847 2103 582 2234 1315 1488 2055 1511 860 1140 252 1517 2062 616 393 609 1050 324 2310 1137 1331 968 1760 1034 774 1188 1527 1304 2187 1775 1006 1694 1107
1011 1367 467 1136 1582 1047 278 999 215 1078 885 1197 738 808 241 679 782 0 807 357 113 1318 650 590 1476 1164 1219 854 1355 1507 235 1287 700 1513 260 804 727 841 372 1544 487 696 864 1066 1154 1645 751 1298 1165 1234 1135 1074 695 804 1034 1041 1282 349 876 1361 320 1335 623 1068 716 524 1433 1536 1418 736 1789 629 1057 1370 1080 201 616 603 993 1377 1062 458 553 746 1031 1625 498 646 808 1235 644 447 758 1002 1006 1502 1089 1469 1009 1764
1543 1110 818 1602 2106 1121 601 1073 713 1832 1399 789 1492 961 648 800 1536 807 0 888 806 1196 1117 1344 1145 1862 1631 928 1844 1974 994 623 1428 1667 651 957 1194 1595 564 2075 900 849 1618 1140 1621 1353 1218 2052 1632 1724 1288 658 769 1559 1187 1795 1695 591 332 1105 619 1079 1090 1534 1250 1278 1177 2067 1161 1490 1863 884 1470 1141 1493 960 690 1357 1067 1121 1593 1212 1307 1221 1785 1241 792 900 1275 1282 1111 1176 1171 1076 1704 1246 1243 1938 1162 2295
700 1342 772 1389 1270 1315 368 1267 469 1308 1138 1172 991 756 246 1021 1012 357 888 0 417 1563 340 843 1529 1417 1552 1121 1036 1185 577 1262 603 1489 399 779 418 1094 422 1232 829 671 1117 1333 844 1620 442 1551 855 1487 1110 1050 962 1057 1009 1294 1611 345 851 1336 303 1310 302 758 976 777 1408 1224 1393 989 2056 605 1399 1345 1423 543 883 856 1261 1352 750 711 611 1005 1152 1600 802 621 484 1503 320 717 1100 1270 1259 1477 1065 1141 984 1452
1072 1406 436 1223 1642 1019 277 971 186 1165 972 1204 825 847 292 720 869 113 806 417 0 1290 710 677 1448 1251 1304 826 1415 1567 327 1326 787 1552 259 843 788 928 385 1604 564 735 951 1038 1214 1684 811 1385 1225 1321 1174 1113 667 891 1073 1128 1368 363 915 1400 349 1374 683 1128 808 611 1472 1596 1456 823 1761 668 1143 1409 1166 293 588 690 965 1416 1122 545 640 837 1118 1664 466 685 869 1207 705 539 844 974 1093 1541 1128 1529 1048 1824
2218 1312 1185 1680 2782 698 1307 672 1157 2138 1508 622 1798 1518 1337 939 1842 1318 1196 1563 1290 0 1792 1650 238 2133 1590 802 2519 2649 1336 1592 1766 2223 1284 1514 1869 1901 1380 2710 1171 1405 1924 454 2296 1414 1893 2358 2307 1802 1845 1353 723 1864 1744 2101 1654 1340 1200 1355 1303 1525 1765 2210 1521 1584 1395 2614 1227 1796 1268 1440 1178 2080 1133 1407 722 1663 427 1306 2268 1518 1620 1492 2091 1949 1153 1457 1951 150 1786 1447 1280 676 1975 1566 1799 2614 1718 2874
608 1571 1027 1682 990 1552 597 1504 714 1414 1431 1401 1284 985 475 1272 1121 650 1117 340 710 1792 0 1016 1758 1710 1845 1358 727 857 871 1491 697 1717 628 1008 78 1387 651 1140 1122 900 1410 1571 504 1849 101 1844 515 1780 1339 1279 1199 1351 1238 1587 1904 574 1080 1565 531 1539 134 418 1269 1070 1637 1132 1622 1282 2293 834 1693 1574 1716 836 1121 1003 1498 1581 658 1004 879 1298 1060 1829 1057 850 246 1740 160 1010 1393 1507 1552 1706 1293 822 1213 1360
823 1860 976 1241 1238 1379 797 1331 752 545 990 1557 406 1301 739 909 249 590 1344 843 677 1650 1016 0 1808 953 1407 1185 1068 1208 717 1780 331 2006 796 1297 1083 621 895 1121 725 1189 644 1398 1181 2122 1106 1078 1191 1339 1628 1568 1026 514 1527 821 1464 855 1369 1854 813 1828 910 1160 828 291 1926 1021 1911 346 2041 1122 1295 1863 1318 668 948 16 1325 1870 794 200 407 857 498 2118 944 1139 890 1567 922 581 996 1334 1111 1995 1582 1183 1502 1281
2184 1153 1303 1885 2747 904 1355 875 1315 2296 1714 462 1956 1467 1317 1072 2000 1476 1145 1529 1448 238 1758 1808 0 2291 1796 1008 2485 2615 1494 1541 1924 2172 1410 1463 1835 2059 1357 2716 1329 1354 2082 660 2262 1254 1859 2516 2273 2007 1794 1302 830 2022 1693 2259 1859 1290 1149 1195 1257 1474 1731 2176 1679 1742 1236 2708 1067 1954 1474 1389 1384 2029 1339 1565 877 1821 633 1146 2234 1676 1778 1650 2249 1898 1272 1406 1916 355 1752 1605 1485 881 2133 1406 1748 2579 1667 2936
1728 2406 1460 1074 2135 1862 1372 1814 1326 1191 910 2041 793 1876 1314 1393 1146 1164 1862 1417 1251 2133 1710 953 2291 0 1273 1669 1964 2105 1190 2322 1239 2581 1370 1872 1788 512 1469 2018 1209 1763 502 1881 2088 2605 1812 883 2095 1173 2203 2104 1510 771 2102 633 1297 1430 1915 2400 1388 2374 1684 2067 1098 884 2472 1917 2419 702 2115 1697 1369 2438 1392 1187 1431 961 1808 2416 1690 821 1092 1127 1394 2664 1428 1713 1797 2051 1705 932 1173 1818 352 2541 2157 2080 2076 2178
2018 2175 1137 211 2589 1328 1432 1391 1355 1896 417 1810 1521 2002 1452 1162 1600 1219 1631 1552 1304 1590 1845 1407 1796 1273 0 1182 2385 2550 1135 2091 1524 2707 1431 1998 1923 1659 1514 2472 751 1889 1682 1236 2349 2374 1946 2101 2360 333 2329 1873 1279 1622 2228 1847 99 1518 1684 2169 1507 2143 1818 2263 784 1342 2241 2372 2188 1554 1180 1826 434 2563 457 1206 1200 1420 1163 2185 2068 1275 1377 773 1849 2433 1168 1842 2004 1487 1840 1070 488 1394 1089 2310 2283 2501 2202 2632
1776 1471 685 1157 2344 407 843 413 693 1674 954 1106 1334 1298 889 380 1378 854 928 1121 826 802 1358 1185 1008 1669 1182 0 2085 2215 871 1387 1302 2003 820 1294 1436 1437 939 2250 595 1186 1459 524 1862 1671 1460 1894 1874 1278 1625 1169 360 1400 1524 1637 1245 924 980 1466 904 1439 1332 1776 974 1120 1537 2150 1484 1332 1186 1218 998 1860 1021 942 281 1198 452 1481 1827 1053 1155 944 1627 1729 653 1235 1517 699 1353 982 725 437 1511 1606 1579 2180 1498 2410
420 2298 1754 2219 380 2279 1324 2231 1441 1128 1968 2128 1461 1712 1202 1887 890 1355 1844 1036 1415 2519 727 1068 2485 1964 2385 2085 0 169 1575 2218 861 2444 1355 1735 649 1632 1378 618 1703 1627 1655 2298 298 2576 626 1972 253 2317 2066 2006 1926 1438 1965 1833 2442 1301 1807 2292 1258 2266 843 392 1806 1302 2364 760 2349 1401 3013 1561 2273 2301 2296 1541 1848 1070 2225 2308 368 1211 1077 1835 727 2556 1784 1577 769 2467 869 1555 1974 2234 2089 2433 2020 116 1940 818
589 2428 1883 2384 247 2409 1453 2361 1571 1235 2133 2258 1602 1842 1332 2052 1035 1507 1974 1185 1567 2649 857 1208 2615 2105 2550 2215 169 0 1727 2348 1030 2574 1485 1865 779 1773 1508 530 1868 1757 1796 2428 467 2706 755 2125 422 2482 2196 2135 2056 1579 2095 1973 2607 1430 1937 2422 1388 2396 978 561 1971 1443 2494 668 2479 1541 3150 1690 2438 2431 2461 1693 1977 1211 2355 2438 536 1352 1246 2000 758 2686 1914 1707 938 2597 1004 1724 2139 2364 2254 2563 2150 53 2070 708
1232 1594 519 1105 1803 1065 466 1017 402 1205 889 1243 865 1035 476 595 909 235 994 577 327 1336 871 717 1494 1190 1135 871 1575 1727 0 1514 822 1741 447 1031 948 968 574 1765 404 923 991 1084 1374 1808 972 1425 1386 1227 1362 1301 712 932 1261 1168 1199 551 1103 1588 538 1562 844 1288 654 651 1660 1681 1621 863 1720 856 974 1597 997 197 634 730 1011 1604 1283 585 675 683 1158 1852 550 873 1029 1253 865 400 675 1020 1032 1729 1317 1690 1236 1941
1917 768 1312 2062 2481 1581 1089 1533 1236 2268 1859 1193 1928 838 1050 1260 1973 1287 623 1262 1326 1592 1491 1780 1541 2322 2091 1387 2218 2348 1514 0 1807 1588 1143 826 1569 2031 1090 2450 1359 839 2054 1600 1995 1046 1593 2488 2006 2184 1191 242 1228 1995 1056 2232 2155 1023 537 762 990 640 1465 1909 1710 1715 834 2441 819 1926 2323 821 1930 657 1953 1480 1150 1793 1527 778 1968 1648 1703 1681 2221 731 1280 866 1650 1710 1486 1634 1630 1536 2164 898 886 2313 1101 2669
494 1886 1093 1358 1077 1495 904 1448 861 742 1107 1674 709 1300 783 1026 447 700 1428 603 787 1766 697 331 1924 1239 1524 1302 861 1030 822 1807 0 2033 905 1324 763 907 962 1065 842 1215 930 1514 862 2164 787 1364 878 1456 1655 1594 1143 817 1554 1107 1581 889 1396 1881 847 1854 591 841 945 589 1952 1057 1937 648 2158 1149 1412 1889 1435 772 1064 318 1442 1896 544 474 216 974 695 2144 1061 1165 571 1684 602 694 1113 1451 1228 2021 1609 977 1528 1285
2143 1985 1745 2553 2707 2196 1315 2149 1463 2495 2302 1816 2155 1074 1276 1876 2199 1513 1667 1489 1552 2223 1717 2006 2172 2581 2707 2003 2444 2574 1741 1588 2033 0 1370 1070 1795 2258 1316 2676 1961 962 2280 2215 2221 2263 1819 2715 2233 2651 686 1693 1844 2221 927 2458 2769 1249 1495 1980 1216 1811 1691 2135 2140 1941 2051 2668 2036 2153 2938 1266 2545 1104 2568 1706 1765 2019 2143 1995 2194 1874 1929 2169 2448 1386 1775 1310 1876 2335 1712 1880 2246 2152 2423 2069 848 2539 767 2896
1054 1223 493 1342 1618 1013 102 965 169 1284 1091 1054 944 664 159 733 988 260 651 399 259 1284 628 796 1410 1370 1431 820 1355 1485 447 1143 905 1370 0 660 706 1047 209 1587 699 552 1070 1032 1132 1501 730 1504 1143 1440 991 931 661 1010 891 1247 1494 186 733 1218 167 1191 602 1046 927 730 1289 1578 1274 942 1755 486 1269 1226 1292 413 582 809 959 1233 1105 664 759 956 1237 1481 523 502 787 1201 623 659 970 968 1212 1358 946 1450 865 1806
1434 1276 1036 1843 1998 1487 606 1439 753 1785 1593 1106 1445 62 567 1166 1490 804 957 779 843 1514 1008 1297 1463 1872 1998 1294 1735 1865 1031 826 1324 1070 660 0 1086 1548 607 1967 1252 182 1571 1506 1512 1554 1110 2005 1523 1942 692 984 1135 1512 311 1749 2060 540 785 1270 507 1244 982 1426 1430 1232 1342 1958 1327 1443 2229 546 1836 828 1859 997 1056 1310 1433 1286 1485 1165 1220 1460 1738 1110 1066 591 1167 1626 1003 1171 1537 1442 1714 1411 546 1830 439 2186
603 1648 1104 1760 912 1629 674 1582 792 1398 1509 1479 1362 1063 552 1349 1145 727 1194 418 788 1869 78 1083 1835 1788 1923 1436 649 779 948 1569 763 1795 706 1086 0 1465 728 1142 1200 977 1488 1648 426 1927 24 1922 437 1858 1417 1356 1277 1428 1316 1665 1982 651 1158 1643 609 1616 199 340 1347 1148 1714 1133 1699 1360 2371 911 1770 1652 1793 913 1198 1070 1576 1659 660 1081 945 1376 1061 1906 1135 928 249 1818 225 1088 1471 1585 1630 1783 1371 744 1290 1361
1396 2111 1227 1492 1803 1630 1048 1582 1003 859 1241 1808 461 1552 991 1160 814 841 1595 1094 928 1901 1387 621 2059 512 1659 1437 1632 1773 968 2031 907 2258 1047 1548 1465 0 1146 1686 976 1440 42 1649 1756 2373 1488 486 1763 1591 1879 1819 1278 439 1778 235 1715 1106 1621 2105 1064 2079 1360 1735 1079 552 2177 1585 2162 370 2292 1373 1546 2114 1569 919 1199 629 1576 2121 1358 489 760 1109 1062 2369 1196 1390 1465 1818 1382 832 1247 1585 827 2246 1834 1748 1753 1846
1077 1170 549 1441 1640 1132 143 1085 296 1383 1190 1000 1043 611 184 814 1087 372 564 422 385 1380 651 895 1357 1469 1514 939 1378 1508 574 1090 962 1316 209 607 728 1146 0 1609 764 499 1169 1151 1155 1448 752 1603 1166 1539 938 877 780 1109 837 1346 1577 122 679 1164 141 1138 624 1069 1028 829 1236 1601 1221 1041 1874 434 1352 1173 1375 539 701 908 1079 1180 1127 763 846 1057 1336 1428 579 451 809 1321 645 769 1053 1088 1311 1305 892 1472 812 1829
664 2529 1959 2306 497 2443 1555 2395 1656 1102 2055 2360 1515 1944 1433 1974 948 1544 2075 1232 1604 2710 1140 1121 2716 2018 2472 2250 618 530 1765 2450 1065 2676 1587 1967 1142 1686 1609 0 1790 1858 1709 2462 859 2807 1130 2039 815 2404 2298 2237 2091 1491 2197 1886 2529 1532 2039 2524 1490 2497 1108 953 1893 1356 2595 222 2580 1454 3106 1792 2360 2533 2383 1721 2012 1124 2389 2539 612 1265 1280 1922 671 2787 1990 1808 959 2632 1058 1646 2061 2399 2176 2664 2252 547 2171 279
1335 1443 388 722 1907 822 683 852 606 1213 519 1078 873 1256 728 421 918 487 900 829 564 1171 1122 725 1329 1209 751 595 1703 1868 404 1359 842 1961 699 1252 1200 976 764 1790 0 1143 999 919 1626 1643 1224 1433 1638 843 1583 1141 547 940 1482 1176 815 769 952 1438 758 1411 1096 1540 396 659 1509 1689 1456 871 1336 1077 589 1818 613 474 468 738 846 1453 1386 593 695 367 1166 1701 419 1093 1281 1088 1117 522 290 855 1050 1578 1537 1818 1456 1949
1326 1168 927 1735 1890 1379 497 1331 645 1677 1484 998 1337 142 459 1058 1381 696 849 671 735 1405 900 1189 1354 1763 1889 1186 1627 1757 923 839 1215 962 552 182 977 1440 499 1858 1143 0 1463 1398 1404 1446 1001 1897 1415 1833 584 875 1026 1404 428 1640 1952 432 677 1162 399 1136 873 1318 1322 1123 1234 1850 1218 1335 2121 438 1728 819 1751 888 948 1202 1325 1178 1376 1057 1111 1351 1630 1101 958 483 1058 1518 894 1063 1428 1334 1605 1303 538 1721 457 2078
1419 2134 1250 1514 1826 1653 1071 1605 1026 882 1264 1831 484 1575 1013 1183 837 864 1618 1117 951 1924 1410 644 2082 502 1682 1459 1655 1796 991 2054 930 2280 1070 1571 1488 42 1169 1709 999 1463 0 1672 1778 2396 1511 474 1786 1612 1902 1842 1300 462 1801 224 1737 1129 1643 2128 1087 2102 1383 1758 1102 575 2200 1608 2185 393 2315 1396 1569 2137 1592 942 1222 652 1599 2144 1381 512 783 1131 1085 2392 1218 1413 1488 1841 1404 855 1270 1608 817 2269 1856 1771 1776 1869
1988 1683 995 1364 2556 344 1055 395 905 1886 1230 1044 1546 1510 1101 719 1590 1066 1140 1333 1038 454 1571 1398 660 1881 1236 524 2298 2428 1084 1600 1514 2215 1032 1506 1648 1649 1151 2462 919 1398 1672 0 2075 1836 1672 2106 2086 1485 1837 1381 588 1612 1736 1849 1299 1136 1193 1678 1116 1651 1544 1988 1269 1332 1749 2362 1649 1544 914 1431 824 2072 779 1155 509 1411 73 1693 2039 1266 1368 1240 1839 1941 963 1447 1729 351 1565 1195 1002 398 1723 1818 1791 2392 1711 2622
535 2075 1530 2186 640 2056 1100 2008 1218 1305 1935 1905 1559 1489 979 1775 1067 1154 1621 844 1214 2296 504 1181 2262 2088 2349 1862 298 467 1374 1995 862 2221 1132 1512 426 1756 1155 859 1626 1404 1778 2075 0 2353 402 2149 79 2284 1843 1782 1703 1615 1742 1956 2408 1077 1584 2069 1035 2043 625 127 1773 1437 2141 1002 2126 1498 2797 1337 2197 2078 2220 1340 1624 1168 2002 2085 544 1322 1064 1802 947 2333 1561 1354 668 2244 651 1514 1897 2011 2056 2210 1797 414 1717 1059
2275 494 1596 2345 2839 1864 1446 1816 1594 2610 2142 806 2270 1558 1408 1543 2314 1645 1353 1620 1684 1414 1849 2122 1254 2605 2374 1671 2576 2706 1808 1046 2164 2263 1501 1554 1927 2373 1448 2807 1643 1446 2396 1836 2353 0 1950 2830 2364 2467 1885 842 1512 2337 1784 2573 2438 1381 1151 488 1348 805 1822 2267 1993 2056 577 2799 246 2268 2606 1481 2213 1548 2236 1837 1433 2135 1801 488 2325 1990 2060 1964 2563 1380 1564 1497 2008 1542 1843 1919 1914 1819 2447 584 1781 2671 1759 3027
591 1672 1128 1784 888 1653 698 1605 815 1386 1533 1503 1386 1087 576 1373 1148 751 1218 442 811 1893 101 1106 1859 1812 1946 1460 626 755 972 1593 787 1819 730 1110 24 1488 752 1130 1224 1001 1511 1672 402 1950 0 1945 414 1882 1441 1380 1301 1452 1340 1689 2005 675 1182 1667 633 1640 222 316 1370 1172 1738 1121 1723 1384 2395 935 1794 1675 1817 937 1222 1093 1599 1682 648 1105 969 1400 1049 1930 1158 951 273 1841 248 1111 1495 1608 1654 1807 1395 720 1314 1349
1740 2568 1685 1918 2157 2087 1505 2039 1460 1044 1698 2266 918 2009 1448 1617 1150 1298 2052 1551 1385 2358 1844 1078 2516 883 2101 1894 1972 2125 1425 2488 1364 2715 1504 2005 1922 486 1603 2039 1433 1897 474 2106 2149 2830 1945 0 2104 2016 2336 2276 1735 746 2236 257 2141 1563 2078 2562 1521 2536 1818 2153 1536 1009 2634 1919 2619 827 2750 1831 2003 2571 2026 1376 1656 1086 2033 2578 1698 946 1217 1566 1416 2826 1653 1847 1922 2275 1839 1290 1704 2042 1198 2703 2291 2088 2210 2180
552 2086 1542 2197 595 2067 1112 2019 1229 1260 1946 1916 1576 1500 990 1787 1022 1165 1632 855 1225 2307 515 1191 2273 2095 2360 1874 253 422 1386 2006 878 2233 1143 1523 437 1763 1166 815 1638 1415 1786 2086 79 2364 414 2104 0 2296 1854 1794 1715 1570 1753 1963 2419 1089 1595 2080 1047 2054 636 173 1784 1434 2152 957 2137 1515 2809 1349 2208 2089 2231 1351 1636 1185 2013 2096 500 1329 1081 1814 902 2344 1572 1365 679 2255 662 1525 1909 2022 2067 2221 1809 369 1728 1014
1950 2267 1230 122 2521 1438 1442 1498 1396 1828 393 1902 1453 1946 1384 1254 1532 1234 1724 1487 1321 1802 1780 1339 2007 1173 333 1278 2317 2482 1227 2184 1456 2651 1440 1942 1858 1591 1539 2404 843 1833 1612 1485 2284 2467 1882 2016 2296 0 2273 1965 1371 1554 2172 1762 358 1500 1777 2262 1458 2235 1754 2198 760 1274 2333 2304 2280 1486 1430 1767 684 2508 707 1242 1293 1352 1413 2277 2000 1207 1309 789 1781 2525 1260 1783 1939 1698 1775 1002 588 1501 989 2402 2227 2433 2146 2564
1765 1607 1367 2174 2329 1818 937 1770 1084 2116 1924 1437 1776 696 898 1497 1821 1135 1288 1110 1174 1845 1339 1628 1794 2203 2329 1625 2066 2196 1362 1191 1655 686 991 692 1417 1879 938 2298 1583 584 1902 1837 1843 1885 1441 2336 1854 2273 0 1315 1466 1843 516 2080 2391 871 1116 1601 838 1414 1313 1757 1761 1563 1673 2289 1658 1774 2560 887 2167 707 2190 1328 1387 1641 1764 1617 1816 1496 1551 1791 2069 989 1397 932 1498 1957 1334 1502 1868 1773 2045 1672 470 2161 332 2517
1705 564 1094 1843 2268 1362 876 1314 1024 2056 1640 954 1716 988 838 1041 1760 1074 658 1050 1113 1353 1279 1568 1302 2104 1873 1169 2006 2135 1301 242 1594 1693 931 984 1356 1819 877 2237 1141 875 1842 1381 1782 842 1380 2276 1794 1965 1315 0 1010 1782 1214 2019 1936 810 395 558 778 501 1252 1696 1492 1502 630 2229 615 1714 2104 910 1711 834 1734 1267 931 1580 1308 574 1755 1436 1490 1462 2009 765 1062 927 1437 1482 1273 1416 1412 1318 1945 699 1067 2100 1188 2457
1617 1312 545 1250 2185 569 683 368 534 1515 1047 899 1175 1139 730 313 1219 695 769 962 667 723 1199 1026 830 1510 1279 360 1926 2056 712 1228 1143 1844 661 1135 1277 1278 780 2091 547 1026 1300 588 1703 1512 1301 1735 1715 1371 1466 1010 0 1241 1365 1478 1342 765 821 1307 745 1280 1173 1617 898 961 1378 1991 1325 1173 1311 1059 1117 1701 1140 783 91 1039 515 1322 1668 894 996 869 1468 1570 513 1076 1358 749 1194 823 818 391 1352 1447 1420 2021 1339 2251
1206 2074 1191 1456 1609 1594 1012 1546 966 623 1205 1772 336 1516 954 1124 619 804 1559 1057 891 1864 1351 514 2022 771 1622 1400 1438 1579 932 1995 817 2221 1010 1512 1428 439 1109 1491 940 1404 462 1612 1615 2337 1452 746 1570 1554 1843 1782 1241 0 1742 639 1679 1070 1584 2069 1028 2043 1324 1620 1043 515 2141 1391 2125 235 2256 1337 1510 2078 1533 882 1162 501 1540 2085 1164 453 724 1072 868 2332 1159 1353 1376 1782 1345 796 1211 1549 1086 2210 1797 1554 1716 1651
1664 1506 1266 2074 2228 1717 836 1669 984 2015 1823 1337 1676 367 797 1396 1720 1034 1187 1009 1073 1744 1238 1527 1693 2102 2228 1524 1965 2095 1261 1056 1554 927 891 311 1316 1778 837 2197 1482 428 1801 1736 1742 1784 1340 2236 1753 2172 516 1214 1365 1742 0 1979 2290 770 1016 1501 737 1453 1212 1656 1660 1462 1572 2189 1557 1674 2459 777 2066 746 2089 1227 1286 1540 1663 1516 1715 1395 1450 1690 1968 1028 1296 821 1397 1856 1233 1401 1767 1673 1944 1641 343 2060 211 2417
1596 2311 1428 1664 2003 1830 1248 1782 1203 1039 1442 2009 661 1753 1191 1361 1014 1041 1795 1294 1128 2101 1587 821 2259 633 1847 1637 1833 1973 1168 2232 1107 2458 1247 1749 1665 235 1346 1886 1176 1640 224 1849 1956 2573 1689 257 1963 1762 2080 2019 1478 639 1979 0 1887 1306 1821 2306 1264 2279 1561 1935 1279 752 2377 1786 2362 570 2493 1574 1747 2314 1770 1119 1399 829 1776 2321 1559 689 961 1309 1263 2569 1396 1590 1665 2019 1582 1033 1447 1785 948 2446 2034 1948 1953 2046
2074 2238 1201 236 2646 1391 1496 1455 1418 1952 481 1873 1577 2064 1509 1225 1657 1282 1695 1611 1368 1654 1904 1464 1859 1297 99 1245 2442 2607 1199 2155 1581 2769 1494 2060 1982 1715 1577 2529 815 1952 1737 1299 2408 2438 2005 2141 2419 358 2391 1936 1342 1679 2290 1887 0 1581 1748 2233 1567 2206 1877 2322 847 1399 2304 2429 2251 1610 1244 1886 498 2626 521 1270 1264 1477 1227 2248 2125 1332 1434 837 1905 2496 1231 1902 2063 1550 1899 1127 552 1458 1114 2373 2345 2557 2264 2689
999 1103 553 1401 1563 1117 128 1069 273 1343 1150 933 1003 544 125 818 1048 349 591 345 363 1340 574 855 1290 1430 1518 924 1301 1430 551 1023 889 1249 186 540 651 1106 122 1532 769 432 1129 1136 1077 1381 675 1563 1089 1500 871 810 765 1070 770 1306 1581 0 612 1097 65 1071 547 991 988 789 1169 1524 1153 1001 1859 367 1356 1106 1379 517 686 868 1063 1113 1050 723 785 1018 1296 1361 583 384 732 1305 568 729 1057 1072 1271 1238 825 1395 745 1752
1506 902 905 1655 2070 1174 678 1126 826 1858 1452 793 1518 790 639 853 1562 876 332 851 915 1200 1080 1369 1149 1915 1684 980 1807 1937 1103 537 1396 1495 733 785 1158 1621 679 2039 952 677 1643 1193 1584 1151 1182 2078 1595 1777 1116 395 821 1584 1016 1821 1748 612 0 897 579 870 1054 1498 1303 1304 968 2031 924 1516 1915 712 1523 1056 1546 1069 743 1382 1120 913 1557 1237 1292 1274 1811 1148 873 728 1239 1313 1075 1218 1223 1129 1757 1037 1071 1902 990 2259
1991 87 1390 2140 2555 1659 1163 1611 1311 2342 1937 747 2002 1274 1124 1338 2047 1361 1105 1336 1400 1355 1565 1854 1195 2400 2169 1466 2292 2422 1588 762 1881 1980 1218 1270 1643 2105 1164 2524 1438 1162 2128 1678 2069 488 1667 2562 2080 2262 1601 558 1307 2069 1501 2306 2233 1097 897 0 1064 405 1539 1983 1788 1789 153 2516 309 2000 2401 1197 2008 1175 2031 1554 1228 1867 1605 97 2042 1722 1777 1759 2295 1006 1359 1213 1724 1483 1560 1711 1708 1614 2242 237 1408 2387 1475 2743
957 1070 542 1359 1521 1098 112 1050 260 1301 1108 900 961 511 83 807 1005 320 619 303 349 1303 531 813 1257 1388 1507 904 1258 1388 538 990 847 1216 167 507 609 1064 141 1490 758 399 1087 1116 1035 1348 633 1521 1047 1458 838 778 745 1028 737 1264 1567 65 579 1064 0 1038 505 949 946 747 1136 1482 1121 959 1839 332 1346 1073 1369 503 666 826 1044 1080 1008 681 743 976 1254 1328 573 349 690 1286 526 687 1046 1053 1229 1205 792 1353 712 1710
1965 410 1364 2113 2529 1632 1136 1585 1284 2316 1911 1049 1976 1248 1098 1312 2020 1335 1079 1310 1374 1525 1539 1828 1474 2374 2143 1439 2266 2396 1562 640 1854 1811 1191 1244 1616 2079 1138 2497 1411 1136 2102 1651 2043 805 1640 2536 2054 2235 1414 501 1280 2043 1453 2279 2206 1071 870 405 1038 0 1512 1957 1762 1762 476 2489 615 1974 2374 1171 1981 876 2004 1527 1201 1841 1579 420 2015 1696 1750 1732 2269 708 1332 1187 1697 1675 1533 1685 1682 1588 2216 258 1109 2360 1324 2717
576 1544 1000 1656 1111 1525 570 1477 687 1322 1405 1375 1258 959 448 1245 1026 623 1090 302 683 1765 134 910 1731 1684 1818 1332 843 978 844 1465 591 1691 602 982 199 1360 624 1108 1096 873 1383 1544 625 1822 222 1818 636 1754 1313 1252 1173 1324 1212 1561 1877 547 1054 1539 505 1512 0 539 1242 1044 1610 1100 1595 1227 2267 807 1666 1548 1689 809 1094 897 1471 1554 626 977 773 1272 1028 1802 1031 823 214 1714 50 983 1367 1480 1526 1679 1267 943 1186 1328
514 1989 1444 2100 719 1970 1014 1922 1132 1310 1849 1819 1538 1403 892 1689 1072 1068 1534 758 1128 2210 418 1160 2176 2067 2263 1776 392 561 1288 1909 841 2135 1046 1426 340 1735 1069 953 1540 1318 1758 1988 127 2267 316 2153 173 2198 1757 1696 1617 1620 1656 1935 2322 991 1498 1983 949 1957 539 0 1687 1417 2055 1045 2039 1478 2711 1251 2110 1992 2133 1254 1538 1147 1916 1999 571 1302 1044 1716 973 2247 1475 1268 581 2158 565 1428 1811 1925 1970 2124 1711 508 1631 1153
1438 1794 767 638 2010 1156 928 1202 883 1316 434 1429 976 1434 873 781 1020 716 1250 976 808 1521 1269 828 1679 1098 784 974 1806 1971 654 1710 945 2140 927 1430 1347 1079 1028 1893 396 1322 1102 1269 1773 1993 1370 1536 1784 760 1761 1492 898 1043 1660 1279 847 988 1303 1788 946 1762 1242 1687 0 762 1860 1792 1807 974 1476 1255 730 1996 753 659 819 841 1196 1804 1489 696 798 29 1269 2052 796 1272 1428 1439 1264 542 456 1206 932 1929 1716 1921 1635 2052
1070 1794 911 1176 1473 1313 731 1265 686 779 925 1492 294 1236 674 844 484 524 1278 777 611 1584 1070 291 1742 884 1342 1120 1302 1443 651 1715 589 1941 730 1232 1148 552 829 1356 659 1123 575 1332 1437 2056 1172 1009 1434 1274 1563 1502 961 515 1462 752 1399 789 1304 1789 747 1762 1044 1417 762 0 1860 1255 1845 367 1976 1057 1230 1797 1253 602 882 304 1259 1804 1028 159 442 792 732 2052 879 1073 1147 1502 1065 516 930 1268 968 1929 1517 1418 1436 1516
2063 134 1462 2211 2627 1730 1234 1683 1382 2414 2009 787 2074 1346 1196 1410 2118 1433 1177 1408 1472 1395 1637 1926 1236 2472 2241 1537 2364 2494 1660 834 1952 2051 1289 1342 1714 2177 1236 2595 1509 1234 2200 1749 2141 577 1738 2634 2152 2333 1673 630 1378 2141 1572 2377 2304 1169 968 153 1136 476 1610 2055 1860 1860 0 2587 350 2072 2472 1269 2079 1246 2102 1625 1299 1939 1677 143 2113 1794 1848 1830 2367 1078 1430 1285 1795 1524 1631 1783 1780 1686 2314 364 1479 2458 1546 2815
656 2521 1941 2205 631 2343 1547 2295 1648 920 1954 2352 1414 1935 1425 1873 847 1536 2067 1224 1596 2614 1132 1021 2708 1917 2372 2150 760 668 1681 2441 1057 2668 1578 1958 1133 1585 1601 222 1689 1850 1608 2362 1002 2799 1121 1919 957 2304 2289 2229 1991 1391 2189 1786 2429 1524 2031 2516 1482 2489 1100 1045 1792 1255 2587 0 2572 1354 3006 1784 2259 2524 2282 1632 1912 1023 2289 2531 604 1164 1272 1822 571 2779 1909 1800 950 2531 1050 1546 1960 2298 2075 2656 2244 685 2163 260
2048 267 1409 2158 2611 1677 1219 1629 1367 2399 1955 619 2059 1331 1181 1356 2103 1418 1161 1393 1456 1227 1622 1911 1067 2419 2188 1484 2349 2479 1621 819 1937 2036 1274 1327 1699 2162 1221 2580 1456 1218 2185 1649 2126 246 1723 2619 2137 2280 1658 615 1325 2125 1557 2362 2251 1153 924 309 1121 615 1595 2039 1807 1845 350 2572 0 2057 2419 1253 2026 1321 2049 1610 1246 1924 1614 261 2098 1779 1833 1777 2352 1152 1377 1270 1780 1355 1616 1732 1727 1633 2260 494 1554 2443 1531 2800
1142 2006 1123 1387 1571 1525 943 1477 898 673 1136 1704 136 1447 886 1055 582 736 1490 989 823 1796 1282 346 1954 702 1554 1332 1401 1541 863 1926 648 2153 942 1443 1360 370 1041 1454 871 1335 393 1544 1498 2268 1384 827 1515 1486 1774 1714 1173 235 1674 570 1610 1001 1516 2000 959 1974 1227 1478 974 367 2072 1354 2057 0 2188 1269 1441 2009 1464 814 1094 333 1471 2016 1127 384 655 1004 831 2264 1091 1285 1208 1713 1239 728 1142 1480 995 2141 1729 1516 1648 1614
2651 2406 1716 1308 3223 1006 1778 1069 1628 2529 1206 1858 2190 2233 1824 1442 2234 1789 1863 2056 1761 1268 2293 2041 1474 2115 1180 1186 3013 3150 1720 2323 2158 2938 1755 2229 2371 2292 1874 3106 1336 2121 2315 914 2797 2606 2395 2750 2809 1430 2560 2104 1311 2256 2459 2493 1244 1859 1915 2401 1839 2374 2267 2711 1476 1976 2472 3006 2419 2188 0 2153 768 2795 723 1791 1232 2054 841 2416 2702 1909 2011 1461 2482 2664 1686 2170 2452 1165 2288 1835 1073 1072 1932 2541 2514 3115 2433 3266
1259 1202 861 1669 1823 1412 431 1364 579 1610 1418 1033 1271 523 392 1093 1315 629 884 605 668 1440 834 1122 1389 1697 1826 1218 1561 1690 856 821 1149 1266 486 546 911 1373 434 1792 1077 438 1396 1431 1337 1481 935 1831 1349 1767 887 910 1059 1337 777 1574 1886 367 712 1197 332 1171 807 1251 1255 1057 1269 1784 1253 1269 2153 0 1664 965 1687 822 981 1135 1358 1213 1310 990 1045 1285 1563 1246 891 61 992 1553 828 996 1365 1367 1539 1338 830 1655 761 2012
1905 2013 976 562 2477 916 1271 979 1193 1783 460 1648 1443 1840 1298 1000 1488 1057 1470 1399 1143 1178 1693 1295 1384 1369 434 998 2273 2438 974 1930 1412 2545 1269 1836 1770 1546 1352 2360 589 1728 1569 824 2197 2213 1794 2003 2208 684 2167 1711 1117 1510 2066 1747 498 1356 1523 2008 1346 1981 1666 2110 730 1230 2079 2259 2026 1441 768 1664 0 2402 46 1045 1039 1308 751 2023 1956 1163 1265 715 1736 2271 1006 1681 1851 1075 1687 1089 327 982 1186 2148 2121 2388 2041 2520
2000 1180 1602 2409 2564 2053 1172 2005 1319 2351 2158 1672 2011 840 1133 1732 2055 1370 1141 1345 1409 2080 1574 1863 2029 2438 2563 1860 2301 2431 1597 657 1889 1104 1226 828 1652 2114 1173 2533 1818 819 2137 2072 2078 1548 1675 2571 2089 2508 707 834 1701 2078 746 2314 2626 1106 1056 1175 1073 876 1548 1992 1996 1797 1246 2524 1321 2009 2795 965 2402 0 2425 1562 1622 1876 1999 1190 2051 1731 1786 2026 2304 283 1632 1009 1733 2192 1569 1737 2103 2008 2279 1134 403 2396 617 2752
1928 2036 999 585 2500 871 1294 934 1216 1806 483 1671 1466 1863 1321 1023 1511 1080 1493 1423 1166 1133 1716 1318 1339 1392 457 1021 2296 2461 997 1953 1435 2568 1292 1859 1793 1569 1375 2383 613 1751 1592 779 2220 2236 1817 2026 2231 707 2190 1734 1140 1533 2089 1770 521 1379 1546 2031 1369 2004 1689 2133 753 1253 2102 2282 2049 1464 723 1687 46 2425 0 1068 1062 1331 706 2046 1979 1186 1288 738 1759 2294 1029 1704 1874 1029 1710 1112 350 937 1209 2171 2144 2411 2064 2543
1197 1559 590 1120 1768 1136 431 1088 367 1156 902 1314 816 1001 441 666 860 201 960 543 293 1407 836 668 1565 1187 1206 942 1541 1693 197 1480 772 1706 413 997 913 919 539 1721 474 888 942 1155 1340 1837 937 1376 1351 1242 1328 1267 783 882 1227 1119 1270 517 1069 1554 503 1527 809 1254 659 602 1625 1632 1610 814 1791 822 1045 1562 1068 0 704 681 1082 1569 1248 536 626 689 1109 1817 620 838 994 1324 830 393 745 1091 1029 1694 1282 1655 1201 1892
1538 1233 498 1171 2106 490 605 415 455 1436 968 868 1096 1060 651 256 1140 616 690 883 588 722 1121 948 877 1431 1200 281 1848 1977 634 1150 1064 1765 582 1056 1198 1199 701 2012 468 948 1222 509 1624 1433 1222 1656 1636 1293 1387 931 91 1162 1286 1399 1264 686 743 1228 666 1201 1094 1538 819 882 1299 1912 1246 1094 1232 981 1039 1622 1062 704 0 960 437 1243 1589 816 917 790 1389 1491 467 997 1279 679 1115 744 739 429 1273 1368 1341 1942 1261 2172
811 1873 989 1254 1241 1392 810 1344 765 547 1003 1570 393 1314 752 922 252 603 1357 856 690 1663 1003 16 1821 961 1420 1198 1070 1211 730 1793 318 2019 809 1310 1070 629 908 1124 738 1202 652 1411 1168 2135 1093 1086 1185 1352 1641 1580 1039 501 1540 829 1477 868 1382 1867 826 1841 897 1147 841 304 1939 1023 1924 333 2054 1135 1308 1876 1331 681 960 0 1338 1883 796 213 402 870 500 2131 957 1152 877 1580 909 594 1009 1347 1124 2008 1595 1186 1515 1284
1915 1610 923 1291 2484 271 982 322 833 1813 1157 1017 1473 1437 1028 646 1517 993 1067 1261 965 427 1498 1325 633 1808 1163 452 2225 2355 1011 1527 1442 2143 959 1433 1576 1576 1079 2389 846 1325 1599 73 2002 1801 1599 2033 2013 1413 1764 1308 515 1540 1663 1776 1227 1063 1120 1605 1044 1579 1471 1916 1196 1259 1677 2289 1614 1471 841 1358 751 1999 706 1082 437 1338 0 1621 1966 1193 1295 1167 1766 1868 891 1374 1657 324 1492 1122 929 325 1650 1746 1719 2320 1638 2549
