NAME: zurich_100_14
COMMENT: TSP instance with 100 nodes. City: Zurich, Switzerland, Seed: 56
TYPE: TSP
DIMENSION: 100
EDGE_WEIGHT_TYPE: EXPLICIT
EDGE_WEIGHT_FORMAT: FULL_MATRIX
NODE_COORD_SECTION:
1 47.4954531 8.7327103
2 47.3414143 8.5304866
3 47.5348682 8.5708697
4 47.2158528 8.6636776
5 47.4967108 8.2768107
6 47.5233389 8.5462747
7 47.3531286 8.3077043
8 47.48109 8.4916048
9 47.2094832 8.5435127
10 47.2696936 8.4289019
11 47.3761441 8.5376144
12 47.3928899 8.621604
13 47.4117487 8.447365
14 47.2319777 8.6643348
15 47.436311 8.2914018
16 47.4076554 8.5318587
17 47.4114969 8.6361835
18 47.2217521 8.6866839
19 47.2005551 8.7716559
20 47.4575162 8.7715639
21 47.4676543 8.313638
22 47.5210867 8.5473415
23 47.5476878 8.2907489
24 47.5290786 8.4604704
25 47.2722984 8.4391301
26 47.2523247 8.774813
27 47.4984279 8.2821963
28 47.4138793 8.6422355
29 47.4085993 8.5258061
30 47.4231216 8.3677158
31 47.2088397 8.2958798
32 47.361831 8.7191495
33 47.3292903 8.7841021
34 47.3463134 8.5697419
35 47.421886 8.3731767
36 47.3705994 8.3421818
37 47.5081229 8.7721782
38 47.2300329 8.6738284
39 47.3429054 8.6009859
40 47.3642921 8.5461677
41 47.3819467 8.4836377
42 47.541792 8.4754316
43 47.4290072 8.3596144
44 47.2603381 8.5895265
45 47.3885678 8.3302707
46 47.3846608 8.5296022
47 47.4428772 8.386181
48 47.3079676 8.3220656
49 47.2854941 8.6262053
50 47.2752516 8.3297791
51 47.3001607 8.6344362
52 47.3584926 8.4478552
53 47.4337793 8.3463507
54 47.2289408 8.6726133
55 47.4917311 8.7354934
56 47.298517 8.7441086
57 47.515927 8.6952522
58 47.228878 8.3897204
59 47.4976688 8.5500714
60 47.299987 8.6221679
61 47.3076576 8.3242673
62 47.1972378 8.7983516
63 47.5088029 8.7214279
64 47.3334651 8.5726545
65 47.3796343 8.5189619
66 47.2546491 8.4913883
67 47.2630684 8.5885842
68 47.4807333 8.4895089
69 47.4742271 8.2881239
70 47.4989087 8.6080564
71 47.4110772 8.5327586
72 47.2552492 8.3738704
73 47.1946776 8.3902301
74 47.5091536 8.36716
75 47.2781413 8.5771532
76 47.2770245 8.409643
77 47.4239467 8.3690678
78 47.534994 8.5674644
79 47.420319 8.5562339
80 47.2575492 8.5932496
81 47.3744097 8.5564125
82 47.2900619 8.6055451
83 47.4834599 8.4552115
84 47.3539237 8.7162479
85 47.3807132 8.6774446
86 47.3730473 8.5365181
87 47.273975 8.7197786
88 47.5270394 8.5793994
89 47.4780095 8.3011482
90 47.406175 8.5730273
91 47.4182601 8.3791827
92 47.380678 8.5965188
93 47.4135543 8.44868
94 47.4718426 8.5147296
95 47.2921992 8.7022711
96 47.4325706 8.6690961
97 47.3582597 8.7310633
98 47.5265666 8.4401265
99 47.3553195 8.4425472
100 47.4067172 8.5414812
EDGE_WEIGHT_SECTION:
0 1471 1016 2021 2045 1159 2055 1381 2397 1907 1124 887 1314 2063 1953 1047 655 2198 2595 431 1760 1139 2419 1648 1876 1919 2073 689 1079 1530 3123 1028 1263 1448 1490 2004 310 2112 1452 1204 1357 1639 1614 1968 2090 1086 1612 2324 1855 2516 1697 1628 1685 2116 34 1437 328 2397 1243 1762 2340 2724 180 1513 1195 2219 1943 1398 1890 1037 1049 2271 2903 1984 1808 2032 1521 1044 983 1954 1190 1909 1470 1041 890 1137 1659 934 1843 912 1453 957 1268 1251 1600 637 990 1782 1612 996
1471 0 1549 701 1558 1326 1008 1323 1077 728 377 967 915 743 1425 684 922 878 1275 1697 1273 1307 2011 1628 697 1785 1586 956 714 1043 1944 1295 1530 570 1003 957 1747 792 772 326 583 1619 1127 647 1071 498 1125 1278 1182 1377 1143 672 1198 796 1472 1352 1393 1218 1244 1108 1294 1404 1487 635 430 962 623 1340 1403 1399 720 1092 1724 1824 488 853 1034 1582 788 634 434 1031 1375 1308 1157 352 1373 1506 1355 773 966 701 925 1193 1266 1162 1257 1762 573 714
1016 1549 0 2099 1924 317 2042 790 2476 1957 1202 1145 1302 2141 1941 1111 1058 2276 2673 1436 1718 297 1759 806 1926 2322 1926 1092 1157 1518 3173 1431 1666 1526 1477 1991 1206 2191 1664 1282 1435 797 1602 2046 2077 1165 1479 2312 2089 2503 1931 1616 1672 2194 1049 1841 730 2447 558 1996 2328 2802 929 1592 1273 2268 2021 807 1877 446 1084 2321 2953 1324 1886 2082 1508 87 878 2033 1269 1987 864 1444 1293 1216 2062 100 1830 1042 1440 1191 1255 677 1978 1021 1393 940 1599 1074
2021 701 2099 0 2044 1876 1494 1873 746 1213 919 1558 1400 246 1910 1228 1472 282 721 2247 1759 1857 2496 2178 1183 2425 2072 1506 1253 1529 2429 1845 2080 1210 1488 1443 2298 203 1412 966 1097 2170 1613 443 1556 1040 1611 1763 1823 1863 1783 1158 1683 201 2022 1992 1943 1564 1794 1748 1779 850 2037 1276 943 1060 473 1891 1888 1949 1264 1577 2078 2309 600 1338 1519 2132 1338 400 1074 1671 1901 1858 1707 902 2014 2056 1841 1324 1451 1342 1412 1743 1906 1713 1807 2306 1059 1264
2045 1558 1924 2044 0 1682 1446 1351 2346 1544 1372 1583 1120 2086 642 1299 1496 2221 2618 2271 410 1662 833 1432 1514 2761 57 1531 1285 758 2761 1869 2104 1696 772 1160 2322 2135 1890 1452 1184 1554 763 1990 1008 1281 880 1776 2309 2091 2261 1203 702 2138 2047 2279 1968 2035 1727 2234 1792 2747 2061 1762 1239 1856 1965 1349 477 1882 1290 1908 2540 758 1830 1670 749 1961 1349 1977 1535 2157 1150 1882 1731 1368 2489 1934 298 1496 825 1629 1101 1552 2384 1737 1831 1309 1187 1370
1159 1326 317 1876 1682 0 1819 548 2253 1734 979 922 1079 1918 1718 888 835 2053 2450 1579 1475 20 1516 543 1703 2100 1684 869 934 1295 2950 1208 1443 1303 1254 1768 1350 1968 1441 1059 1212 534 1379 1823 1854 942 1237 2089 1866 2280 1708 1393 1449 1971 1192 1618 873 2224 342 1773 2105 2579 1072 1369 1050 2045 1798 565 1654 528 861 2098 2730 1081 1663 1859 1285 345 656 1810 1046 1764 621 1221 1070 993 1839 306 1606 819 1217 968 1032 461 1755 1041 1170 677 1376 851
2055 1008 2042 1494 1446 1819 0 1487 1796 934 1086 1592 986 1536 815 1309 1506 1671 2068 2281 1204 1799 1899 1889 964 2592 1475 1540 1295 1063 1567 1879 2114 1376 1022 351 2331 1585 1579 1133 1053 1967 1115 1440 464 1207 1197 505 1989 832 1950 754 1194 1589 2056 2159 1977 1024 1736 1914 521 2197 2071 1442 1110 1292 1415 1504 1243 1892 1299 827 1425 1712 1280 924 1053 2075 1358 1427 1241 1838 1487 1891 1741 1069 2180 1999 1244 1475 989 1508 998 1563 2073 1746 1841 1893 654 1380
1381 1323 790 1873 1351 548 1487 0 2203 1402 976 919 747 1915 1300 717 832 2050 2447 1607 1051 528 1185 463 1371 2097 1353 867 703 963 2618 1205 1440 1300 922 1436 1658 1965 1438 1056 930 540 1047 1820 1522 939 813 1757 1863 1948 1705 1061 1117 1968 1383 1615 1304 1892 496 1770 1773 2576 1397 1366 1010 1714 1795 19 1231 863 707 1766 2398 750 1660 1527 953 828 638 1807 1043 1761 212 1218 1067 990 1836 800 1184 803 885 965 700 204 1752 1073 1167 539 1044 788
2397 1077 2476 746 2346 2253 1796 2203 0 906 1296 1935 1702 843 2213 1605 1848 978 1393 2623 2061 2233 2799 2555 858 2801 2374 1883 1629 1831 1981 2221 2457 1586 1791 1745 2674 892 1788 1343 1473 2546 1915 783 1859 1417 1913 1669 2199 1555 2160 1446 1985 896 2399 2368 2320 1110 2170 2124 1685 1522 2413 1652 1320 718 812 2221 2191 2325 1641 1180 1624 2612 939 1031 1822 2508 1714 740 1450 2048 2203 2234 2084 1279 2390 2433 2143 1700 1753 1718 1714 2120 2283 2089 2183 2609 1351 1641
1907 728 1957 1213 1544 1734 934 1402 906 0 805 1444 901 1255 1408 1114 1358 1390 1787 2133 1259 1714 1997 1804 74 2311 1573 1392 1139 1029 1239 1731 1966 1096 989 941 2184 1304 1298 852 955 1882 1113 1160 1054 926 1111 763 1709 650 1670 649 1184 1308 1908 1878 1829 513 1651 1634 779 1916 1923 1162 830 417 1135 1419 1389 1806 1150 387 1018 1810 1000 125 1020 1989 1224 1146 960 1557 1402 1744 1593 788 1900 1914 1342 1210 952 1228 912 1478 1792 1599 1693 1808 550 1151
1124 377 1202 919 1372 979 1086 976 1296 805 0 661 666 961 1281 337 575 1096 1493 1350 1088 959 1825 1281 775 1567 1401 609 367 858 2022 948 1183 407 817 1035 1400 1010 554 163 364 1272 942 866 1148 182 939 1356 1019 1455 926 604 1012 1014 1125 1134 1046 1296 897 945 1371 1622 1140 472 176 1117 841 993 1217 1052 373 1169 1801 1541 706 931 848 1235 441 852 195 868 1028 960 810 55 1156 1159 1170 426 780 462 678 846 1048 815 910 1415 649 367
887 967 1145 1558 1583 922 1592 919 1935 1444 661 0 852 1600 1491 584 243 1735 2132 1110 1298 902 1956 1224 1414 1441 1611 277 616 1068 2661 590 825 835 1028 1541 1164 1650 605 684 894 1215 1152 1505 1627 624 1149 1862 1008 2053 850 1166 1222 1653 889 999 810 1935 839 915 1878 2261 903 832 732 1756 1480 936 1428 994 586 1809 2441 1521 1345 1570 1058 1177 469 1492 561 1092 1008 602 433 675 1030 1102 1380 385 990 305 805 789 897 565 552 1358 1149 533
1314 915 1302 1400 1120 1079 986 747 1702 901 666 852 0 1442 1028 568 765 1577 1974 1540 835 1059 1573 1148 870 2030 1148 800 554 522 2117 1138 1374 989 482 935 1591 1491 1183 746 402 1226 583 1347 1049 575 566 1256 1602 1447 1555 519 653 1495 1316 1548 1237 1391 996 1527 1272 2103 1330 1055 532 1213 1322 764 965 1151 559 1265 1897 1260 1187 1026 513 1334 618 1333 827 1451 747 1151 1001 661 1769 1259 917 765 448 898 52 822 1674 1006 1100 1152 543 639
2063 743 2141 246 2086 1918 1536 1915 843 1255 961 1600 1442 0 1952 1271 1514 161 714 2289 1801 1899 2538 2220 1225 2467 2114 1549 1295 1571 2472 1887 2122 1252 1530 1485 2340 75 1454 1008 1139 2212 1655 486 1598 1082 1653 1806 1865 1905 1826 1200 1725 78 2065 2034 1985 1660 1836 1790 1821 843 2079 1318 986 1157 515 1933 1931 1991 1307 1619 2174 2352 642 1380 1561 2174 1380 443 1116 1713 1943 1900 1749 944 2056 2099 1883 1366 1493 1384 1454 1786 1948 1755 1849 2348 1101 1307
1953 1425 1941 1910 642 1718 815 1300 2213 1408 1281 1491 1028 1952 0 1207 1404 2087 2484 2179 399 1698 1094 1559 1380 2669 670 1439 1193 666 2225 1777 2013 1604 663 550 2230 2002 1798 1360 1092 1659 671 1857 398 1190 793 1145 2217 1503 2169 1111 615 2005 1955 2187 1876 1664 1635 2142 1161 2613 1969 1670 1147 1709 1832 1298 439 1790 1198 1467 2066 908 1697 1414 657 1973 1257 1844 1443 2065 1200 1790 1640 1276 2397 1898 439 1404 733 1537 1009 1461 2292 1645 1739 1459 1065 1278
1047 684 1111 1228 1299 888 1309 717 1605 1114 337 584 568 1271 1207 0 498 1405 1802 1273 1015 868 1665 1119 1084 1762 1328 532 110 785 2331 871 1106 656 744 1258 1323 1320 793 412 481 1181 869 1175 1344 266 808 1579 1268 1743 1165 788 939 1323 1048 1280 969 1605 805 1193 1594 1931 1063 721 320 1426 1150 734 1144 960 50 1479 2111 1231 1015 1240 775 1144 235 1162 387 1117 717 883 733 351 1395 1068 1097 335 707 588 522 669 1287 738 833 1123 866 123
655 922 1058 1472 1496 835 1506 832 1848 1358 575 243 765 1514 1404 498 0 1649 2046 881 1211 816 1870 1137 1328 1303 1525 45 530 981 2575 411 646 899 941 1455 932 1563 822 655 808 1128 1065 1419 1541 537 1063 1775 1226 1967 1068 1079 1136 1567 656 821 577 1849 753 1133 1791 2175 671 964 646 1670 1394 849 1341 908 500 1722 2354 1435 1259 1483 972 1091 434 1405 642 1310 922 424 273 588 1042 1015 1294 364 904 408 719 702 984 333 373 1271 1063 447
2198 878 2276 282 2221 2053 1671 2050 978 1390 1096 1735 1577 161 2087 1405 1649 0 553 2424 1936 2034 2673 2355 1360 2602 2249 1683 1430 1706 2607 2022 2257 1387 1665 1620 2475 91 1589 1143 1274 2347 1790 614 1733 1217 1788 1940 2000 2040 1961 1335 1860 115 2199 2169 2120 1795 1971 1925 1956 682 2214 1453 1121 1292 617 2068 2066 2126 1441 1754 2309 2487 749 1515 1696 2309 1515 575 1251 1848 2078 2035 1884 1079 2191 2234 2018 1501 1628 1519 1589 1921 2083 1890 1984 2483 1236 1442
2595 1275 2673 721 2618 2450 2068 2447 1393 1787 1493 2132 1974 714 2484 1802 2046 553 0 2821 2333 2431 3070 2752 1757 2999 2646 2080 1827 2103 3004 2419 2654 1784 2062 2017 2872 644 1986 1540 1671 2744 2187 1017 2130 1614 2185 2337 2397 2437 2358 1732 2257 668 2596 2566 2517 2210 2368 2322 2353 211 2611 1850 1517 1707 1047 2465 2462 2523 1838 2151 2725 2883 1174 1912 2093 2706 1912 974 1648 2245 2475 2432 2281 1476 2588 2630 2415 1898 2025 1916 1986 2317 2480 2287 2381 2880 1633 1838
431 1697 1436 2247 2271 1579 2281 1607 2623 2133 1350 1110 1540 2289 2179 1273 881 2424 2821 0 1986 1559 2645 1912 2102 1705 2299 915 1305 1756 3349 831 1015 1663 1716 2230 527 2338 1446 1430 1583 1903 1840 2194 2316 1312 1838 2550 1725 2742 1567 1854 1911 2342 409 1243 747 2623 1527 1632 2566 2950 582 1674 1421 2445 2169 1624 2116 1432 1275 2497 3129 2210 2034 2258 1747 1464 1209 2180 1416 1810 1696 843 810 1363 1464 1354 2068 1138 1679 1183 1494 1477 1396 775 782 2046 1838 1222
1760 1273 1718 1759 410 1475 1204 1051 2061 1259 1088 1298 835 1801 399 1015 1211 1936 2333 1986 0 1456 801 1289 1229 2476 438 1246 1000 473 2476 1584 1820 1411 487 917 2037 1850 1605 1167 899 1410 440 1705 766 997 544 1534 2024 1806 1977 918 356 1854 1762 1994 1683 1750 1442 1949 1549 2462 1776 1477 954 1571 1680 1049 254 1597 1005 1624 2256 615 1545 1385 464 1752 1064 1692 1250 1873 952 1597 1447 1083 2204 1697 207 1211 540 1345 816 1226 2099 1452 1546 1166 902 1085
1139 1307 297 1857 1662 20 1799 528 2233 1714 959 902 1059 1899 1698 868 816 2034 2431 1559 1456 0 1497 523 1684 2080 1664 850 915 1275 2931 1189 1424 1283 1235 1749 1330 1948 1421 1040 1193 514 1359 1803 1834 922 1217 2069 1847 2260 1688 1373 1430 1952 1173 1598 854 2205 323 1753 2085 2560 1053 1349 1031 2026 1778 545 1634 508 841 2078 2710 1062 1643 1839 1266 325 636 1790 1026 1745 602 1201 1051 973 1819 286 1587 800 1197 949 1013 441 1736 1021 1151 657 1357 831
2419 2011 1759 2496 833 1516 1899 1185 2799 1997 1825 1956 1573 2538 1094 1665 1870 2673 3070 2645 801 1497 0 1267 1966 3134 835 1904 1651 1210 3214 2243 2478 2149 1224 1613 2695 2588 2342 1905 1637 1388 1190 2443 1461 1734 1272 2229 2762 2543 2714 1656 1106 2591 2420 2652 2334 2488 1607 2687 2245 3199 2435 2215 1691 2309 2418 1184 941 1974 1656 2361 2993 592 2283 2122 1201 1796 1722 2430 1988 2610 984 2255 2105 1821 2874 1769 783 1870 1278 2003 1553 1387 2790 2110 2205 1143 1639 1736
1648 1628 806 2178 1432 543 1889 463 2555 1804 1281 1224 1148 2220 1559 1119 1137 2355 2752 1912 1289 523 1267 0 1773 2401 1434 1171 1105 1353 3020 1510 1745 1605 1324 1838 1839 2270 1743 1361 1321 160 1383 2125 1911 1244 1118 2159 2168 2350 2010 1462 1451 2273 1667 1920 1363 2294 719 2075 2174 2881 1562 1671 1352 2115 2100 480 1437 1017 1109 2168 2800 832 1965 1929 1344 834 957 2112 1348 2066 502 1523 1372 1295 2141 795 1370 1121 1287 1270 1102 556 2057 1343 1472 173 1446 1140
1876 697 1926 1183 1514 1703 964 1371 858 74 775 1414 870 1225 1380 1084 1328 1360 1757 2102 1229 1684 1966 1773 0 2280 1542 1362 1108 999 1291 1700 1936 1065 959 913 2153 1274 1267 822 924 1851 1083 1129 1026 896 1081 837 1678 724 1639 619 1153 1278 1878 1848 1799 565 1621 1603 853 1886 1893 1131 799 343 1104 1388 1359 1776 1120 438 1070 1780 969 200 989 1959 1194 1116 929 1527 1371 1713 1563 758 1869 1883 1311 1179 921 1197 882 1447 1762 1568 1663 1777 519 1120
1919 1785 2322 2425 2761 2100 2592 2097 2801 2311 1567 1441 2030 2467 2669 1762 1303 2602 2999 1705 2476 2080 3134 2401 2280 0 2789 1324 1794 2246 3528 1025 696 1347 2205 2541 2196 2516 1091 1461 1891 2393 2330 2372 2654 1694 2327 2861 997 2961 958 2130 2400 2520 1921 596 1842 2801 2017 1023 2877 3128 1935 1344 1714 2623 2347 2114 2606 2172 1764 2675 3307 2699 2212 2436 2236 2355 1699 2358 1528 1112 2186 964 1128 1568 464 2280 2558 1628 2168 1555 1983 1967 641 1593 978 2536 2157 1711
2073 1586 1926 2072 57 1684 1475 1353 2374 1573 1401 1611 1148 2114 670 1328 1525 2249 2646 2299 438 1664 835 1434 1542 2789 0 1559 1314 786 2789 1897 2133 1724 800 1188 2350 2163 1918 1481 1212 1556 792 2018 1036 1310 908 1804 2337 2119 2290 1231 730 2167 2075 2307 1996 2063 1755 2262 1820 2775 2089 1790 1267 1884 1994 1351 505 1910 1318 1937 2569 760 1859 1698 777 1964 1377 2005 1563 2186 1152 1910 1760 1396 2517 1936 327 1524 853 1658 1129 1554 2412 1765 1860 1311 1215 1398
689 956 1092 1506 1531 869 1540 867 1883 1392 609 277 800 1549 1439 532 45 1683 2080 915 1246 850 1904 1171 1362 1324 1559 0 564 1016 2609 432 668 933 975 1489 966 1598 856 689 842 1163 1100 1453 1575 572 1097 1810 1259 2001 1101 1114 1170 1601 691 842 612 1883 787 1166 1826 2209 705 999 680 1704 1428 884 1375 935 534 1757 2389 1469 1293 1518 1006 1125 469 1440 676 1344 956 445 295 623 1063 1050 1328 398 938 443 753 737 1005 329 394 1306 1097 481
1079 714 1157 1253 1285 934 1295 703 1629 1139 367 616 554 1295 1193 110 530 1430 1827 1305 1000 915 1651 1105 1108 1794 1314 564 0 770 2355 903 1138 685 730 1244 1355 1344 823 442 505 1183 854 1199 1330 290 794 1564 1298 1752 1195 812 925 1348 1080 1312 1001 1629 852 1223 1580 1956 1095 751 344 1450 1174 720 1130 1007 110 1503 2135 1216 1039 1264 761 1190 299 1186 417 1147 703 916 765 381 1425 1114 1083 381 693 618 508 731 1317 770 865 1109 852 188
1530 1043 1518 1529 758 1295 1063 963 1831 1029 858 1068 522 1571 666 785 981 1706 2103 1756 473 1275 1210 1353 999 2246 786 1016 770 0 2246 1354 1590 1181 43 796 1807 1620 1375 937 669 1431 113 1475 644 767 457 1374 1794 1576 1747 688 183 1624 1532 1764 1453 1520 1212 1719 1390 2232 1546 1247 724 1341 1450 980 602 1367 775 1394 2026 1023 1315 1155 16 1550 834 1462 1020 1643 949 1367 1217 853 1974 1475 555 981 115 1115 503 1039 1869 1222 1316 1355 672 855
3123 1944 3173 2429 2761 2950 1567 2618 1981 1239 2022 2661 2117 2472 2225 2331 2575 2607 3004 3349 2476 2931 3214 3020 1291 3528 2789 2609 2355 2246 0 2948 3183 2312 2206 1758 3400 2521 2514 2069 2171 3098 2330 2376 1871 2143 2328 1144 2925 869 2886 1866 2400 2525 3125 3095 3046 871 2868 2850 1163 3133 3140 2378 2046 1536 2351 2635 2606 3023 2367 868 937 3027 2216 1229 2236 3206 2441 2363 2176 2774 2618 2960 2810 2005 3116 3130 2558 2426 2168 2444 2129 2694 3009 2815 2910 3024 1766 2367
1028 1295 1431 1845 1869 1208 1879 1205 2221 1731 948 590 1138 1887 1777 871 411 2022 2419 831 1584 1189 2243 1510 1700 1025 1897 432 903 1354 2948 0 382 1106 1314 1828 1304 1936 876 1028 1181 1501 1438 1792 1914 910 1436 2148 992 2340 834 1452 1509 1940 1029 543 950 2222 1126 899 2164 2548 1044 1103 1019 2043 1767 1222 1714 1281 873 2095 2727 1808 1632 1856 1345 1464 807 1778 1014 1076 1294 107 237 961 746 1388 1667 737 1277 781 1092 1075 664 701 84 1644 1436 820
1263 1530 1666 2080 2104 1443 2114 1440 2457 1966 1183 825 1374 2122 2013 1106 646 2257 2654 1015 1820 1424 2478 1745 1936 696 2133 668 1138 1590 3183 382 0 1297 1549 2063 1533 2171 1041 1263 1416 1737 1674 2027 2149 1146 1671 2384 1108 2575 950 1688 1744 2175 1265 450 1186 2457 1361 1015 2400 2783 1279 1294 1254 2278 2002 1458 1949 1516 1108 2330 2962 2043 1867 2092 1580 1699 1043 2013 1250 1193 1530 414 472 1197 610 1623 1902 972 1512 1017 1327 1310 651 936 322 1880 1671 1055
1448 570 1526 1210 1696 1303 1376 1300 1586 1096 407 835 989 1252 1604 656 899 1387 1784 1663 1411 1283 2149 1605 1065 1347 1724 933 685 1181 2312 1106 1297 0 1141 1326 1724 1301 334 244 676 1596 1265 1156 1439 535 1263 1646 740 1746 703 914 1336 1305 1449 914 1370 1586 1220 638 1662 1913 1464 167 499 1408 1132 1317 1541 1376 692 1460 2092 1859 997 1221 1172 1559 763 1143 394 588 1346 1113 869 372 936 1483 1493 750 1104 637 1001 1170 828 1139 1068 1738 941 691
1490 1003 1477 1488 772 1254 1022 922 1791 989 817 1028 482 1530 663 744 941 1665 2062 1716 487 1235 1224 1324 959 2205 800 975 730 43 2206 1314 1549 1141 0 755 1767 1580 1334 897 629 1402 127 1435 604 726 416 1334 1754 1535 1706 648 197 1583 1491 1724 1412 1480 1172 1679 1350 2191 1506 1207 683 1301 1410 940 616 1327 734 1353 1985 1037 1275 1114 34 1510 794 1422 980 1602 922 1327 1176 813 1934 1434 569 941 75 1074 462 998 1829 1182 1276 1328 631 815
2004 957 1991 1443 1160 1768 351 1436 1745 941 1035 1541 935 1485 550 1258 1455 1620 2017 2230 917 1749 1613 1838 913 2541 1188 1489 1244 796 1758 1828 2063 1326 755 0 2280 1534 1528 1082 1002 1916 803 1389 152 1156 1146 678 1939 1037 1899 703 888 1538 2005 2108 1926 1198 1686 1864 694 2146 2020 1391 1059 1233 1364 1453 957 1841 1248 1001 1599 1426 1229 902 786 2024 1308 1376 1190 1787 1436 1841 1690 1018 2129 1948 957 1424 826 1457 947 1512 2022 1696 1790 1842 603 1329
310 1747 1206 2298 2322 1350 2331 1658 2674 2184 1400 1164 1591 2340 2230 1323 932 2475 2872 527 2037 1330 2695 1839 2153 2196 2350 966 1355 1807 3400 1304 1533 1724 1767 2280 0 2389 1728 1480 1634 1830 1891 2244 2366 1363 1888 2601 2132 2792 1974 1905 1961 2393 338 1714 534 2674 1434 2039 2617 3001 408 1790 1471 2495 2219 1675 2167 1227 1325 2548 3180 2260 2084 2309 1798 1234 1260 2231 1467 2185 1747 1317 1167 1414 1935 1124 2119 1189 1729 1234 1544 1528 1877 913 1267 1973 1888 1272
2112 792 2191 203 2135 1968 1585 1965 892 1304 1010 1650 1491 75 2002 1320 1563 91 644 2338 1850 1948 2588 2270 1274 2516 2163 1598 1344 1620 2521 1936 2171 1301 1580 1534 2389 0 1503 1057 1188 2261 1704 524 1647 1131 1702 1855 1914 1954 1875 1249 1774 32 2114 2083 2035 1709 1885 1839 1871 773 2128 1367 1035 1206 526 1982 1980 2040 1356 1668 2223 2401 658 1430 1611 2223 1429 486 1165 1762 1992 1949 1798 994 2105 2148 1932 1415 1542 1433 1503 1835 1997 1804 1898 2397 1150 1356
1452 772 1664 1412 1890 1441 1579 1438 1788 1298 554 605 1183 1454 1798 793 822 1589 1986 1446 1605 1421 2342 1743 1267 1091 1918 856 823 1375 2514 876 1041 334 1334 1528 1728 1503 0 447 878 1734 1459 1358 1641 681 1457 1848 608 1948 450 1116 1529 1507 1453 658 1374 1788 1358 515 1864 2115 1468 331 701 1610 1334 1455 1735 1513 829 1662 2294 1997 1199 1423 1365 1696 901 1345 515 692 1484 862 639 555 680 1621 1687 888 1297 632 1195 1308 572 1099 838 1876 1143 829
1204 326 1282 966 1452 1059 1133 1056 1343 852 163 684 746 1008 1360 412 655 1143 1540 1430 1167 1040 1905 1361 822 1461 1481 689 442 937 2069 1028 1263 244 897 1082 1480 1057 447 0 432 1352 1021 913 1195 292 1019 1402 857 1502 819 671 1092 1061 1205 1028 1126 1343 977 782 1418 1669 1220 310 255 1164 888 1073 1297 1132 448 1216 1848 1615 753 977 928 1315 520 899 151 705 1102 1041 889 129 1049 1239 1250 506 860 418 757 926 942 895 990 1494 698 447
1357 583 1435 1097 1184 1212 1053 930 1473 955 364 894 402 1139 1092 481 808 1274 1671 1583 899 1193 1637 1321 924 1891 1212 842 505 669 2171 1181 1416 676 629 1002 1634 1188 878 432 0 1399 753 1044 1116 391 751 1323 1289 1514 1249 365 824 1192 1358 1458 1279 1445 1130 1214 1339 1800 1373 741 270 1203 1019 947 1029 1285 517 1319 1951 1398 884 1080 660 1468 642 1030 535 1137 920 1194 1043 348 1480 1393 981 660 592 803 414 1010 1372 1049 1143 1325 469 525
1639 1619 797 2170 1554 534 1967 540 2546 1882 1272 1215 1226 2212 1659 1181 1128 2347 2744 1903 1410 514 1388 160 1851 2393 1556 1163 1183 1431 3098 1501 1737 1596 1402 1916 1830 2261 1734 1352 1399 0 1461 2116 1989 1235 1196 2237 2159 2428 2001 1540 1529 2264 1658 1911 1354 2372 710 2066 2253 2873 1553 1662 1343 2193 2091 558 1559 1008 1154 2246 2878 953 1956 2007 1422 825 949 2103 1339 2057 580 1514 1364 1286 2132 786 1492 1112 1365 1261 1180 634 2048 1334 1463 295 1524 1144
1614 1127 1602 1613 763 1379 1115 1047 1915 1113 942 1152 583 1655 671 869 1065 1790 2187 1840 440 1359 1190 1383 1083 2330 792 1100 854 113 2330 1438 1674 1265 127 803 1891 1704 1459 1021 753 1461 0 1559 651 851 409 1436 1878 1660 1831 772 109 1708 1616 1848 1537 1604 1296 1803 1452 2316 1630 1331 808 1425 1534 1061 608 1451 859 1478 2110 1003 1399 1239 104 1634 918 1546 1104 1727 979 1451 1301 937 2058 1559 561 1065 199 1199 563 1123 1953 1306 1400 1383 756 939
1968 647 2046 443 1990 1823 1440 1820 783 1160 866 1505 1347 486 1857 1175 1419 614 1017 2194 1705 1803 2443 2125 1129 2372 2018 1453 1199 1475 2376 1792 2027 1156 1435 1389 2244 524 1358 913 1044 2116 1559 0 1503 987 1557 1710 1769 1809 1730 1104 1630 538 1969 1939 1890 1600 1740 1694 1726 1147 1984 1222 890 1097 55 1837 1835 1896 1211 1524 2114 2256 182 1285 1466 2079 1285 43 1021 1618 1848 1804 1654 849 1960 2003 1788 1270 1398 1288 1358 1690 1853 1659 1754 2252 1005 1211
2090 1071 2077 1556 1008 1854 464 1522 1859 1054 1148 1627 1049 1598 398 1344 1541 1733 2130 2316 766 1834 1461 1911 1026 2654 1036 1575 1330 644 1871 1914 2149 1439 604 152 2366 1647 1641 1195 1116 1989 651 1503 0 1269 1016 792 2052 1150 2013 816 736 1651 2091 2221 2012 1311 1771 1977 808 2259 2106 1505 1173 1346 1478 1539 805 1927 1334 1114 1712 1274 1343 1016 635 2110 1393 1489 1303 1900 1509 1926 1776 1132 2243 2034 806 1531 674 1571 1038 1598 2135 1781 1876 1825 717 1415
1086 498 1165 1040 1281 942 1207 939 1417 926 182 624 575 1082 1190 266 537 1217 1614 1312 997 922 1734 1244 896 1694 1310 572 290 767 2143 910 1146 535 726 1156 1363 1131 681 292 391 1235 851 987 1269 0 849 1476 1148 1576 1052 673 921 1135 1088 1261 1009 1417 859 1073 1492 1743 1102 601 191 1238 962 956 1126 1014 302 1290 1922 1457 827 1051 757 1197 400 973 316 997 956 923 773 202 1282 1122 1079 389 689 555 587 809 1175 778 872 1361 746 310
1612 1125 1479 1611 880 1237 1197 813 1913 1111 939 1149 566 1653 793 808 1063 1788 2185 1838 544 1217 1272 1118 1081 2327 908 1097 794 457 2328 1436 1671 1263 416 1146 1888 1702 1457 1019 751 1196 409 1557 1016 849 0 1466 1876 1658 1828 770 418 1706 1613 1845 1534 1602 1274 1801 1482 2314 1628 1329 806 1423 1532 811 725 1449 798 1475 2107 1085 1397 1237 447 1517 915 1544 1102 1724 713 1448 1298 935 2055 1489 677 1063 379 1196 519 956 1951 1303 1398 1118 754 879
2324 1278 2312 1763 1776 2089 505 1757 1669 763 1356 1862 1256 1806 1145 1579 1775 1940 2337 2550 1534 2069 2229 2159 837 2861 1804 1810 1564 1374 1144 2148 2384 1646 1334 678 2601 1855 1848 1402 1323 2237 1436 1710 792 1476 1466 0 2259 402 2220 1024 1515 1858 2326 2428 2247 776 2006 2184 19 2466 2340 1712 1380 1180 1685 1774 1573 2161 1569 656 1012 2042 1550 753 1365 2344 1628 1697 1510 2108 1757 2161 2011 1339 2450 2269 1574 1745 1299 1778 1268 1833 2342 2016 2110 2163 924 1649
1855 1182 2089 1823 2309 1866 1989 1863 2199 1709 1019 1008 1602 1865 2217 1268 1226 2000 2397 1725 2024 1847 2762 2168 1678 997 2337 1259 1298 1794 2925 992 1108 740 1754 1939 2132 1914 608 857 1289 2159 1878 1769 2052 1148 1876 2259 0 2358 158 1527 1948 1918 1857 726 1778 2199 1784 204 2275 2526 1871 599 1112 2021 1744 1880 2154 1939 1304 2073 2705 2466 1609 1834 1785 2122 1375 1756 1007 174 1953 913 1042 985 588 2046 2106 1313 1716 1118 1614 1733 551 1503 967 2302 1554 1304
2516 1377 2503 1863 2091 2280 832 1948 1555 650 1455 2053 1447 1905 1503 1743 1967 2040 2437 2742 1806 2260 2543 2350 724 2961 2119 2001 1752 1576 869 2340 2575 1746 1535 1037 2792 1954 1948 1502 1514 2428 1660 1809 1150 1576 1658 402 2358 0 2319 1215 1730 1958 2517 2528 2438 598 2197 2283 421 2566 2532 1811 1479 1066 1784 1965 1926 2353 1756 491 834 2356 1649 640 1566 2536 1819 1796 1610 2207 1948 2352 2202 1438 2549 2460 1888 1859 1498 1877 1459 2024 2442 2207 2302 2354 1115 1800
1697 1143 1931 1783 2261 1708 1950 1705 2160 1670 926 850 1555 1826 2169 1165 1068 1961 2358 1567 1977 1688 2714 2010 1639 958 2290 1101 1195 1747 2886 834 950 703 1706 1899 1974 1875 450 819 1249 2001 1831 1730 2013 1052 1828 2220 158 2319 0 1488 1901 1878 1698 568 1619 2160 1625 65 2236 2487 1713 590 1073 1981 1705 1722 2106 1781 1201 2034 2666 2308 1570 1795 1737 1964 1242 1717 886 243 1794 754 884 927 548 1888 2059 1155 1669 959 1566 1575 482 1345 809 2144 1515 1200
1628 672 1616 1158 1203 1393 754 1061 1446 649 604 1166 519 1200 1111 788 1079 1335 1732 1854 918 1373 1656 1462 619 2130 1231 1114 812 688 1866 1452 1688 914 648 703 1905 1249 1116 671 365 1540 772 1104 816 673 770 1024 1527 1215 1488 0 843 1253 1630 1697 1551 1140 1310 1452 1039 1861 1644 980 552 952 1080 1078 1048 1465 824 1013 1645 1469 945 775 679 1648 932 1091 774 1376 1061 1465 1315 587 1718 1573 1000 966 611 1042 531 1136 1611 1320 1414 1466 159 831
1685 1198 1672 1683 702 1449 1194 1117 1985 1184 1012 1222 653 1725 615 939 1136 1860 2257 1911 356 1430 1106 1451 1153 2400 730 1170 925 183 2400 1509 1744 1336 197 888 1961 1774 1529 1092 824 1529 109 1630 736 921 418 1515 1948 1730 1901 843 0 1778 1686 1918 1607 1674 1367 1874 1531 2386 1701 1401 878 1496 1605 1131 547 1522 929 1548 2180 919 1470 1309 174 1705 988 1616 1174 1797 1047 1521 1371 1007 2128 1629 499 1136 269 1269 634 1193 2023 1376 1471 1451 826 1010
2116 796 2194 201 2138 1971 1589 1968 896 1308 1014 1653 1495 78 2005 1323 1567 115 668 2342 1854 1952 2591 2273 1278 2520 2167 1601 1348 1624 2525 1940 2175 1305 1583 1538 2393 32 1507 1061 1192 2264 1708 538 1651 1135 1706 1858 1918 1958 1878 1253 1778 0 2117 2087 2038 1713 1889 1843 1874 797 2132 1371 1038 1210 553 1985 1983 2044 1359 1672 2227 2404 685 1433 1614 2227 1433 495 1169 1766 1996 1953 1802 997 2109 2151 1936 1419 1546 1437 1507 1838 2001 1808 1902 2401 1154 1359
34 1472 1049 2022 2047 1192 2056 1383 2399 1908 1125 889 1316 2065 1955 1048 656 2199 2596 409 1762 1173 2420 1667 1878 1921 2075 691 1080 1532 3125 1029 1265 1449 1491 2005 338 2114 1453 1205 1358 1658 1616 1969 2091 1088 1613 2326 1857 2517 1698 1630 1686 2117 0 1439 361 2399 1277 1763 2342 2725 213 1515 1196 2220 1944 1400 1891 1068 1050 2273 2905 1985 1809 2034 1522 1077 985 1956 1192 1910 1472 1042 892 1139 1660 967 1844 914 1454 959 1269 1253 1602 638 991 1801 1613 997
1437 1352 1841 1992 2279 1618 2159 1615 2368 1878 1134 999 1548 2034 2187 1280 821 2169 2566 1243 1994 1598 2652 1920 1848 596 2307 842 1312 1764 3095 543 450 914 1724 2108 1714 2083 658 1028 1458 1911 1848 1939 2221 1261 1845 2428 726 2528 568 1697 1918 2087 1439 0 1360 2369 1535 633 2444 2695 1453 911 1281 2190 1914 1632 2124 1690 1282 2242 2874 2217 1779 2003 1754 1873 1217 1925 1095 810 1704 482 646 1135 221 1798 2076 1146 1686 1122 1501 1485 269 1111 496 2054 1724 1229
328 1393 730 1943 1968 873 1977 1304 2320 1829 1046 810 1237 1985 1876 969 577 2120 2517 747 1683 854 2334 1363 1799 1842 1996 612 1001 1453 3046 950 1186 1370 1412 1926 534 2035 1374 1126 1279 1354 1537 1890 2012 1009 1534 2247 1778 2438 1619 1551 1607 2038 361 1360 0 2320 958 1684 2263 2646 241 1436 1117 2141 1865 1321 1812 751 971 2194 2826 1899 1730 1955 1443 758 906 1877 1113 1831 1393 963 813 1060 1581 648 1765 835 1375 880 1190 1174 1523 559 912 1497 1534 918
2397 1218 2447 1564 2035 2224 1024 1892 1110 513 1296 1935 1391 1660 1664 1605 1849 1795 2210 2623 1750 2205 2488 2294 565 2801 2063 1883 1629 1520 871 2222 2457 1586 1480 1198 2674 1709 1788 1343 1445 2372 1604 1600 1311 1417 1602 776 2199 598 2160 1140 1674 1713 2399 2369 2320 0 2142 2124 795 2339 2414 1652 1320 665 1625 1909 1880 2297 1641 223 521 2301 1490 503 1510 2480 1715 1557 1450 2048 1892 2234 2084 1279 2390 2404 1832 1700 1442 1718 1403 1968 2283 2089 2184 2298 1040 1641
1243 1244 558 1794 1727 342 1736 496 2170 1651 897 839 996 1836 1635 805 753 1971 2368 1527 1442 323 1607 719 1621 2017 1755 787 852 1212 2868 1126 1361 1220 1172 1686 1434 1885 1358 977 1130 710 1296 1740 1771 859 1274 2006 1784 2197 1625 1310 1367 1889 1277 1535 958 2142 0 1690 2022 2497 1157 1286 968 1963 1716 513 1572 469 778 2015 2647 1172 1580 1776 1203 587 573 1727 963 1682 705 1138 988 910 1756 548 1524 737 1135 886 950 343 1673 938 1088 853 1294 768
1762 1108 1996 1748 2234 1773 1914 1770 2124 1634 945 915 1527 1790 2142 1193 1133 1925 2322 1632 1949 1753 2687 2075 1603 1023 2262 1166 1223 1719 2850 899 1015 638 1679 1864 2039 1839 515 782 1214 2066 1803 1694 1977 1073 1801 2184 204 2283 65 1452 1874 1843 1763 633 1684 2124 1690 0 2200 2451 1778 524 1037 1946 1670 1787 2079 1846 1229 1998 2630 2373 1534 1759 1710 2029 1291 1681 929 177 1859 820 949 910 613 1953 2031 1220 1642 1024 1539 1640 547 1410 874 2209 1479 1229
2340 1294 2328 1779 1792 2105 521 1773 1685 779 1371 1878 1272 1821 1161 1594 1791 1956 2353 2566 1549 2085 2245 2174 853 2877 1820 1826 1580 1390 1163 2164 2400 1662 1350 694 2617 1871 1864 1418 1339 2253 1452 1726 808 1492 1482 19 2275 421 2236 1039 1531 1874 2342 2444 2263 795 2022 2200 0 2482 2356 1728 1396 1196 1701 1790 1589 2177 1585 672 1031 2058 1566 769 1381 2360 1644 1713 1526 2123 1773 2177 2027 1355 2466 2285 1589 1761 1314 1794 1283 1848 2358 2032 2126 2179 940 1665
2724 1404 2802 850 2747 2579 2197 2576 1522 1916 1622 2261 2103 843 2613 1931 2175 682 211 2950 2462 2560 3199 2881 1886 3128 2775 2209 1956 2232 3133 2548 2783 1913 2191 2146 3001 773 2115 1669 1800 2873 2316 1147 2259 1743 2314 2466 2526 2566 2487 1861 2386 797 2725 2695 2646 2339 2497 2451 2482 0 2740 1979 1647 1836 1176 2594 2592 2652 1967 2280 2854 3013 1303 2041 2222 2835 2041 1104 1777 2374 2604 2561 2410 1605 2717 2760 2544 2027 2154 2045 2115 2447 2609 2416 2510 3009 1762 1968
180 1487 929 2037 2061 1072 2071 1397 2413 1923 1140 903 1330 2079 1969 1063 671 2214 2611 582 1776 1053 2435 1562 1893 1935 2089 705 1095 1546 3140 1044 1279 1464 1506 2020 408 2128 1468 1220 1373 1553 1630 1984 2106 1102 1628 2340 1871 2532 1713 1644 1701 2132 213 1453 241 2414 1157 1778 2356 2740 0 1529 1211 2235 1959 1414 1906 950 1065 2287 2919 2000 1824 2048 1537 957 999 1970 1207 1925 1486 1057 906 1153 1675 847 1859 929 1469 973 1284 1267 1616 653 1006 1696 1628 1012
1513 635 1592 1276 1762 1369 1442 1366 1652 1162 472 832 1055 1318 1670 721 964 1453 1850 1674 1477 1349 2215 1671 1131 1344 1790 999 751 1247 2378 1103 1294 167 1207 1391 1790 1367 331 310 741 1662 1331 1222 1505 601 1329 1712 599 1811 590 980 1401 1371 1515 911 1436 1652 1286 524 1728 1979 1529 0 565 1473 1197 1383 1607 1441 757 1526 2158 1925 1062 1287 1237 1624 829 1209 460 448 1411 1110 866 438 933 1549 1559 816 1169 696 1067 1236 826 1205 1065 1804 1007 757
1195 430 1273 943 1239 1050 1110 1010 1320 830 176 732 532 986 1147 320 646 1121 1517 1421 954 1031 1691 1352 799 1714 1267 680 344 724 2046 1019 1254 499 683 1059 1471 1035 701 255 270 1343 808 890 1173 191 806 1380 1112 1479 1073 552 878 1038 1196 1281 1117 1320 968 1037 1396 1647 1211 565 0 1141 865 1027 1083 1123 356 1194 1826 1476 730 955 714 1306 481 877 356 960 1010 1031 881 171 1303 1230 1036 497 646 623 544 915 1195 886 981 1416 635 363
2219 962 2268 1060 1856 2045 1292 1714 718 417 1117 1756 1213 1157 1709 1426 1670 1292 1707 2445 1571 2026 2309 2115 343 2623 1884 1704 1450 1341 1536 2043 2278 1408 1301 1233 2495 1206 1610 1164 1203 2193 1425 1097 1346 1238 1423 1180 2021 1066 1981 952 1496 1210 2220 2190 2141 665 1963 1946 1196 1836 2235 1473 1141 0 1126 1731 1701 2118 1462 735 1179 2122 998 542 1332 2301 1536 1054 1272 1869 1714 2056 1905 1100 2212 2226 1653 1521 1264 1539 1224 1789 2104 1910 2005 2119 852 1462
1943 623 2021 473 1965 1798 1415 1795 812 1135 841 1480 1322 515 1832 1150 1394 617 1047 2169 1680 1778 2418 2100 1104 2347 1994 1428 1174 1450 2351 1767 2002 1132 1410 1364 2219 526 1334 888 1019 2091 1534 55 1478 962 1532 1685 1744 1784 1705 1080 1605 553 1944 1914 1865 1625 1716 1670 1701 1176 1959 1197 865 1126 0 1812 1810 1871 1186 1499 2131 2231 157 1260 1441 2054 1260 72 996 1593 1823 1779 1629 824 1935 1978 1763 1245 1373 1263 1333 1665 1828 1634 1729 2227 980 1186
1398 1340 807 1891 1349 565 1504 19 2221 1419 993 936 764 1933 1298 734 849 2068 2465 1624 1049 545 1184 480 1388 2114 1351 884 720 980 2635 1222 1458 1317 940 1453 1675 1982 1455 1073 947 558 1061 1837 1539 956 811 1774 1880 1965 1722 1078 1131 1985 1400 1632 1321 1909 513 1787 1790 2594 1414 1383 1027 1731 1812 0 1230 880 724 1783 2415 749 1677 1544 970 845 655 1824 1060 1778 211 1235 1084 1007 1853 817 1182 820 902 982 717 221 1769 1090 1184 538 1061 805
1890 1403 1877 1888 477 1654 1243 1231 2191 1389 1217 1428 965 1931 439 1144 1341 2066 2462 2116 254 1634 941 1437 1359 2606 505 1375 1130 602 2606 1714 1949 1541 616 957 2167 1980 1735 1297 1029 1559 608 1835 805 1126 725 1573 2154 1926 2106 1048 547 1983 1891 2124 1812 1880 1572 2079 1589 2592 1906 1607 1083 1701 1810 1230 0 1727 1134 1753 2385 763 1675 1514 593 1910 1194 1822 1380 2002 1132 1727 1576 1213 2334 1834 274 1341 670 1474 945 1398 2229 1582 1676 1314 1031 1215
1037 1399 446 1949 1882 528 1892 863 2325 1806 1052 994 1151 1991 1790 960 908 2126 2523 1432 1597 508 1974 1017 1776 2172 1910 935 1007 1367 3023 1281 1516 1376 1327 1841 1227 2040 1513 1132 1285 1008 1451 1896 1927 1014 1449 2161 1939 2353 1781 1465 1522 2044 1068 1690 751 2297 469 1846 2177 2652 950 1441 1123 2118 1871 880 1727 0 934 2171 2802 1539 1736 1932 1358 474 728 1882 1119 1837 1073 1293 1143 1065 1912 392 1680 892 1290 1041 1105 710 1828 823 1243 1151 1449 924
1049 720 1084 1264 1290 861 1299 707 1641 1150 373 586 559 1307 1198 50 500 1441 1838 1275 1005 841 1656 1109 1120 1764 1318 534 110 775 2367 873 1108 692 734 1248 1325 1356 829 448 517 1154 859 1211 1334 302 798 1569 1304 1756 1201 824 929 1359 1050 1282 971 1641 778 1229 1585 1967 1065 757 356 1462 1186 724 1134 934 0 1515 2147 1221 1051 1276 765 1117 208 1198 423 1153 707 885 735 387 1431 1041 1087 319 697 620 512 642 1323 740 835 1113 856 96
2271 1092 2321 1577 1908 2098 827 1766 1180 387 1169 1809 1265 1619 1467 1479 1722 1754 2151 2497 1624 2078 2361 2168 438 2675 1937 1757 1503 1394 868 2095 2330 1460 1353 1001 2548 1668 1662 1216 1319 2246 1478 1524 1114 1290 1475 656 2073 491 2034 1013 1548 1672 2273 2242 2194 223 2015 1998 672 2280 2287 1526 1194 735 1499 1783 1753 2171 1515 0 648 2174 1364 376 1384 2354 1588 1510 1324 1921 1766 2108 1957 1153 2264 2278 1706 1574 1316 1592 1277 1842 2156 1963 2057 2172 914 1515
2903 1724 2953 2078 2540 2730 1425 2398 1624 1018 1801 2441 1897 2174 2066 2111 2354 2309 2725 3129 2256 2710 2993 2800 1070 3307 2569 2389 2135 2026 937 2727 2962 2092 1985 1599 3180 2223 2294 1848 1951 2878 2110 2114 1712 1922 2107 1012 2705 834 2666 1645 2180 2227 2905 2874 2826 521 2647 2630 1031 2854 2919 2158 1826 1179 2131 2415 2385 2802 2147 648 0 2806 1996 1008 2016 2986 2220 2071 1956 2553 2398 2740 2589 1784 2896 2910 2338 2206 1948 2224 1909 2474 2788 2595 2689 2804 1546 2147
1984 1824 1324 2309 758 1081 1712 750 2612 1810 1541 1521 1260 2352 908 1231 1435 2487 2883 2210 615 1062 592 832 1780 2699 760 1469 1216 1023 3027 1808 2043 1859 1037 1426 2260 2401 1997 1615 1398 953 1003 2256 1274 1457 1085 2042 2466 2356 2308 1469 919 2404 1985 2217 1899 2301 1172 2373 2058 3013 2000 1925 1476 2122 2231 749 763 1539 1221 2174 2806 0 2096 1935 1014 1361 1288 2243 1591 2320 549 1821 1670 1555 2439 1334 696 1435 1091 1568 1214 952 2355 1675 1770 708 1452 1301
1808 488 1886 600 1830 1663 1280 1660 939 1000 706 1345 1187 642 1697 1015 1259 749 1174 2034 1545 1643 2283 1965 969 2212 1859 1293 1039 1315 2216 1632 1867 997 1275 1229 2084 658 1199 753 884 1956 1399 182 1343 827 1397 1550 1609 1649 1570 945 1470 685 1809 1779 1730 1490 1580 1534 1566 1303 1824 1062 730 998 157 1677 1675 1736 1051 1364 1996 2096 0 1125 1306 1919 1125 199 861 1458 1688 1644 1494 689 1800 1843 1628 1110 1238 1128 1198 1530 1693 1499 1594 2092 845 1051
2032 853 2082 1338 1670 1859 924 1527 1031 125 931 1570 1026 1380 1414 1240 1483 1515 1912 2258 1385 1839 2122 1929 200 2436 1698 1518 1264 1155 1229 1856 2092 1221 1114 902 2309 1430 1423 977 1080 2007 1239 1285 1016 1051 1237 753 1834 640 1795 775 1309 1433 2034 2003 1955 503 1776 1759 769 2041 2048 1287 955 542 1260 1544 1514 1932 1276 376 1008 1935 1125 0 1145 2115 1349 1272 1085 1683 1527 1869 1719 914 2025 2039 1467 1335 1077 1353 1038 1603 1917 1724 1818 1933 675 1276
1521 1034 1508 1519 749 1285 1053 953 1822 1020 848 1058 513 1561 657 775 972 1696 2093 1747 464 1266 1201 1344 989 2236 777 1006 761 16 2236 1345 1580 1172 34 786 1798 1611 1365 928 660 1422 104 1466 635 757 447 1365 1785 1566 1737 679 174 1614 1522 1754 1443 1510 1203 1710 1381 2222 1537 1237 714 1332 1441 970 593 1358 765 1384 2016 1014 1306 1145 0 1541 825 1453 1011 1633 940 1358 1207 844 1965 1465 546 972 106 1105 493 1029 1860 1213 1307 1346 662 846
1044 1582 87 2132 1961 345 2075 828 2508 1989 1235 1177 1334 2174 1973 1144 1091 2309 2706 1464 1752 325 1796 834 1959 2355 1964 1125 1190 1550 3206 1464 1699 1559 1510 2024 1234 2223 1696 1315 1468 825 1634 2079 2110 1197 1517 2344 2122 2536 1964 1648 1705 2227 1077 1873 758 2480 587 2029 2360 2835 957 1624 1306 2301 2054 845 1910 474 1117 2354 2986 1361 1919 2115 1541 0 911 2065 1302 2020 901 1476 1326 1248 2095 128 1863 1075 1473 1224 1288 705 2011 1049 1426 968 1632 1107
983 788 878 1338 1349 656 1358 638 1714 1224 441 469 618 1380 1257 235 434 1515 1912 1209 1064 636 1722 957 1194 1699 1377 469 299 834 2441 807 1043 763 794 1308 1260 1429 901 520 642 949 918 1285 1393 400 915 1628 1375 1819 1242 932 988 1433 985 1217 906 1715 573 1291 1644 2041 999 829 481 1536 1260 655 1194 728 208 1588 2220 1288 1125 1349 825 911 0 1271 487 1225 774 820 670 454 1432 836 1146 167 756 515 572 508 1302 671 769 1091 916 220
