NAME: zurich_100_3
COMMENT: TSP instance with 100 nodes. City: Zurich, Switzerland, Seed: 45
TYPE: TSP
DIMENSION: 100
EDGE_WEIGHT_TYPE: EXPLICIT
EDGE_WEIGHT_FORMAT: FULL_MATRIX
NODE_COORD_SECTION:
1 47.3593925 8.3694809
2 47.3746636 8.545873
3 47.4591197 8.4351996
4 47.2984217 8.4519883
5 47.4342547 8.7189393
6 47.5332232 8.5766962
7 47.2287226 8.4966738
8 47.384952 8.4780492
9 47.4383689 8.6237647
10 47.4856701 8.440287
11 47.5059902 8.7355423
12 47.4600617 8.6641885
13 47.2530721 8.7812864
14 47.317398 8.5497487
15 47.4370707 8.441787
16 47.3830609 8.5453444
17 47.3356654 8.5160818
18 47.345173 8.5708783
19 47.4373999 8.439697
20 47.2748717 8.7273265
21 47.3506652 8.4414766
22 47.4007096 8.39187
23 47.4452956 8.6222007
24 47.407917 8.5905009
25 47.3076383 8.7179483
26 47.2772783 8.5685395
27 47.3859348 8.5248878
28 47.4099464 8.5695491
29 47.4297476 8.4645246
30 47.245101 8.46099
31 47.333482 8.3415951
32 47.3348725 8.4789095
33 47.522118 8.5214391
34 47.3779898 8.5629036
35 47.5050177 8.5915722
36 47.3761503 8.4832458
37 47.3577753 8.449082
38 47.2977453 8.7726663
39 47.5402535 8.3203153
40 47.5053918 8.375087
41 47.3882704 8.483123
42 47.2380627 8.7543189
43 47.3597539 8.7095158
44 47.4700206 8.3339323
45 47.3643169 8.3584402
46 47.3353785 8.6136926
47 47.5200892 8.6974362
48 47.5101338 8.3225281
49 47.4670986 8.6491355
50 47.3619349 8.5508204
51 47.4798915 8.3011448
52 47.4634066 8.3326082
53 47.3301635 8.6546768
54 47.2492215 8.715167
55 47.3011261 8.4460203
56 47.3618067 8.7439067
57 47.4375401 8.5619225
58 47.4148753 8.6155794
59 47.3619602 8.5603359
60 47.39969 8.4772415
61 47.2761238 8.7235192
62 47.2657187 8.6821716
63 47.425197 8.4066101
64 47.5283832 8.7792276
65 47.5026464 8.3722271
66 47.4111059 8.6140842
67 47.5044933 8.7712311
68 47.4707707 8.300773
69 47.242995 8.7164756
70 47.5533149 8.3135503
71 47.5323271 8.5848243
72 47.4900013 8.7212447
73 47.3865661 8.3246147
74 47.3227576 8.5993004
75 47.226653 8.6356044
76 47.3565725 8.5261996
77 47.2875213 8.7665508
78 47.3620918 8.5007294
79 47.4137993 8.6437031
80 47.5195332 8.3348173
81 47.2902238 8.53874
82 47.4534099 8.5309565
83 47.3302128 8.5763663
84 47.3507031 8.6410025
85 47.3770223 8.5466039
86 47.2929839 8.449799
87 47.3584811 8.5182703
88 47.4112205 8.5318362
89 47.4459522 8.3313918
90 47.4309059 8.3545827
91 47.3316617 8.5380082
92 47.4691276 8.5030068
93 47.2941165 8.6310073
94 47.3409922 8.5737775
95 47.406522 8.3293462
96 47.4639822 8.3106472
97 47.482785 8.5611944
98 47.3759817 8.4901203
99 47.4257938 8.40547
100 47.4960738 8.4528991
EDGE_WEIGHT_SECTION:
0 957 1110 805 1581 1757 1218 895 1399 1307 1850 1628 2380 998 1069 1052 871 1196 1079 2024 486 477 1337 1202 1996 1171 933 1092 913 999 557 753 1556 1154 1506 841 599 2052 1746 1561 828 2407 1547 1067 141 1484 1722 1427 1585 1014 1048 952 1687 2257 776 1610 998 1285 1071 709 1975 2150 768 2001 1588 1252 1995 961 2362 1936 1752 1672 545 1470 1215 823 2094 948 1259 1505 1115 1103 1342 1671 999 816 768 1014 917 776 791 1159 1826 1220 399 999 1319 876 789 1333
957 0 918 844 924 1191 1247 436 717 1115 1192 1044 1456 566 825 124 413 335 835 1099 646 908 770 448 1071 814 224 448 670 1028 1230 782 990 214 939 426 667 1175 1871 1445 415 1482 890 1147 1054 560 1064 1553 1019 146 1174 1032 762 1333 814 953 518 655 146 503 1050 1287 948 1344 1457 610 1337 1135 1438 2061 1186 1015 1219 609 858 284 1171 356 602 1631 759 660 481 731 64 854 275 357 1084 1007 435 839 901 360 1312 1079 753 385 970 1141
1110 918 0 1302 1205 1116 1715 863 1023 438 1474 1252 2063 1482 287 879 1269 1254 269 1854 985 825 961 826 1632 1668 882 716 357 1496 1503 1249 769 966 1130 888 995 1676 1275 768 810 2173 1171 622 1162 1478 1346 1071 1210 1064 747 507 1455 2097 1272 1235 622 909 1065 761 1805 2082 689 1625 780 876 1619 709 2202 1465 1158 1296 1292 1528 1711 1172 1721 1082 883 1035 1612 578 1400 1379 896 1312 1132 631 667 700 1288 519 1759 1279 1107 662 943 926 711 464
805 844 1302 0 1720 1949 645 975 1513 1498 1989 1813 2267 885 1260 938 757 1082 1270 1910 449 844 1528 1245 1882 1058 916 1156 1105 482 773 432 1747 1040 1697 885 633 1987 1983 1798 983 2293 1686 1259 902 1371 1861 1664 1777 901 1285 1143 1573 2144 96 1749 1189 1441 957 910 1861 2036 1059 2140 1825 1396 2134 1246 2249 2173 1943 1811 1035 1356 1101 709 1982 835 1398 1742 867 1295 1228 1557 885 95 654 1153 1195 1118 678 1350 1712 1107 1160 1190 1510 920 1081 1524
1581 924 1205 1720 0 1185 2123 1204 656 1402 714 504 1515 1482 1164 917 1289 1259 1174 1305 1456 1349 676 678 1084 1691 934 678 1009 1904 1974 1658 1233 981 968 1193 1466 1128 2240 1732 1175 1625 613 1595 1633 1273 586 2000 586 1070 1621 1479 1209 1548 1691 674 761 570 1070 1155 1257 1567 1257 865 1744 542 850 1583 1653 2430 1079 536 1962 1432 1735 1174 1172 1206 521 1999 1635 903 1405 1133 922 1731 1152 877 1531 1454 1311 1083 1458 1284 1797 1526 996 1152 1278 1428
1757 1191 1116 1949 1185 0 2362 1471 937 1002 982 777 2292 1749 1305 1184 1556 1526 1315 2083 1632 1525 811 1055 1861 1958 1201 945 1181 2143 2150 1896 527 1248 278 1460 1642 1905 1778 1270 1442 2402 1400 1703 1809 1747 741 1604 719 1336 1797 1587 1684 2325 1919 1463 827 1108 1337 1379 2034 2311 1432 1021 1282 1103 1204 1758 2430 1968 106 976 2138 1800 2001 1441 1950 1473 1112 1538 1902 837 1672 1608 1189 1959 1419 1100 1707 1630 1578 850 1988 1551 1973 1702 567 1419 1454 867
1218 1247 1715 645 2123 2362 0 1402 1916 1912 2392 2225 2670 1086 1673 1341 1039 1485 1683 2313 882 1257 1941 1648 2286 1093 1320 1568 1518 292 1190 959 2161 1444 2110 1313 1065 2390 2396 2211 1386 2696 2089 1672 1315 1774 2264 2077 2190 1304 1698 1556 1976 2547 655 2153 1602 1853 1361 1323 2265 2440 1473 2543 2238 1808 2537 1659 2652 2586 2356 2214 1480 1759 885 1112 2385 1238 1801 2155 774 1708 1631 1960 1289 601 1058 1556 1608 1531 1053 1764 2115 1510 1573 1603 1924 1348 1494 1938
895 436 863 975 1204 1471 1402 0 996 1059 1472 1323 1880 802 713 531 573 695 723 1523 563 635 1050 728 1496 975 340 728 557 1183 1203 771 1269 647 1219 103 434 1600 1658 1389 72 1906 1169 934 947 984 1344 1339 1299 514 960 818 1186 1757 945 1233 798 935 571 222 1475 1650 700 1623 1401 890 1617 922 1862 1848 1465 1294 1192 969 1019 463 1595 342 882 1417 919 936 841 1166 478 985 412 553 870 793 595 922 1325 720 1136 865 1032 160 722 1085
1399 717 1023 1513 656 937 1916 996 0 1220 925 403 1505 1275 982 710 1082 1052 992 1296 1274 1167 195 470 1074 1484 727 496 827 1697 1792 1451 904 774 685 986 1280 1118 2042 1535 968 1615 613 1413 1451 1118 797 1818 414 862 1439 1297 1054 1538 1484 676 486 257 863 948 1247 1557 1075 1076 1547 276 1070 1401 1643 2232 932 747 1780 1278 1527 967 1163 999 325 1802 1428 675 1198 978 714 1524 945 649 1349 1272 1104 854 1358 1077 1615 1344 647 945 1096 1155
1307 1115 438 1498 1402 1002 1912 1059 1220 0 1671 1418 2260 1679 637 1075 1466 1451 646 2051 1182 1075 1127 1023 1829 1865 1079 913 554 1693 1699 1446 655 1163 1052 1085 1192 1873 936 429 1007 2370 1368 1030 1359 1675 1543 762 1376 1261 998 915 1652 2293 1469 1431 819 1106 1262 958 2002 2279 982 1822 441 1073 1816 979 2399 1126 1045 1493 1677 1725 1908 1369 1918 1279 1080 696 1809 713 1597 1576 1093 1509 1329 828 1075 1108 1485 558 1956 1475 1504 969 845 1123 1004 188
1850 1192 1474 1989 714 982 2392 1472 925 1671 0 649 1969 1750 1433 1185 1558 1528 1442 1759 1724 1617 945 946 1538 1959 1203 946 1277 2173 2242 1927 1378 1249 917 1461 1735 1582 2508 2000 1444 2079 1077 1863 1901 1594 323 2268 731 1338 1890 1748 1530 2002 1959 1140 1030 839 1339 1424 1711 2021 1525 453 2012 810 340 1851 2107 2698 876 318 2231 1753 2003 1443 1626 1474 789 2268 1904 1172 1674 1454 1190 1999 1420 1145 1800 1723 1580 1351 1833 1552 2065 1795 1226 1420 1547 1697
1628 1044 1252 1813 504 777 2225 1323 403 1418 649 0 1792 1602 1211 1037 1409 1379 1220 1583 1502 1395 341 804 1361 1811 1054 811 1055 2006 2020 1751 1041 1101 525 1313 1513 1405 2202 1695 1295 1903 901 1641 1679 1392 542 2025 144 1189 1668 1526 1328 1826 1783 964 693 587 1190 1249 1534 1845 1303 821 1707 606 793 1629 1931 2392 772 471 2009 1551 1854 1294 1450 1326 584 1962 1755 871 1525 1252 1042 1823 1272 971 1578 1501 1431 1051 1632 1404 1843 1573 690 1272 1325 1292
2380 1456 2063 2267 1515 2292 2670 1880 1505 2260 1969 1792 0 1930 2022 1569 1836 1301 2032 486 2069 2207 1618 1535 737 2237 1680 1535 1866 2451 2653 2205 2091 1510 2040 1869 2110 395 3097 2590 1858 267 988 2453 2476 967 1841 2858 1837 1431 2479 2337 812 418 2237 1002 1619 1419 1317 1950 454 660 2114 2120 2602 1390 2114 2440 470 3287 2287 1791 2642 1106 2281 1648 382 1799 1297 2857 2182 1761 1245 992 1497 2277 1655 1734 2389 2312 1822 1940 870 1227 2655 2384 1854 1828 2136 2286
998 566 1482 885 1482 1749 1086 802 1275 1679 1750 1602 1930 0 1348 680 447 745 1358 1573 688 1037 1328 1006 1546 471 687 1006 1192 1069 1271 823 1548 704 1497 788 854 1650 2176 1991 780 1956 1448 1452 1095 1034 1622 1857 1577 564 1478 1336 1236 1807 855 1511 1076 1214 621 903 1525 1700 1252 1902 2015 1169 1895 1439 1912 2366 1744 1573 1260 1019 566 483 1645 633 1160 1935 466 1218 891 1220 608 895 452 920 1388 1311 209 1397 1375 770 1353 1383 1311 746 1274 1705
1069 825 287 1260 1164 1305 1673 713 982 637 1433 1211 2022 1348 0 785 1120 1161 17 1813 943 746 920 785 1591 1521 737 675 156 1454 1461 1208 958 873 1088 738 954 1635 1474 966 661 2132 1130 775 1120 1385 1305 1224 1168 971 900 660 1414 2055 1231 1193 581 868 972 663 1764 2041 607 1584 978 835 1578 861 2160 1664 1335 1255 1375 1435 1565 1023 1680 933 842 1233 1466 610 1307 1338 803 1271 982 538 773 631 1142 572 1718 1185 1187 815 902 777 629 662
1052 124 879 938 917 1184 1341 531 710 1075 1185 1037 1569 680 785 0 507 450 795 1213 741 924 763 441 1185 909 255 441 630 1122 1324 876 983 196 932 520 761 1289 1887 1405 509 1596 883 1163 1148 674 1057 1568 1012 260 1189 1047 876 1447 909 946 511 649 260 518 1164 1401 937 1337 1417 604 1330 1150 1552 2077 1179 1008 1313 724 952 388 1285 451 595 1646 853 653 596 842 93 949 370 317 1099 1022 529 832 1015 475 1365 1094 746 479 959 1101
871 413 1269 757 1289 1556 1039 573 1082 1466 1558 1409 1836 447 1120 507 0 651 1129 1479 560 910 1136 814 1452 684 485 814 964 942 1144 696 1355 609 1305 559 727 1556 2046 1796 552 1862 1255 1322 967 940 1430 1727 1384 470 1349 1207 1142 1713 728 1318 883 1021 527 675 1430 1606 1123 1709 1808 976 1703 1310 1818 2236 1551 1380 1132 925 747 280 1551 406 967 1806 418 1025 797 1126 454 768 225 722 1259 1182 298 1204 1281 676 1226 1254 1118 518 1145 1492
1196 335 1254 1082 1259 1526 1485 695 1052 1451 1528 1379 1301 745 1161 450 651 0 1171 945 885 1180 1106 784 917 1053 524 784 1005 1266 1469 1020 1325 454 1275 685 925 1021 2143 1780 674 1328 1060 1419 1292 406 1400 1824 1355 224 1445 1303 608 1179 1053 1123 853 991 227 774 896 1066 1220 1679 1792 946 1673 1407 1284 2333 1521 1350 1457 345 1096 463 1017 615 937 1902 997 995 217 619 378 1093 470 692 1355 1278 638 1175 722 81 1550 1350 1088 644 1242 1477
1079 835 269 1270 1174 1315 1683 723 992 646 1442 1220 2032 1358 17 795 1129 1171 0 1823 953 756 929 795 1601 1531 747 684 165 1464 1471 1218 968 883 1098 748 964 1645 1483 976 670 2142 1140 758 1130 1395 1314 1207 1178 981 883 642 1424 2065 1241 1203 591 878 982 673 1774 2051 590 1594 988 845 1587 844 2170 1673 1345 1265 1357 1445 1575 1033 1689 942 852 1243 1475 620 1317 1348 813 1281 992 548 755 614 1151 582 1727 1195 1170 797 912 787 612 672
2024 1099 1854 1910 1305 2083 2313 1523 1296 2051 1759 1583 486 1573 1813 1213 1479 945 1823 0 1713 1992 1409 1326 397 1881 1323 1323 1657 2094 2297 1848 1882 1154 1831 1513 1753 355 2888 2381 1502 511 762 2232 2120 611 1631 2637 1628 1074 2259 2117 455 335 1881 793 1410 1209 961 1594 61 399 1905 1911 2393 1181 1904 2220 440 3078 2078 1582 2285 750 1924 1291 345 1443 1088 2648 1825 1552 888 636 1141 1921 1298 1456 2169 2092 1466 1731 560 870 2378 2164 1645 1472 1927 2077
486 646 985 449 1456 1632 882 563 1274 1182 1724 1502 2069 688 943 741 560 885 953 1713 0 527 1211 993 1685 861 714 929 788 663 758 397 1431 843 1380 473 221 1789 1666 1481 586 2096 1422 942 582 1174 1596 1347 1460 704 968 826 1376 1947 420 1485 873 1160 760 593 1664 1839 743 1876 1508 1127 1869 930 2052 1856 1627 1547 747 1159 904 512 1785 591 1134 1425 805 978 1031 1360 688 460 457 889 878 801 481 1034 1515 910 840 873 1194 508 765 1208
477 908 825 844 1349 1525 1257 635 1167 1075 1617 1395 2207 1037 746 924 910 1180 756 1992 527 0 1104 970 1775 1210 701 859 591 1038 944 792 1323 1018 1273 680 538 1819 1378 1193 568 2317 1315 654 484 1460 1489 1059 1353 998 680 538 1599 2232 815 1378 765 1053 1047 464 1943 2134 397 1768 1220 1020 1762 641 2337 1568 1519 1440 879 1454 1254 862 1864 894 1027 1137 1155 871 1326 1523 922 855 807 782 490 349 830 927 1802 1205 692 585 1087 737 418 1100
1337 770 961 1528 676 811 1941 1050 195 1127 945 341 1618 1328 920 763 1136 1106 929 1409 1211 1104 0 571 1187 1537 781 524 764 1722 1729 1476 750 827 560 1039 1221 1231 1911 1404 1022 1728 726 1350 1388 1239 839 1734 352 916 1377 1235 1176 1651 1499 789 397 378 917 958 1360 1670 1012 1118 1416 397 1090 1338 1756 2101 806 767 1718 1380 1581 1021 1275 1052 376 1671 1482 580 1252 1100 768 1539 998 680 1287 1210 1158 759 1479 1130 1552 1282 493 998 1034 1001
1202 448 826 1245 678 1055 1648 728 470 1023 946 804 1535 1006 785 441 814 784 795 1326 993 970 571 0 1104 1215 459 202 629 1429 1575 1183 854 481 803 717 1005 1148 1860 1353 700 1646 644 1213 1254 903 818 1619 806 594 1240 1098 916 1569 1215 707 382 405 595 680 1277 1542 877 1097 1365 359 1091 1201 1674 2050 1050 768 1564 1007 1259 699 1193 730 356 1620 1160 524 930 839 446 1255 676 401 1150 1073 836 703 1198 808 1416 1145 617 676 899 1049
1996 1071 1632 1882 1084 1861 2286 1496 1074 1829 1538 1361 737 1546 1591 1185 1452 917 1601 397 1685 1775 1187 1104 0 1853 1296 1104 1435 2067 2269 1821 1660 1086 1609 1485 1726 364 2666 2159 1474 777 494 2021 2059 583 1410 2427 1406 1047 2048 1906 430 635 1853 561 1188 988 933 1566 348 644 1683 1689 2171 959 1683 2009 740 2856 1856 1360 2258 722 1897 1264 383 1415 866 2426 1797 1330 861 544 1113 1893 1271 1303 1958 1881 1438 1509 617 843 2224 1953 1423 1444 1705 1855
1171 814 1668 1058 1691 1958 1093 975 1484 1865 1959 1811 2237 471 1521 909 684 1053 1531 1881 861 1210 1537 1215 1853 0 887 1215 1366 1128 1444 996 1757 1011 1706 961 1027 1957 2349 2164 954 2264 1657 1625 1268 1342 1831 2030 1786 872 1651 1509 1544 2115 1029 1720 1285 1423 928 1077 1832 2007 1426 2111 2191 1378 2104 1612 2220 2539 1953 1782 1433 1327 589 680 1953 806 1369 2108 391 1427 1199 1528 856 1069 625 1124 1561 1484 509 1606 1683 1078 1526 1556 1520 920 1447 1891
933 224 882 916 934 1201 1320 340 727 1079 1203 1054 1680 687 737 255 485 524 747 1323 714 701 781 459 1296 887 0 459 581 1101 1297 855 1000 355 950 332 641 1391 1664 1408 308 1706 900 940 985 784 1075 1346 1030 343 967 825 986 1557 887 963 528 666 370 296 1274 1478 741 1354 1420 621 1348 928 1662 1854 1196 1025 1286 798 931 373 1395 366 612 1424 831 671 670 955 235 927 348 327 877 800 507 850 1125 549 1143 872 763 291 763 1104
1092 448 716 1156 678 945 1568 728 496 913 946 811 1535 1006 675 441 814 784 684 1323 929 859 524 202 1104 1215 459 0 519 1349 1448 1094 743 483 693 717 906 1148 1750 1242 700 1646 644 1105 1143 894 818 1510 773 594 1132 990 928 1563 1126 707 272 409 593 665 1274 1537 767 1097 1254 376 1091 1093 1668 1940 939 768 1437 999 1259 699 1193 730 356 1510 1160 414 927 851 446 1167 676 344 1042 965 836 593 1181 808 1307 1037 506 676 789 939
913 670 357 1105 1009 1181 1518 557 827 554 1277 1055 1866 1192 156 630 964 1005 165 1657 788 591 764 629 1435 1366 581 519 0 1299 1306 1053 876 717 933 583 798 1479 1391 884 505 1977 974 864 965 1229 1149 1218 1013 815 953 749 1259 1900 1075 1038 425 712 816 508 1608 1885 495 1428 896 680 1422 915 2005 1581 1179 1099 1294 1279 1409 867 1524 777 687 1151 1310 455 1151 1182 647 1115 827 382 862 720 986 417 1562 1030 1127 858 746 621 517 580
999 1028 1496 482 1904 2143 292 1183 1697 1693 2173 2006 2451 1069 1454 1122 942 1266 1464 2094 663 1038 1722 1429 2067 1128 1101 1349 1299 0 971 764 1942 1225 1891 1094 846 2171 2177 1992 1167 2477 1870 1453 1096 1555 2045 1858 1971 1085 1479 1337 1757 2328 491 1934 1383 1634 1142 1104 2046 2221 1254 2324 2019 1589 2318 1440 2433 2367 2137 1995 1261 1540 1065 893 2166 1019 1582 1936 809 1489 1412 1741 1070 438 839 1337 1389 1312 862 1545 1896 1291 1354 1384 1705 1129 1275 1719
557 1230 1503 773 1974 2150 1190 1203 1792 1699 2242 2020 2653 1271 1461 1324 1144 1469 1471 2297 758 944 1729 1575 2269 1444 1297 1448 1306 971 0 1026 1948 1427 1898 1114 872 2373 1998 1814 1226 2680 1940 1443 521 1757 2114 1680 1978 1287 1301 1344 1960 2530 763 2003 1390 1678 1344 1111 2248 2423 1235 2393 1841 1645 2387 1214 2635 2188 2144 2064 586 1743 1488 1095 2369 1221 1652 1758 1388 1496 1615 1944 1272 779 1041 1407 1358 1237 1064 1551 2099 1493 719 1313 1711 1149 1257 1725
753 782 1249 432 1658 1896 959 771 1451 1446 1927 1751 2205 823 1208 876 696 1020 1218 1848 397 792 1476 1183 1821 996 855 1094 1053 764 1026 0 1695 979 1645 682 441 1925 1930 1746 794 2231 1624 1206 849 1309 1799 1612 1725 839 1233 1091 1511 2082 403 1688 1137 1379 896 858 1800 1975 1007 2078 1773 1335 2072 1194 2187 2120 1891 1749 1015 1294 1039 647 1920 773 1337 1690 787 1242 1166 1495 824 443 593 1091 1143 1066 616 1298 1650 1045 1108 1138 1458 717 1029 1472
1556 990 769 1747 1233 527 2161 1269 904 655 1378 1041 2091 1548 958 983 1355 1325 968 1882 1431 1323 750 854 1660 1757 1000 743 876 1942 1948 1695 0 1047 576 1259 1441 1704 1431 923 1241 2201 1199 1356 1607 1546 1138 1257 994 1135 1479 1240 1483 2124 1718 1262 626 937 1136 1178 1833 2110 1231 1417 935 904 1600 1442 2229 1621 569 1324 1937 1599 1800 1240 1748 1272 911 1191 1701 701 1471 1407 987 1758 1218 899 1400 1429 1377 685 1786 1350 1772 1395 459 1218 1253 520
1154 214 966 1040 981 1248 1444 647 774 1163 1249 1101 1510 704 873 196 609 454 883 1154 843 1018 827 481 1086 1011 355 483 717 1225 1427 979 1047 0 996 636 879 1230 1981 1492 623 1537 947 1257 1250 614 1122 1662 1076 266 1283 1141 754 1388 1011 1010 575 656 235 612 1105 1343 1024 1401 1504 611 1394 1244 1493 2171 1243 1072 1415 675 1055 422 1226 569 659 1740 955 717 552 678 175 1051 428 404 1193 1116 596 896 956 441 1459 1188 810 595 1046 1189
1506 939 1130 1697 968 278 2110 1219 685 1052 917 525 2040 1497 1088 932 1305 1275 1098 1831 1380 1273 560 803 1609 1706 950 693 933 1891 1898 1645 576 996 0 1208 1390 1653 1827 1320 1191 2151 1149 1519 1557 1496 677 1653 468 1085 1546 1404 1433 2074 1668 1212 575 856 1086 1127 1782 2059 1181 956 1332 852 1139 1507 2179 2017 289 912 1887 1549 1750 1190 1698 1221 860 1587 1651 762 1421 1356 937 1708 1167 849 1456 1379 1327 785 1736 1299 1721 1451 372 1167 1203 917
841 426 888 885 1193 1460 1313 103 986 1085 1461 1313 1869 788 738 520 559 685 748 1513 473 680 1039 717 1485 961 332 717 583 1094 1114 682 1259 636 1208 0 345 1589 1691 1414 126 1896 1159 967 938 973 1333 1372 1288 503 993 851 1176 1746 856 1222 787 925 560 268 1464 1639 745 1613 1426 879 1606 955 1852 1881 1455 1284 1103 959 1004 430 1585 254 871 1450 905 927 831 1155 467 896 344 542 903 826 581 947 1315 709 1169 898 1022 71 767 1111
599 667 995 633 1466 1642 1065 434 1280 1192 1735 1513 2110 854 954 761 727 925 964 1753 221 538 1221 1005 1726 1027 641 906 798 846 872 441 1441 879 1390 345 0 1830 1676 1491 457 2136 1432 952 696 1214 1607 1357 1470 744 978 837 1416 1987 603 1495 883 1170 801 582 1705 1880 753 1886 1518 1137 1879 940 2092 1866 1637 1557 861 1199 1071 657 1825 471 1144 1436 971 988 1071 1396 708 643 560 851 889 811 647 1044 1555 950 954 884 1204 380 775 1218
2052 1175 1676 1987 1128 1905 2390 1600 1118 1873 1582 1405 395 1650 1635 1289 1556 1021 1645 355 1789 1819 1231 1148 364 1957 1391 1148 1479 2171 2373 1925 1704 1230 1653 1589 1830 0 2710 2203 1578 573 600 2065 2103 687 1454 2471 1450 1151 2092 1950 532 586 1957 615 1232 1032 1037 1626 306 661 1727 1733 2215 1003 1727 2053 691 2900 1900 1404 2362 826 2001 1368 120 1519 910 2470 1901 1374 965 712 1217 1997 1375 1347 2002 1925 1542 1553 731 947 2268 1997 1467 1548 1749 1899
1746 1871 1275 1983 2240 1778 2396 1658 2042 936 2508 2202 3097 2176 1474 1887 2046 2143 1483 2888 1666 1378 1911 1860 2666 2349 1664 1750 1391 2177 1998 1930 1431 1981 1827 1691 1676 2710 0 598 1596 3207 2205 948 1726 2423 2380 365 2160 1961 744 888 2490 3131 1953 2269 1656 1943 2010 1514 2839 3097 1403 2659 625 1911 2653 825 3236 327 1820 2330 1538 2417 2392 1954 2755 1895 1918 292 2293 1550 2289 2413 1885 1993 1914 1665 995 1159 1969 1395 2764 2167 1355 815 1620 1740 1425 975
1561 1445 768 1798 1732 1270 2211 1389 1535 429 2000 1695 2590 1991 966 1405 1796 1780 976 2381 1481 1193 1404 1353 2159 2164 1408 1242 884 1992 1814 1746 923 1492 1320 1414 1491 2203 598 0 1337 2700 1698 763 1541 2005 1872 424 1653 1591 659 704 1982 2623 1769 1761 1149 1436 1591 1278 2332 2609 1218 2152 51 1403 2145 640 2728 788 1313 1823 1353 2054 2208 1699 2247 1609 1410 358 2108 1043 1926 1906 1423 1809 1658 1158 811 975 1784 888 2285 1805 1170 630 1113 1453 1240 467
828 415 810 983 1175 1442 1386 72 968 1007 1444 1295 1858 780 661 509 552 674 670 1502 586 568 1022 700 1474 954 308 700 505 1167 1226 794 1241 623 1191 126 457 1578 1596 1337 0 1885 1141 872 879 963 1316 1277 1270 493 899 757 1165 1736 954 1204 759 907 549 155 1453 1628 633 1595 1349 862 1589 860 1841 1786 1437 1266 1215 948 997 455 1574 364 853 1356 898 876 820 1144 457 994 415 524 809 732 574 869 1304 699 1074 804 1004 183 655 1033
2407 1482 2173 2293 1625 2402 2696 1906 1615 2370 2079 1903 267 1956 2132 1596 1862 1328 2142 511 2096 2317 1728 1646 777 2264 1706 1646 1977 2477 2680 2231 2201 1537 2151 1896 2136 573 3207 2700 1885 0 1098 2563 2503 994 1951 2968 1947 1457 2589 2447 838 322 2264 1113 1729 1529 1344 1977 479 564 2224 2230 2712 1500 2224 2551 281 3398 2397 1901 2668 1133 2308 1674 453 1826 1407 2967 2208 1871 1272 1019 1524 2304 1681 1832 2499 2422 1849 2050 855 1253 2759 2494 1964 1855 2246 2396
1547 890 1171 1686 613 1400 2089 1169 613 1368 1077 901 988 1448 1130 883 1255 1060 1140 762 1422 1315 726 644 494 1657 900 644 974 1870 1940 1624 1199 947 1149 1159 1432 600 2205 1698 1141 1098 0 1561 1599 838 949 1966 945 1035 1587 1445 692 1000 1657 209 727 527 1005 1121 713 974 1222 1228 1710 498 1222 1549 1105 2395 1395 899 1928 977 1700 1140 645 1172 405 1965 1601 869 1096 751 888 1697 1118 842 1497 1420 1277 1048 865 985 1763 1492 962 1118 1244 1394
1067 1147 622 1259 1595 1703 1672 934 1413 1030 1863 1641 2453 1452 775 1163 1322 1419 758 2232 942 654 1350 1213 2021 1625 940 1105 864 1453 1443 1206 1356 1257 1519 967 952 2065 948 763 872 2563 1561 0 1087 1699 1735 635 1599 1237 311 115 1845 2472 1229 1624 1011 1299 1286 790 2183 2373 651 2014 790 1266 2008 272 2577 1138 1745 1686 986 1693 1668 1230 2110 1171 1273 707 1569 1104 1565 1769 1161 1269 1190 1028 321 485 1245 1078 2040 1443 803 255 1333 1016 673 1056
141 1054 1162 902 1633 1809 1315 947 1451 1359 1901 1679 2476 1095 1120 1148 967 1292 1130 2120 582 484 1388 1254 2059 1268 985 1143 965 1096 521 849 1607 1250 1557 938 696 2103 1726 1541 879 2503 1599 1087 0 1581 1773 1407 1637 1111 1028 972 1783 2354 872 1662 1049 1337 1167 761 2071 2246 795 2052 1568 1304 2046 942 2459 1916 1803 1724 510 1566 1311 919 2148 1045 1311 1486 1212 1155 1438 1767 1095 912 864 1066 924 783 888 1211 1922 1317 379 1019 1371 972 817 1384
1484 560 1478 1371 1273 1747 1774 984 1118 1675 1594 1392 967 1034 1385 674 940 406 1395 611 1174 1460 1239 903 583 1342 784 894 1229 1555 1757 1309 1546 614 1496 973 1214 687 2423 2005 963 994 838 1699 1581 0 1466 2104 1459 535 1725 1584 274 844 1342 905 1074 961 422 1054 562 800 1500 1745 2017 905 1739 1687 949 2613 1742 1416 1746 210 1385 752 683 903 922 2183 1286 1217 348 270 602 1382 759 917 1636 1559 927 1396 413 331 1839 1631 1309 932 1522 1701
1722 1064 1346 1861 586 741 2264 1344 797 1543 323 542 1841 1622 1305 1057 1430 1400 1314 1631 1596 1489 839 818 1410 1831 1075 818 1149 2045 2114 1799 1138 1122 677 1333 1607 1454 2380 1872 1316 1951 949 1735 1773 1466 0 2140 624 1210 1762 1620 1402 1874 1831 1012 902 711 1211 1296 1583 1893 1397 366 1884 682 536 1723 1979 2570 635 371 2103 1625 1875 1315 1498 1346 661 2140 1776 1044 1546 1326 1062 1871 1292 1017 1672 1595 1452 1223 1706 1424 1937 1667 1015 1292 1419 1478
1427 1553 1071 1664 2000 1604 2077 1339 1818 762 2268 2025 2858 1857 1224 1568 1727 1824 1207 2637 1347 1059 1734 1619 2427 2030 1346 1510 1218 1858 1680 1612 1257 1662 1653 1372 1357 2471 365 424 1277 2968 1966 635 1407 2104 2140 0 1983 1642 416 575 2250 2877 1635 2029 1417 1704 1691 1196 2589 2778 1084 2420 451 1671 2413 506 2982 555 1646 2091 1219 2098 2073 1635 2515 1577 1678 153 1974 1376 1970 2174 1566 1675 1595 1433 683 847 1650 1221 2446 1849 1036 502 1446 1421 1106 801
1585 1019 1210 1777 586 719 2190 1299 414 1376 731 144 1837 1577 1168 1012 1384 1355 1178 1628 1460 1353 352 806 1406 1786 1030 773 1013 1971 1978 1725 994 1076 468 1288 1470 1450 2160 1653 1270 1947 945 1599 1637 1459 624 1983 0 1165 1626 1484 1395 1870 1748 1008 652 597 1166 1207 1579 1890 1261 904 1665 617 876 1587 1975 2350 714 553 1967 1618 1830 1270 1495 1301 595 1920 1730 829 1501 1319 1017 1788 1247 929 1536 1459 1406 1008 1698 1379 1801 1531 632 1247 1283 1249
1014 146 1064 901 1070 1336 1304 514 862 1261 1338 1189 1431 564 971 260 470 224 981 1074 704 998 916 594 1047 872 343 594 815 1085 1287 839 1135 266 1085 503 744 1151 1961 1591 493 1457 1035 1237 1111 535 1210 1642 1165 0 1264 1122 737 1308 871 1099 664 801 122 593 1026 1179 1038 1489 1603 756 1483 1225 1413 2151 1331 1160 1276 498 915 282 1146 433 748 1721 816 806 370 733 188 911 289 503 1174 1097 456 985 862 249 1369 1169 898 462 1060 1287
1048 1174 747 1285 1621 1797 1698 960 1439 998 1890 1668 2479 1478 900 1189 1349 1445 883 2259 968 680 1377 1240 2048 1651 967 1132 953 1479 1301 1233 1479 1283 1546 993 978 2092 744 659 899 2589 1587 311 1028 1725 1762 416 1626 1264 0 252 1871 2499 1256 1650 1038 1325 1312 817 2210 2399 705 2041 686 1292 2035 127 2604 934 1792 1712 840 1719 1695 1257 2137 1198 1299 532 1595 1143 1591 1795 1188 1296 1216 1054 346 510 1271 1199 2067 1470 657 178 1359 1042 727 1036
952 1032 507 1143 1479 1587 1556 818 1297 915 1748 1526 2337 1336 660 1047 1207 1303 642 2117 826 538 1235 1098 1906 1509 825 990 749 1337 1344 1091 1240 1141 1404 851 837 1950 888 704 757 2447 1445 115 972 1584 1620 575 1484 1122 252 0 1729 2357 1114 1509 896 1183 1170 675 2068 2258 536 1899 730 1150 1893 213 2462 1078 1630 1570 926 1577 1553 1115 1995 1056 1157 648 1453 989 1449 1653 1046 1154 1074 912 262 413 1129 962 1925 1328 743 192 1217 900 558 941
1687 762 1455 1573 1209 1684 1976 1186 1054 1652 1530 1328 812 1236 1414 876 1142 608 1424 455 1376 1599 1176 916 430 1544 986 928 1259 1757 1960 1511 1483 754 1433 1176 1416 532 2490 1982 1165 838 692 1845 1783 274 1402 2250 1395 737 1871 1729 0 689 1544 759 1011 897 624 1257 406 656 1507 1681 1994 842 1675 1833 794 2680 1679 1352 1948 413 1588 954 527 1106 859 2249 1488 1154 552 180 804 1584 961 1109 1781 1704 1129 1333 303 533 2041 1776 1246 1135 1529 1678
2257 1333 2097 2144 1548 2325 2547 1757 1538 2293 2002 1826 418 1807 2055 1447 1713 1179 2065 335 1947 2232 1651 1569 635 2115 1557 1563 1900 2328 2530 2082 2124 1388 2074 1746 1987 586 3131 2623 1736 322 1000 2472 2354 844 1874 2877 1870 1308 2499 2357 689 0 2115 1036 1652 1452 1195 1827 304 260 2148 2153 2635 1424 2147 2460 132 3321 2320 1824 2519 984 2158 1525 466 1677 1331 2890 2059 1795 1121 869 1375 2155 1532 1690 2409 2332 1700 1974 606 1104 2612 2404 1887 1706 2170 2319
776 814 1272 96 1691 1919 655 945 1484 1469 1959 1783 2237 855 1231 909 728 1053 1241 1881 420 815 1499 1215 1853 1029 887 1126 1075 491 763 403 1718 1011 1668 856 603 1957 1953 1769 954 2264 1657 1229 872 1342 1831 1635 1748 871 1256 1114 1544 2115 0 1720 1160 1412 928 881 1832 2007 1030 2111 1796 1367 2104 1217 2220 2143 1914 1782 1026 1327 1072 680 1953 806 1369 1713 838 1265 1199 1528 856 105 625 1124 1166 1089 649 1321 1683 1078 1131 1161 1481 891 1052 1495
1610 953 1235 1749 674 1463 2153 1233 676 1431 1140 964 1002 1511 1193 946 1318 1123 1203 793 1485 1378 789 707 561 1720 963 707 1038 1934 2003 1688 1262 1010 1212 1222 1495 615 2269 1761 1204 1113 209 1624 1662 905 1012 2029 1008 1099 1650 1509 759 1036 1720 0 791 590 1068 1184 744 1041 1286 1291 1773 562 1199 1612 1141 2459 1458 962 1991 1044 1764 1203 660 1235 469 2028 1664 933 1159 815 951 1760 1181 906 1561 1483 1340 1112 932 1048 1826 1556 1025 1181 1308 1457
998 518 622 1189 761 827 1602 798 486 819 1030 693 1619 1076 581 511 883 853 591 1410 873 765 397 382 1188 1285 528 272 425 1383 1390 1137 626 575 575 787 883 1232 1656 1149 759 1729 727 1011 1049 1074 902 1417 652 664 1038 896 1011 1652 1160 791 0 465 664 662 1361 1638 673 1181 1161 432 1175 999 1758 1846 822 852 1379 1127 1329 768 1277 800 439 1416 1229 235 999 935 516 1200 746 376 948 871 905 414 1315 878 1214 943 389 746 695 839
1285 655 909 1441 570 1108 1853 935 257 1106 839 587 1419 1214 868 649 1021 991 878 1209 1160 1053 378 405 988 1423 666 409 712 1634 1678 1379 937 656 856 925 1170 1032 1943 1436 907 1529 527 1299 1337 961 711 1704 597 801 1325 1183 897 1452 1412 590 465 0 794 887 1161 1471 960 990 1448 119 984 1286 1557 2133 1102 661 1666 1120 1466 906 1076 938 239 1703 1367 607 1128 821 653 1452 884 604 1235 1158 1043 786 1200 1012 1501 1230 693 884 982 1132
1071 146 1065 957 1070 1337 1361 571 863 1262 1339 1190 1317 621 972 260 527 227 982 961 760 1047 917 595 933 928 370 593 816 1142 1344 896 1136 235 1086 560 801 1037 2010 1591 549 1344 1005 1286 1167 422 1211 1691 1166 122 1312 1170 624 1195 928 1068 664 794 0 641 912 1150 1086 1490 1603 750 1484 1273 1300 2200 1332 1161 1332 482 972 339 1033 490 748 1769 872 806 359 622 188 968 345 503 1222 1145 513 986 763 246 1426 1217 899 519 1108 1288
709 503 761 910 1155 1379 1323 222 948 958 1424 1249 1950 903 663 518 675 774 673 1594 593 464 958 680 1566 1077 296 665 508 1104 1111 858 1178 612 1127 268 582 1626 1514 1278 155 1977 1121 790 761 1054 1296 1196 1207 593 817 675 1257 1827 881 1184 662 887 641 0 1545 1728 507 1575 1297 842 1569 778 1932 1704 1374 1246 1099 1048 1120 578 1665 488 833 1274 1021 772 920 1234 517 921 538 504 727 623 697 814 1396 799 965 722 941 314 528 983
1975 1050 1805 1861 1257 2034 2265 1475 1247 2002 1711 1534 454 1525 1764 1164 1430 896 1774 61 1664 1943 1360 1277 348 1832 1274 1274 1608 2046 2248 1800 1833 1105 1782 1464 1705 306 2839 2332 1453 479 713 2183 2071 562 1583 2589 1579 1026 2210 2068 406 304 1832 744 1361 1161 912 1545 0 367 1856 1862 2344 1132 1856 2171 409 3029 2029 1533 2236 701 1876 1243 296 1394 1039 2599 1776 1503 840 587 1092 1872 1249 1407 2120 2043 1417 1682 528 822 2330 2115 1596 1423 1878 2028
2150 1287 2082 2036 1567 2311 2440 1650 1557 2279 2021 1845 660 1700 2041 1401 1606 1066 2051 399 1839 2134 1670 1542 644 2007 1478 1537 1885 2221 2423 1975 2110 1343 2059 1639 1880 661 3097 2609 1628 564 974 2373 2246 800 1893 2778 1890 1179 2399 2258 656 260 2007 1041 1638 1471 1150 1728 367 0 2133 2172 2621 1443 2166 2361 374 3287 2306 1844 2411 939 2051 1418 623 1569 1350 2857 1951 1780 912 836 1329 2047 1424 1644 2310 2232 1592 1959 387 1024 2505 2305 1873 1598 2155 2305
768 948 689 1059 1257 1432 1473 700 1075 982 1525 1303 2114 1252 607 937 1123 1220 590 1905 743 397 1012 877 1683 1426 741 767 495 1254 1235 1007 1231 1024 1181 745 753 1727 1403 1218 633 2224 1222 651 795 1500 1397 1084 1261 1038 705 536 1507 2148 1030 1286 673 960 1086 507 1856 2133 0 1676 1245 928 1670 667 2253 1593 1427 1347 1055 1494 1469 1031 1772 971 935 1163 1370 778 1366 1430 945 1070 990 690 615 513 1046 834 1810 1244 868 611 994 798 22 1008
2001 1344 1625 2140 865 1021 2543 1623 1076 1822 453 821 2120 1902 1584 1337 1709 1679 1594 1911 1876 1768 1118 1097 1689 2111 1354 1097 1428 2324 2393 2078 1417 1401 956 1613 1886 1733 2659 2152 1595 2230 1228 2014 2052 1745 366 2420 904 1489 2041 1899 1681 2153 2111 1291 1181 990 1490 1575 1862 2172 1676 0 2164 961 325 2002 2258 2849 915 572 2382 1905 2154 1594 1778 1626 940 2419 2055 1323 1825 1605 1341 2151 1572 1296 1951 1874 1731 1502 1985 1704 2217 1946 1294 1572 1698 1758
1588 1457 780 1825 1744 1282 2238 1401 1547 441 2012 1707 2602 2015 978 1417 1808 1792 988 2393 1508 1220 1416 1365 2171 2191 1420 1254 896 2019 1841 1773 935 1504 1332 1426 1518 2215 625 51 1349 2712 1710 790 1568 2017 1884 451 1665 1603 686 730 1994 2635 1796 1773 1161 1448 1603 1297 2344 2621 1245 2164 0 1415 2157 667 2740 815 1325 1835 1380 2066 2234 1711 2259 1621 1422 384 2135 1055 1938 1918 1435 1836 1670 1170 838 1002 1811 900 2297 1817 1197 657 1125 1465 1267 479
1252 610 876 1396 542 1103 1808 890 276 1073 810 606 1390 1169 835 604 976 946 845 1181 1127 1020 397 359 959 1378 621 376 680 1589 1645 1335 904 611 852 879 1137 1003 1911 1403 862 1500 498 1266 1304 905 682 1671 617 756 1292 1150 842 1424 1367 562 432 119 750 842 1132 1443 928 961 1415 0 955 1254 1529 2101 1098 633 1633 1065 1421 861 1048 892 211 1670 1322 575 1084 766 608 1407 839 558 1202 1125 998 754 1145 967 1468 1197 667 838 950 1099
1995 1337 1619 2134 850 1204 2537 1617 1070 1816 340 793 2114 1895 1578 1330 1703 1673 1587 1904 1869 1762 1090 1091 1683 2104 1348 1091 1422 2318 2387 2072 1600 1394 1139 1606 1879 1727 2653 2145 1589 2224 1222 2008 2046 1739 536 2413 876 1483 2035 1893 1675 2147 2104 1199 1175 984 1484 1569 1856 2166 1670 325 2157 955 0 1996 2252 2843 1098 392 2376 1898 2148 1588 1771 1619 934 2413 2049 1317 1819 1599 1335 2144 1565 1290 1945 1868 1725 1496 1978 1697 2210 1940 1377 1565 1692 1842
961 1135 709 1246 1583 1758 1659 922 1401 979 1851 1629 2440 1439 861 1150 1310 1407 844 2220 930 641 1338 1201 2009 1612 928 1093 915 1440 1214 1194 1442 1244 1507 955 940 2053 825 640 860 2551 1549 272 942 1687 1723 506 1587 1225 127 213 1833 2460 1217 1612 999 1286 1273 778 2171 2361 667 2002 667 1254 1996 0 2565 1015 1753 1673 754 1681 1656 1218 2098 1159 1261 584 1557 1104 1553 1756 1149 1257 1177 1016 308 472 1233 1160 2028 1431 571 139 1320 1003 689 1017
2362 1438 2202 2249 1653 2430 2652 1862 1643 2399 2107 1931 470 1912 2160 1552 1818 1284 2170 440 2052 2337 1756 1674 740 2220 1662 1668 2005 2433 2635 2187 2229 1493 2179 1852 2092 691 3236 2728 1841 281 1105 2577 2459 949 1979 2982 1975 1413 2604 2462 794 132 2220 1141 1758 1557 1300 1932 409 374 2253 2258 2740 1529 2252 2565 0 3426 2425 1929 2624 1089 2263 1630 571 1782 1436 2995 2164 1900 1161 974 1480 2260 1637 1795 2514 2437 1805 2079 718 1209 2717 2509 1992 1811 2275 2424
1936 2061 1465 2173 2430 1968 2586 1848 2232 1126 2698 2392 3287 2366 1664 2077 2236 2333 1673 3078 1856 1568 2101 2050 2856 2539 1854 1940 1581 2367 2188 2120 1621 2171 2017 1881 1866 2900 327 788 1786 3398 2395 1138 1916 2613 2570 555 2350 2151 934 1078 2680 3321 2143 2459 1846 2133 2200 1704 3029 3287 1593 2849 815 2101 2843 1015 3426 0 2010 2520 1728 2607 2582 2144 2945 2085 2108 469 2483 1740 2479 2603 2075 2183 2104 1855 1185 1349 2159 1585 2954 2357 1545 1005 1810 1930 1615 1165
1752 1186 1158 1943 1079 106 2356 1465 932 1045 876 772 2287 1744 1335 1179 1551 1521 1345 2078 1627 1519 806 1050 1856 1953 1196 939 1179 2137 2144 1891 569 1243 289 1455 1637 1900 1820 1313 1437 2397 1395 1745 1803 1742 635 1646 714 1331 1792 1630 1679 2320 1914 1458 822 1102 1332 1374 2029 2306 1427 915 1325 1098 1098 1753 2425 2010 0 870 2133 1795 1996 1436 1944 1468 1107 1580 1897 879 1667 1603 1183 1954 1414 1095 1702 1625 1573 893 1982 1546 1968 1697 610 1414 1449 909
1672 1015 1296 1811 536 976 2214 1294 747 1493 318 471 1791 1573 1255 1008 1380 1350 1265 1582 1547 1440 767 768 1360 1782 1025 768 1099 1995 2064 1749 1324 1072 912 1284 1557 1404 2330 1823 1266 1901 899 1686 1724 1416 371 2091 553 1160 1712 1570 1352 1824 1782 962 852 661 1161 1246 1533 1844 1347 572 1835 633 392 1673 1929 2520 870 0 2053 1576 1825 1265 1449 1297 611 2090 1726 994 1496 1276 1012 1822 1243 967 1622 1545 1402 1173 1656 1375 1888 1617 1084 1243 1369 1519
545 1219 1292 1035 1962 2138 1480 1192 1780 1677 2231 2009 2642 1260 1375 1313 1132 1457 1357 2285 747 879 1718 1564 2258 1433 1286 1437 1294 1261 586 1015 1937 1415 1887 1103 861 2362 1538 1353 1215 2668 1928 986 510 1746 2103 1219 1967 1276 840 926 1948 2519 1026 1991 1379 1666 1332 1099 2236 2411 1055 2382 1380 1633 2376 754 2624 1728 2133 2053 0 1731 1476 1084 2357 1210 1640 1298 1377 1484 1603 1932 1260 1042 1029 1395 886 752 1053 1540 2087 1482 234 853 1700 1138 1077 1703
1470 609 1528 1356 1432 1800 1759 969 1278 1725 1753 1551 1106 1019 1435 724 925 345 1445 750 1159 1454 1380 1007 722 1327 798 999 1279 1540 1743 1294 1599 675 1549 959 1199 826 2417 2054 948 1133 977 1693 1566 210 1625 2098 1618 498 1719 1577 413 984 1327 1044 1127 1120 482 1048 701 939 1494 1905 2066 1065 1898 1681 1089 2607 1795 1576 1731 0 1371 737 822 889 1082 2176 1271 1269 240 424 652 1367 744 966 1629 1552 912 1449 552 285 1824 1624 1362 918 1516 1751
1215 858 1711 1101 1735 2001 885 1019 1527 1908 2003 1854 2281 566 1565 952 747 1096 1575 1924 904 1254 1581 1259 1897 589 931 1259 1409 1065 1488 1039 1800 1055 1750 1004 1071 2001 2392 2208 997 2308 1700 1668 1311 1385 1875 2073 1830 915 1695 1553 1588 2158 1072 1764 1329 1466 972 1120 1876 2051 1469 2154 2234 1421 2148 1656 2263 2582 1996 1825 1476 1371 0 723 1997 849 1413 2152 706 1471 1243 1572 900 1112 669 1167 1605 1528 552 1650 1727 1121 1569 1600 1563 963 1491 1934
823 284 1172 709 1174 1441 1112 463 967 1369 1443 1294 1648 483 1023 388 280 463 1033 1291 512 862 1021 699 1264 680 373 699 867 893 1095 647 1240 422 1190 430 657 1368 1954 1699 455 1674 1140 1230 919 752 1315 1635 1270 282 1257 1115 954 1525 680 1203 768 906 339 578 1243 1418 1031 1594 1711 861 1588 1218 1630 2144 1436 1265 1084 737 723 0 1363 291 852 1714 624 911 609 938 326 720 110 613 1167 1090 300 1090 1093 488 1177 1162 1003 388 1053 1395
2094 1171 1721 1982 1172 1950 2385 1595 1163 1918 1626 1450 382 1645 1680 1285 1551 1017 1689 345 1785 1864 1275 1193 383 1953 1395 1193 1524 2166 2369 1920 1748 1226 1698 1585 1825 120 2755 2247 1574 453 645 2110 2148 683 1498 2515 1495 1146 2137 1995 527 466 1953 660 1277 1076 1033 1665 296 623 1772 1778 2259 1048 1771 2098 571 2945 1944 1449 2357 822 1997 1363 0 1515 955 2515 1897 1419 961 708 1213 1993 1370 1392 2047 1970 1538 1598 727 942 2312 2042 1512 1544 1794 1944
948 356 1082 835 1206 1473 1238 342 999 1279 1474 1326 1799 633 933 451 406 615 942 1443 591 894 1052 730 1415 806 366 730 777 1019 1221 773 1272 569 1221 254 471 1519 1895 1609 364 1826 1172 1171 1045 903 1346 1577 1301 433 1198 1056 1106 1677 806 1235 800 938 490 488 1394 1569 971 1626 1621 892 1619 1159 1782 2085 1468 1297 1210 889 849 291 1515 0 884 1655 750 942 761 1086 398 846 181 584 1108 1031 426 1121 1245 640 1303 1103 1035 255 993 1305
1259 602 883 1398 521 1112 1801 882 325 1080 789 584 1297 1160 842 595 967 937 852 1088 1134 1027 376 356 866 1369 612 356 687 1582 1652 1337 911 659 860 871 1144 910 1918 1410 853 1407 405 1273 1311 922 661 1678 595 748 1299 1157 859 1331 1369 469 439 239 748 833 1039 1350 935 940 1422 211 934 1261 1436 2108 1107 611 1640 1082 1413 852 955 884 0 1677 1313 582 1083 782 600 1409 830 555 1209 1132 989 761 1162 962 1475 1205 674 830 957 1106
1505 1631 1035 1742 1999 1538 2155 1417 1802 696 2268 1962 2857 1935 1233 1646 1806 1902 1243 2648 1425 1137 1671 1620 2426 2108 1424 1510 1151 1936 1758 1690 1191 1740 1587 1450 1436 2470 292 358 1356 2967 1965 707 1486 2183 2140 153 1920 1721 532 648 2249 2890 1713 2028 1416 1703 1769 1274 2599 2857 1163 2419 384 1670 2413 584 2995 469 1580 2090 1298 2176 2152 1714 2515 1655 1677 0 2052 1310 2048 2173 1645 1753 1673 1425 755 919 1728 1155 2524 1927 1115 574 1380 1499 1184 735
