NAME: zurich_100_8
COMMENT: TSP instance with 100 nodes. City: Zurich, Switzerland, Seed: 50
TYPE: TSP
DIMENSION: 100
EDGE_WEIGHT_TYPE: EXPLICIT
EDGE_WEIGHT_FORMAT: FULL_MATRIX
NODE_COORD_SECTION:
1 47.2731925 8.6891282
2 47.3904763 8.4844077
3 47.3483929 8.381053
4 47.4987664 8.3407803
5 47.2683815 8.4834415
6 47.3092281 8.5505405
7 47.3401046 8.6645171
8 47.4145574 8.5593826
9 47.2841346 8.5436504
10 47.3411152 8.6695277
11 47.2231015 8.5599887
12 47.4832973 8.314613
13 47.5318909 8.4934183
14 47.2822022 8.5773687
15 47.2882315 8.5607756
16 47.3867841 8.7580704
17 47.3523343 8.7144485
18 47.4276341 8.5714942
19 47.3226355 8.542039
20 47.4422041 8.5830168
21 47.5098417 8.4788058
22 47.4142055 8.5508749
23 47.3060116 8.5314562
24 47.2615457 8.3176223
25 47.5005509 8.7478914
26 47.4569016 8.7746506
27 47.4953876 8.2972403
28 47.3947344 8.5296962
29 47.2003018 8.4322142
30 47.4338655 8.2898087
31 47.4223098 8.7680369
32 47.2515432 8.7623005
33 47.3911818 8.6995041
34 47.350999 8.5830708
35 47.4144165 8.5876011
36 47.5190763 8.3690506
37 47.4693783 8.3206515
38 47.508685 8.5381393
39 47.5025325 8.7256923
40 47.1985512 8.7718017
41 47.5284791 8.7730656
42 47.4021949 8.4369752
43 47.4053017 8.6137332
44 47.454775 8.4357076
45 47.4214676 8.4376104
46 47.5156446 8.5312996
47 47.3151665 8.3868526
48 47.3503159 8.4321877
49 47.504459 8.7294713
50 47.4087694 8.3319137
51 47.4853165 8.7694391
52 47.2969056 8.3190125
53 47.2185157 8.6078384
54 47.5126336 8.4729764
55 47.3925631 8.6856146
56 47.4131232 8.6087363
57 47.4246627 8.2999339
58 47.2926788 8.4236042
59 47.34668 8.2806682
60 47.382478 8.5969572
61 47.2548396 8.7968951
62 47.4950422 8.6742444
63 47.3827561 8.513608
64 47.484805 8.4868925
65 47.2852183 8.5352132
66 47.4511912 8.5262033
67 47.3873957 8.4287372
68 47.5237076 8.7910306
69 47.2148944 8.6760209
70 47.2851712 8.4081945
71 47.409405 8.7623826
72 47.3755121 8.4966713
73 47.4286496 8.6759139
74 47.5373543 8.729775
75 47.3409385 8.5731311
76 47.1974117 8.5224757
77 47.3796238 8.5375052
78 47.3373411 8.4383163
79 47.2581539 8.4177632
80 47.4815608 8.699575
81 47.2767637 8.4419244
82 47.225379 8.4609226
83 47.4432813 8.3603684
84 47.3457961 8.5977672
85 47.5023381 8.4951681
86 47.5519793 8.6723388
87 47.2884608 8.5344615
88 47.3710316 8.6872107
89 47.5250949 8.5392794
90 47.5087291 8.5457646
91 47.3894159 8.694563
92 47.4793704 8.7016328
93 47.2445188 8.5344221
94 47.3366049 8.5835576
95 47.4117667 8.5409537
96 47.3510707 8.6993638
97 47.2823627 8.6973458
98 47.4388896 8.4441454
99 47.4217339 8.3173382
100 47.4867778 8.7109429
EDGE_WEIGHT_SECTION:
0 1531 1916 2533 2199 1665 645 1421 1779 573 2383 2385 2243 1815 1700 1093 713 1437 1539 1506 2006 1444 1696 2692 1835 1527 2505 1337 2538 2446 1280 509 1063 802 1326 2518 2231 1788 1718 2642 1883 1772 1175 1883 1808 1783 2126 1706 1758 2397 1840 2584 2038 2053 1029 1315 2515 2100 2450 1155 647 1848 1393 1943 1825 1625 1927 2032 2107 2148 1211 1420 1375 1916 880 2501 1187 1792 2076 1658 1957 2248 2038 713 1914 1982 1807 913 1837 1772 992 1622 2286 879 1465 698 97 1811 2518 1576
1531 0 856 1179 1128 811 1281 626 870 1253 1474 1031 1457 906 791 1403 1207 746 682 840 1113 581 788 1749 1460 1586 1151 384 1629 1092 1477 1788 1151 728 757 1397 877 1121 1343 1733 1507 320 853 823 490 1117 1059 599 1383 1043 1582 1552 1129 1139 1054 884 1176 1192 1390 814 1835 1473 246 980 916 905 445 1656 1199 1239 1432 200 1112 1540 713 1592 437 683 1167 1282 1049 1339 684 844 1088 1607 898 1113 1170 1105 1081 1247 1344 806 534 1267 1434 643 1164 1201
1916 856 0 1358 977 886 1671 1131 946 1643 1367 1210 1742 982 866 1804 1608 1080 758 1151 1398 1085 863 1055 1860 1986 1330 983 1319 863 1878 2173 1551 1113 1205 1576 1056 1431 1744 1809 1908 570 1234 1107 823 1427 380 276 1784 611 1983 858 1205 1424 1455 1259 765 748 655 1207 2220 1820 864 1254 991 1145 547 2057 1274 665 1833 790 1513 1941 1098 1289 857 387 857 1683 739 1030 862 1229 1373 2007 974 1514 1480 1415 1482 1648 1193 1191 1076 1667 1819 1036 696 1601
2533 1179 1358 0 1833 1742 2079 1428 1802 2000 2223 273 1223 1838 1722 2100 1905 1376 1614 1447 895 1381 1719 2251 2157 2283 434 1287 2175 681 2175 2732 1848 1731 1501 277 386 1224 2040 2665 2205 1025 1531 943 1081 1105 1576 1150 2080 932 2280 1914 2061 851 1752 1556 765 1728 1499 1634 2686 2029 1258 897 1848 1261 1073 2354 2130 1775 2129 1267 1810 2237 1724 2145 1356 1261 1713 1980 1595 1886 661 1846 885 2153 1830 1810 1192 1220 1779 1944 2049 1816 1373 1964 2436 1070 811 1898
2199 1128 977 1833 0 892 1954 1475 633 1925 553 1686 2217 949 818 2220 2024 1555 862 1626 1873 1430 779 1149 2276 2402 1806 1285 877 1679 2294 2456 1967 1396 1573 2052 1532 1907 2160 1829 2324 1045 1667 1583 1307 1902 729 767 2200 1486 2399 1049 877 1900 1871 1687 1604 440 1502 1490 2503 2281 1147 1730 562 1620 1023 2473 1193 487 2249 1055 1929 2357 1381 681 1140 698 533 2099 339 587 1338 1512 1849 2423 548 1929 1956 1890 1898 2064 379 1474 1434 2083 2102 1512 1566 2017
1665 811 886 1742 892 0 1421 996 364 1392 1002 1595 1914 362 285 1741 1545 1103 182 1177 1677 951 210 1663 1797 1923 1715 806 1509 1600 1815 1922 1488 863 1094 1961 1441 1459 1681 1261 1845 954 1191 1492 1216 1454 1097 677 1720 1411 1920 1554 657 1724 1392 1222 1530 1071 1420 956 1969 1810 668 1614 436 1296 932 1994 726 1119 1770 695 1450 1878 847 1133 661 763 1047 1620 928 1219 1247 978 1585 1944 418 1450 1508 1443 1419 1585 897 940 955 1604 1568 1316 1493 1538
645 1281 1671 2079 1954 1421 0 934 1534 87 2139 1931 1757 1570 1455 967 587 951 1295 1020 1520 970 1452 2448 1484 1377 2051 1048 2294 1992 1154 928 757 594 840 2032 1777 1302 1368 2398 1532 1433 689 1396 1321 1297 1882 1462 1407 1943 1607 2339 1794 1566 683 829 2076 1856 2205 732 975 1497 1144 1456 1580 1138 1498 1681 1863 1904 1085 1171 997 1565 672 2257 927 1548 1832 1307 1713 2004 1583 505 1428 1631 1562 685 1350 1285 688 1271 2041 671 1042 572 548 1325 2064 1225
1421 626 1131 1428 1475 996 934 0 1055 855 1659 1280 1095 1091 976 1008 812 181 867 358 855 46 972 1968 1065 1191 1400 308 1814 1341 1082 1639 756 701 219 1381 1126 639 948 1918 1112 768 363 745 670 635 1349 923 988 1292 1187 1827 1314 902 659 383 1424 1377 1665 489 1594 1028 440 779 1101 451 847 1262 1383 1424 1037 534 714 1145 750 1777 404 1034 1352 887 1233 1524 932 816 765 1212 1083 718 688 623 687 852 1562 834 128 872 1324 660 1413 806
1779 870 946 1802 633 364 1534 1055 0 1506 681 1654 1973 316 185 1800 1604 1162 386 1236 1736 1010 302 1722 1857 1983 1774 865 1261 1659 1874 2036 1547 977 1153 2020 1500 1518 1740 1320 1904 1014 1250 1551 1275 1514 1139 736 1780 1471 1979 1614 716 1783 1451 1281 1590 1015 1480 1070 2083 1870 727 1673 107 1355 991 2053 785 1063 1829 754 1509 1937 961 812 721 822 1106 1679 915 971 1306 1092 1644 2003 113 1510 1567 1502 1478 1644 638 1054 1015 1663 1682 1375 1552 1597
573 1253 1643 2000 1925 1392 87 855 1506 0 2110 1852 1678 1542 1426 895 515 872 1266 941 1441 891 1423 2419 1405 1298 1972 983 2265 1913 1082 856 679 566 761 1953 1698 1223 1289 2369 1453 1354 610 1317 1242 1218 1853 1433 1328 1864 1528 2311 1765 1487 604 750 1997 1827 2177 662 903 1418 1110 1377 1552 1059 1419 1602 1834 1875 1013 1142 918 1486 643 2228 899 1519 1803 1228 1684 1975 1504 476 1349 1552 1534 606 1271 1206 609 1192 2013 642 963 501 476 1246 1985 1146
2383 1474 1367 2223 553 1002 2139 1659 681 2110 0 2075 2577 969 866 2404 2208 1766 1041 1841 2263 1614 957 1548 2461 2587 2195 1469 895 2080 2478 2640 2152 1581 1758 2441 1921 2122 2344 1392 2508 1435 1854 1972 1696 2118 1217 1156 2384 1892 2583 1448 440 2289 2055 1885 2011 928 1901 1674 2687 2474 1331 2119 741 1959 1412 2657 757 976 2433 1358 2113 2541 1565 477 1325 1087 877 2283 796 605 1727 1696 2228 2608 727 2114 2171 2106 2082 2248 234 1658 1619 2268 2286 1901 1973 2202
2385 1031 1210 273 1686 1595 1931 1280 1654 1852 2075 0 1447 1690 1575 1953 1757 1229 1466 1300 1119 1234 1572 2104 2010 2136 280 1139 2028 534 2027 2584 1700 1583 1354 500 239 1447 1893 2517 2057 878 1383 795 933 1328 1428 1003 1933 785 2132 1766 1913 1075 1604 1408 617 1580 1352 1486 2539 1969 1111 1121 1700 1293 926 2206 1982 1628 1982 1120 1662 2090 1576 1997 1208 1113 1566 1832 1447 1738 514 1699 1108 2156 1682 1663 1415 1444 1631 1797 1901 1669 1225 1816 2289 922 663 1750
2243 1457 1742 1223 2217 1914 1757 1095 1973 1678 2577 1447 0 2009 1894 1778 1582 922 1786 988 344 1080 1891 2635 1771 1961 1607 1264 2559 1769 1852 2409 1526 1621 1077 1106 1451 666 1599 2837 1651 1393 1208 923 1204 557 1960 1534 1638 1902 1926 2438 2233 374 1429 1223 1853 2112 2276 1312 2364 1432 1391 657 2019 892 1458 1800 2302 2160 1807 1484 1452 1643 1669 2529 1322 1645 2097 1644 1979 2270 1351 1736 444 1519 2001 1488 600 644 1457 1619 2433 1753 1161 1642 2146 1031 1898 1576
1815 906 982 1838 949 362 1570 1091 316 1542 969 1690 2009 0 177 1836 1640 1198 446 1272 1772 1046 400 1758 1893 2018 1810 901 1577 1695 1910 2072 1583 1013 1189 2056 1536 1554 1776 1265 1940 1050 1286 1587 1311 1550 1192 772 1816 1507 2015 1650 655 1819 1487 1317 1626 1166 1516 1106 2119 1905 763 1709 423 1391 1027 2089 731 1214 1865 790 1545 1973 997 1100 756 858 1142 1715 1023 1287 1342 1128 1680 2039 429 1546 1603 1538 1514 1680 954 1090 1051 1699 1718 1411 1588 1633
1700 791 866 1722 818 285 1455 976 185 1426 866 1575 1894 177 0 1721 1525 1083 369 1157 1657 931 285 1643 1777 1903 1695 786 1445 1580 1795 1957 1468 897 1074 1941 1421 1439 1661 1241 1825 934 1171 1472 1196 1434 1077 657 1700 1391 1900 1534 637 1704 1372 1202 1510 1051 1400 991 2004 1790 648 1594 291 1276 912 1974 706 1099 1749 675 1430 1858 882 997 641 743 1027 1600 908 1156 1227 1013 1565 1924 297 1430 1488 1423 1399 1565 823 975 935 1584 1603 1296 1473 1518
1093 1403 1804 2100 2220 1741 967 1008 1800 895 2404 1953 1778 1836 1721 0 458 972 1612 1041 1541 1022 1717 2697 997 535 2072 1090 2559 2014 288 1240 432 1154 903 2053 1799 1323 880 2663 1045 1455 789 1418 1343 1319 2022 1596 920 1964 848 2500 2059 1588 432 892 2097 2121 2338 983 1135 1000 1217 1478 1846 1160 1519 1194 2128 2169 219 1311 645 1078 1231 2522 1149 1707 2097 809 1978 2269 1605 1064 1449 1144 1828 504 1372 1307 362 774 2307 1230 1076 522 996 1346 2085 738
713 1207 1608 1905 2024 1545 587 812 1604 515 2208 1757 1582 1640 1525 458 0 776 1416 845 1345 827 1521 2501 1141 844 1877 894 2363 1818 644 911 368 953 707 1858 1603 1127 1024 2467 1188 1259 593 1222 1147 1123 1826 1400 1064 1768 1157 2304 1863 1392 335 696 1901 1926 2142 787 866 1154 1022 1282 1650 964 1324 1338 1932 1973 575 1115 680 1221 1031 2326 953 1511 1901 963 1782 2073 1409 864 1253 1288 1632 227 1176 1111 298 928 2111 1030 880 100 616 1151 1890 882
1437 746 1080 1376 1555 1103 951 181 1162 872 1766 1229 922 1198 1083 972 776 0 974 185 684 166 1080 1973 1029 1155 1349 428 1897 1290 1047 1604 720 810 163 1326 1075 467 912 2025 1077 731 360 694 619 462 1298 872 952 1240 1152 1776 1421 731 624 342 1373 1450 1614 506 1558 855 560 693 1208 375 795 1226 1491 1497 1001 654 682 1109 858 1867 511 983 1435 852 1317 1608 881 925 592 1176 1190 682 515 450 651 816 1669 942 248 836 1341 622 1362 770
1539 682 758 1614 862 182 1295 867 386 1266 1041 1466 1786 446 369 1612 1416 974 0 1049 1549 822 275 1534 1669 1795 1586 677 1380 1471 1686 1797 1360 737 966 1832 1312 1331 1552 1341 1717 826 1062 1364 1087 1326 968 548 1592 1283 1792 1426 737 1595 1263 1093 1402 943 1292 831 1844 1682 539 1485 406 1167 804 1866 806 990 1641 566 1322 1749 722 1193 533 635 918 1491 800 1090 1119 853 1457 1816 389 1322 1379 1314 1291 1456 867 814 827 1476 1443 1187 1365 1410
1506 840 1151 1447 1626 1177 1020 358 1236 941 1841 1300 988 1272 1157 1041 845 185 1049 0 751 343 1154 2044 1098 1224 1420 527 1968 1361 1116 1672 789 884 340 1389 1146 533 981 2100 1146 802 467 765 690 528 1369 943 1021 1311 1221 1847 1496 798 692 472 1444 1521 1685 575 1627 820 654 757 1282 440 867 1295 1565 1568 1070 748 680 1178 933 1938 585 1054 1506 917 1388 1679 952 999 659 1219 1264 751 582 517 720 882 1743 1017 419 905 1410 694 1433 839
2006 1113 1398 895 1873 1677 1520 855 1736 1441 2263 1119 344 1772 1657 1541 1345 684 1549 751 0 830 1654 2291 1584 1724 1280 1027 2215 1425 1615 2172 1289 1384 840 778 1107 439 1425 2599 1477 1049 971 579 860 320 1616 1190 1465 1558 1720 2094 1996 47 1192 986 1509 1768 1932 1075 2127 1238 1154 313 1782 548 1114 1626 2065 1816 1570 1175 1215 1470 1432 2185 1085 1301 1753 1420 1635 1926 1007 1499 100 1345 1764 1251 407 435 1220 1385 2089 1516 865 1405 1909 687 1554 1339
1444 581 1085 1381 1430 951 970 46 1010 891 1614 1234 1080 1046 931 1022 827 166 822 343 830 0 928 1923 1079 1205 1353 263 1769 1295 1097 1654 770 656 266 1334 1080 625 962 1873 1127 723 409 698 624 620 1303 877 1002 1245 1202 1781 1269 877 674 429 1378 1332 1619 525 1608 1013 395 747 1056 408 800 1276 1338 1379 1051 489 732 1159 705 1732 359 988 1307 902 1189 1479 886 771 751 1226 1038 732 674 608 701 866 1517 789 82 886 1347 613 1366 820
1696 788 863 1719 779 210 1452 972 302 1423 957 1572 1891 400 285 1717 1521 1080 275 1154 1654 928 0 1640 1774 1900 1691 783 1406 1576 1792 1954 1465 894 1071 1938 1418 1436 1657 1237 1822 931 1168 1469 1192 1431 1074 653 1697 1388 1897 1531 633 1701 1368 1199 1507 1048 1397 988 2000 1787 645 1590 323 1273 909 1971 703 1095 1746 671 1427 1854 879 1102 638 740 1023 1597 905 1117 1224 1010 1562 1921 305 1427 1485 1420 1396 1561 784 971 932 1581 1600 1293 1470 1515
2692 1749 1055 2251 1149 1663 2448 1968 1722 2419 1548 2104 2635 1758 1643 2697 2501 1973 1534 2044 2291 1923 1640 0 2754 2880 2223 1778 1142 1638 2771 2949 2445 1890 2067 2470 1950 2324 2637 2585 2802 1463 2127 2001 1724 2320 862 1169 2677 1468 2876 433 1853 2317 2348 2152 1541 843 941 1983 2996 2713 1640 2147 1655 2038 1441 2951 2050 769 2726 1661 2407 2834 1874 1456 1634 1133 853 2576 906 1072 1756 2005 2266 2901 1641 2407 2373 2308 2376 2541 1397 1967 1928 2561 2595 1930 1525 2495
1835 1460 1860 2157 2276 1797 1484 1065 1857 1405 2461 2010 1771 1893 1777 997 1141 1029 1669 1098 1584 1079 1774 2754 0 525 2129 1147 2616 2071 743 1968 995 1504 964 2110 1856 1374 182 2720 273 1512 858 1474 1400 1304 2078 1653 155 2021 284 2556 2116 1622 903 953 2154 2178 2395 1039 1923 522 1274 1534 1902 1217 1576 366 2185 2226 849 1368 756 409 1553 2579 1205 1764 2154 467 2035 2326 1662 1529 1504 686 1885 1046 1279 1346 957 432 2363 1637 1133 1200 1739 1403 2142 325
1527 1586 1986 2283 2402 1923 1377 1191 1983 1298 2587 2136 1961 2018 1903 535 844 1155 1795 1224 1724 1205 1900 2880 525 0 2255 1273 2742 2197 247 1673 694 1514 1090 2236 1982 1506 572 2846 668 1638 984 1600 1526 1501 2204 1779 545 2147 343 2682 2242 1771 759 1079 2280 2304 2520 1165 1609 882 1400 1660 2028 1343 1702 742 2311 2352 353 1494 794 803 1591 2705 1331 1890 2280 818 2161 2452 1788 1424 1632 1076 2011 866 1555 1490 690 782 2489 1590 1259 905 1430 1529 2268 669
2505 1151 1330 434 1806 1715 2051 1400 1774 1972 2195 280 1607 1810 1695 2072 1877 1349 1586 1420 1280 1353 1691 2223 2129 2255 0 1259 2147 654 2147 2704 1820 1703 1473 661 426 1608 2013 2637 2177 998 1503 976 1053 1489 1548 1122 2052 905 2252 1886 2033 1235 1724 1528 737 1700 1471 1606 2659 2088 1231 1281 1820 1413 1046 2326 2102 1748 2101 1239 1782 2210 1696 2117 1328 1233 1685 1952 1567 1858 694 1818 1269 2276 1802 1782 1576 1604 1751 1916 2021 1788 1345 1936 2408 1103 783 1870
1337 384 983 1287 1285 806 1048 308 865 983 1469 1139 1264 901 786 1090 894 428 677 527 1027 263 783 1778 1147 1273 1259 0 1624 1200 1165 1594 838 535 444 1406 985 809 1030 1728 1195 526 540 770 668 804 1193 784 1070 1151 1270 1670 1124 1073 741 571 1284 1187 1517 501 1641 1160 199 917 911 626 706 1344 1193 1234 1119 292 800 1227 584 1587 217 878 1162 969 1044 1334 792 650 935 1294 893 800 858 792 769 934 1372 668 216 954 1240 642 1272 888
2538 1629 1319 2175 877 1509 2294 1814 1261 2265 895 2028 2559 1577 1445 2559 2363 1897 1380 1968 2215 1769 1406 1142 2616 2742 2147 1624 0 2002 2633 2795 2306 1736 1913 2394 1874 2249 2499 2152 2663 1387 2008 1925 1649 2244 1034 1110 2539 1791 2738 1094 1200 2242 2210 2028 1909 888 1603 1829 2842 2622 1486 2072 1190 1962 1365 2812 1517 813 2588 1513 2268 2696 1720 696 1480 1186 608 2438 734 388 1680 1851 2191 2763 1176 2269 2298 2232 2237 2403 847 1813 1774 2422 2441 1854 1872 2356
2446 1092 863 681 1679 1600 1992 1341 1659 1913 2080 534 1769 1695 1580 2014 1818 1290 1471 1361 1425 1295 1576 1638 2071 2197 654 1200 2002 0 2088 2645 1761 1644 1415 900 448 1641 1954 2522 2118 939 1444 922 994 1621 1036 996 1994 333 2193 1257 1918 1427 1665 1469 97 1404 843 1547 2600 2030 1172 1335 1705 1355 987 2267 1987 1322 2043 1181 1723 2151 1637 2002 1269 1107 1538 1893 1452 1739 641 1760 1400 2217 1687 1724 1690 1625 1692 1858 1906 1730 1286 1877 2350 1049 244 1811
1280 1477 1878 2175 2294 1815 1154 1082 1874 1082 2478 2027 1852 1910 1795 288 644 1047 1686 1116 1615 1097 1792 2771 743 247 2147 1165 2633 2088 0 1426 534 1332 981 2128 1873 1397 790 2737 886 1529 876 1492 1417 1393 2096 1670 763 2039 561 2574 2133 1662 600 970 2171 2196 2412 1057 1362 998 1292 1552 1920 1234 1594 974 2203 2243 106 1385 662 1022 1410 2596 1223 1781 2171 808 2053 2344 1679 1243 1523 1161 1902 683 1446 1381 531 773 2381 1409 1150 708 1183 1421 2160 755
509 1788 2173 2732 2456 1922 928 1639 2036 856 2640 2584 2409 2072 1957 1240 911 1604 1797 1672 2172 1654 1954 2949 1968 1673 2704 1594 2795 2645 1426 0 1195 1059 1534 2685 2430 1954 1851 2899 2015 2030 1420 2049 1974 1950 2383 1963 1891 2595 1987 2841 2295 2219 1162 1523 2728 2358 2707 1412 212 1981 1650 2109 2082 1791 2151 2165 2364 2405 1357 1677 1507 2048 1137 2758 1444 2050 2333 1790 2215 2505 2236 970 2080 2115 2064 1112 2003 1938 1125 1755 2543 1136 1707 937 484 1978 2717 1709
1063 1151 1551 1848 1967 1488 757 756 1547 679 2152 1700 1526 1583 1468 432 368 720 1360 789 1289 770 1465 2445 995 694 1820 838 2306 1761 534 1195 0 894 650 1801 1546 1071 879 2411 1043 1203 533 1165 1090 1066 1769 1344 918 1712 1007 2247 1807 1335 141 639 1845 1869 2085 709 1150 998 965 1225 1593 908 1267 1192 1876 1916 488 1059 493 1076 971 2270 896 1454 1844 807 1726 2017 1353 804 1197 1142 1575 269 1120 1054 70 772 2054 970 824 425 966 1094 1833 736
802 728 1113 1731 1396 863 594 701 977 566 1581 1583 1621 1013 897 1154 953 810 737 884 1384 656 894 1890 1504 1514 1703 535 1736 1644 1332 1059 894 0 801 1852 1429 1166 1387 1840 1552 970 824 1217 1138 1161 1324 904 1427 1595 1627 1781 1236 1430 819 896 1713 1298 1647 523 1106 1517 591 1320 1022 1003 1125 1701 1305 1346 1263 618 1133 1584 148 1699 385 990 1274 1326 1155 1446 1235 116 1292 1651 1005 821 1215 1149 825 1291 1483 188 662 895 706 1094 1716 1245
1326 757 1205 1501 1573 1094 840 219 1153 761 1758 1354 1077 1189 1074 903 707 163 966 340 840 266 1071 2067 964 1090 1473 444 1913 1415 981 1534 650 801 0 1454 1200 622 847 2017 1011 856 231 819 744 617 1423 997 887 1365 1086 1901 1413 886 554 194 1498 1475 1739 395 1489 942 571 828 1199 503 920 1161 1482 1523 936 665 580 1044 850 1876 502 1108 1451 786 1332 1623 1006 870 748 1111 1181 613 671 605 581 751 1660 934 348 766 1229 747 1486 705
2518 1397 1576 277 2052 1961 2032 1381 2020 1953 2441 500 1106 2056 1941 2053 1858 1326 1832 1389 778 1334 1938 2470 2110 2236 661 1406 2394 900 2128 2685 1801 1852 1454 0 605 1106 1994 2883 2158 1244 1484 921 1205 987 1794 1369 2033 1151 2233 2132 2279 734 1705 1509 983 1946 1718 1587 2640 1912 1477 780 2066 1143 1292 2307 2348 1994 2082 1486 1763 2160 1901 2363 1552 1479 1932 1933 1813 2104 880 1968 767 2035 2048 1763 1074 1102 1732 1897 2267 1985 1318 1917 2422 1033 1029 1851
2231 877 1056 386 1532 1441 1777 1126 1500 1698 1921 239 1451 1536 1421 1799 1603 1075 1312 1146 1107 1080 1418 1950 1856 1982 426 985 1874 448 1873 2430 1546 1429 1200 605 0 1414 1739 2363 1903 724 1229 604 775 1302 1274 849 1779 699 1978 1680 1759 1133 1450 1254 532 1426 1266 1332 2385 1815 957 1017 1546 1103 772 2052 1828 1474 1828 966 1508 1936 1422 1843 1054 959 1412 1678 1293 1584 322 1545 1082 2002 1528 1509 1389 1397 1477 1643 1747 1515 1071 1662 2135 731 577 1596
1788 1121 1431 1224 1907 1459 1302 639 1518 1223 2122 1447 666 1554 1439 1323 1127 467 1331 533 439 625 1436 2324 1374 1506 1608 809 2249 1641 1397 1954 1071 1166 622 1106 1414 0 1220 2381 1273 1082 753 894 970 146 1649 1224 1260 1592 1502 2127 1778 486 974 768 1724 1801 1965 857 1909 996 936 582 1564 579 1147 1422 1847 1849 1352 1029 997 1265 1214 2218 867 1334 1787 1199 1668 1959 1232 1281 347 1141 1546 1033 222 121 1002 1167 2025 1298 706 1187 1691 974 1713 1121
1718 1343 1744 2040 2160 1681 1368 948 1740 1289 2344 1893 1599 1776 1661 880 1024 912 1552 981 1425 962 1657 2637 182 572 2013 1030 2499 1954 790 1851 879 1387 847 1994 1739 1220 0 2603 369 1395 741 1358 1283 1132 1962 1536 57 1904 344 2440 1999 1455 786 836 2037 2062 2278 923 1806 399 1157 1418 1786 1100 1459 503 2068 2109 852 1251 639 301 1436 2462 1089 1647 2037 351 1918 2209 1545 1413 1356 543 1768 930 1107 1173 840 315 2247 1520 1016 1084 1622 1286 2026 249
2642 1733 1809 2665 1829 1261 2398 1918 1320 2369 1392 2517 2837 1265 1241 2663 2467 2025 1341 2100 2599 1873 1237 2585 2720 2846 2637 1728 2152 2522 2737 2899 2411 1840 2017 2883 2363 2381 2603 0 2767 1877 2113 2414 2138 2377 2019 1599 2643 2334 2842 2477 1047 2646 2314 2144 2453 1994 2343 1933 2946 2733 1590 2536 1427 2218 1855 2916 710 2041 2692 1617 2372 2800 1824 1523 1584 1685 1969 2542 1850 1862 2169 1955 2507 2867 1431 2373 2430 2365 2342 2507 1510 1917 1878 2527 2545 2238 2416 2461
1883 1507 1908 2205 2324 1845 1532 1112 1904 1453 2508 2057 1651 1940 1825 1045 1188 1077 1717 1146 1477 1127 1822 2802 273 668 2177 1195 2663 2118 886 2015 1043 1552 1011 2158 1903 1273 369 2767 0 1559 906 1522 1447 1184 2126 1701 348 2069 426 2604 2164 1507 950 1001 2202 2226 2442 1087 1970 510 1322 1582 1950 1264 1624 149 2233 2273 992 1415 804 256 1600 2627 1253 1811 2201 536 2083 2374 1709 1577 1408 538 1932 1094 1159 1225 1004 501 2411 1684 1180 1248 1786 1451 2190 492
1772 320 570 1025 1045 954 1433 768 1014 1354 1435 878 1393 1050 934 1455 1259 731 826 802 1049 723 931 1463 1512 1638 998 526 1387 939 1529 2030 1203 970 856 1244 724 1082 1395 1877 1559 0 885 759 274 1078 788 362 1435 786 1634 1266 1273 1075 1106 910 971 940 1104 983 2041 1471 498 905 1060 796 213 1708 1342 987 1484 465 1164 1592 963 1357 595 473 925 1334 807 1098 518 1086 1024 1659 1042 1165 1131 1066 1134 1299 1261 1056 676 1319 1676 632 925 1253
1175 853 1234 1531 1667 1191 689 363 1250 610 1854 1383 1208 1286 1171 789 593 360 1062 467 971 409 1168 2127 858 984 1503 540 2008 1444 876 1420 533 824 231 1484 1229 753 741 2113 906 885 0 848 773 749 1452 1026 781 1394 981 1930 1509 1018 440 220 1527 1561 1768 325 1375 871 668 908 1296 590 950 1055 1578 1609 830 761 459 938 901 1972 599 1137 1546 680 1427 1718 1035 734 879 1005 1278 499 802 737 464 645 1757 900 491 652 1079 777 1516 599
1883 823 1107 943 1583 1492 1396 745 1551 1317 1972 795 923 1587 1472 1418 1222 694 1364 765 579 698 1469 2001 1474 1600 976 770 1925 922 1492 2049 1165 1217 819 921 604 894 1358 2414 1522 759 848 0 569 775 1325 900 1397 1085 1597 1803 1811 606 1069 873 1006 1478 1641 951 2004 1433 903 489 1597 573 823 1671 1880 1525 1446 885 1127 1555 1265 1894 916 1011 1463 1297 1344 1635 504 1332 555 1621 1579 1127 862 890 1096 1262 1798 1349 682 1281 1786 234 1051 1215
1808 490 823 1081 1307 1216 1321 670 1275 1242 1696 933 1204 1311 1196 1343 1147 619 1087 690 860 624 1192 1724 1400 1526 1053 668 1649 994 1417 1974 1090 1138 744 1205 775 970 1283 2138 1447 274 773 569 0 966 1049 623 1323 838 1522 1527 1534 886 994 798 1022 1201 1336 876 1929 1359 669 726 1321 673 466 1596 1603 1249 1372 632 1052 1480 1134 1618 766 734 1187 1222 1068 1359 487 1253 835 1546 1303 1053 1019 954 1021 1187 1522 1226 615 1206 1711 390 977 1140
1783 1117 1427 1105 1902 1454 1297 635 1514 1218 2118 1328 557 1550 1434 1319 1123 462 1326 528 320 620 1431 2320 1304 1501 1489 804 2244 1621 1393 1950 1066 1161 617 987 1302 146 1132 2377 1184 1078 749 775 966 0 1644 1219 1172 1587 1462 2122 1773 367 970 764 1704 1797 1961 852 1905 965 931 480 1560 602 1142 1333 1842 1844 1347 1025 993 1177 1210 2214 863 1330 1782 1189 1664 1954 1202 1277 228 1052 1542 1028 134 162 997 1162 2021 1294 702 1182 1687 883 1698 1116
2126 1059 380 1576 729 1097 1882 1349 1139 1853 1217 1428 1960 1192 1077 2022 1826 1298 968 1369 1616 1303 1074 862 2078 2204 1548 1193 1034 1036 2096 2383 1769 1324 1423 1794 1274 1649 1962 2019 2126 788 1452 1325 1049 1644 0 486 2002 821 2201 668 1415 1642 1673 1477 939 432 837 1418 2430 2038 1075 1472 1074 1363 765 2275 1485 349 2051 985 1731 2159 1308 1171 1068 376 575 1901 622 798 1080 1440 1591 2225 1056 1732 1698 1633 1700 1866 1051 1401 1294 1885 2030 1254 902 1819
1706 599 276 1150 767 677 1462 923 736 1433 1156 1003 1534 772 657 1596 1400 872 548 943 1190 877 653 1169 1653 1779 1122 784 1110 996 1670 1963 1344 904 997 1369 849 1224 1536 1599 1701 362 1026 900 623 1219 486 0 1576 801 1776 972 995 1216 1247 1051 920 662 810 997 2010 1612 654 1046 782 937 340 1850 1064 709 1625 525 1306 1733 888 1079 648 111 648 1475 529 820 655 1019 1165 1800 764 1306 1272 1207 1275 1440 983 981 868 1460 1609 829 883 1394
1758 1383 1784 2080 2200 1720 1407 988 1780 1328 2384 1933 1638 1816 1700 920 1064 952 1592 1021 1465 1002 1697 2677 155 545 2052 1070 2539 1994 763 1891 918 1427 887 2033 1779 1260 57 2643 348 1435 781 1397 1323 1172 2002 1576 0 1944 317 2480 2039 1495 826 876 2077 2101 2318 963 1846 439 1197 1458 1826 1140 1499 480 2108 2149 869 1291 679 280 1476 2502 1129 1687 2077 390 1958 2249 1585 1452 1396 531 1808 970 1147 1213 880 355 2287 1560 1056 1123 1662 1326 2065 289
2397 1043 611 932 1486 1411 1943 1292 1471 1864 1892 785 1902 1507 1391 1964 1768 1240 1283 1311 1558 1245 1388 1468 2021 2147 905 1151 1791 333 2039 2595 1712 1595 1365 1151 699 1592 1904 2334 2069 786 1394 1085 838 1587 821 801 1944 0 2144 1104 1730 1585 1615 1420 235 1189 765 1498 2550 1980 1122 1415 1517 1305 925 2218 1799 1107 1993 1131 1674 2101 1588 1814 1220 912 1332 1843 1264 1552 750 1710 1534 2168 1499 1674 1641 1575 1643 1808 1718 1680 1236 1828 2300 1106 162 1762
1840 1582 1983 2280 2399 1920 1607 1187 1979 1528 2583 2132 1926 2015 1900 848 1157 1152 1792 1221 1720 1202 1897 2876 284 343 2252 1270 2738 2193 561 1987 1007 1627 1086 2233 1978 1502 344 2842 426 1634 981 1597 1522 1462 2201 1776 317 2144 0 2679 2239 1760 1025 1075 2277 2301 2517 1162 1922 654 1397 1657 2025 1339 1699 514 2308 2348 666 1490 879 562 1675 2701 1328 1886 2276 590 2158 2449 1784 1652 1628 848 2007 1167 1437 1486 1004 555 2486 1759 1255 1218 1744 1526 2265 441
2584 1552 858 1914 1049 1554 2339 1827 1614 2311 1448 1766 2438 1650 1534 2500 2304 1776 1426 1847 2094 1781 1531 433 2556 2682 1886 1670 1094 1257 2574 2841 2247 1781 1901 2132 1680 2127 2440 2477 2604 1266 1930 1803 1527 2122 668 972 2480 1104 2679 0 1753 2120 2151 1955 1160 743 528 1875 2888 2516 1532 1950 1554 1841 1243 2753 1942 668 2529 1486 2209 2637 1766 1355 1525 941 759 2379 806 982 1558 1897 2069 2703 1541 2210 2176 2111 2178 2344 1297 1859 1772 2363 2487 1732 1143 2297
2038 1129 1205 2061 877 657 1794 1314 716 1765 440 1913 2233 655 637 2059 1863 1421 737 1496 1996 1269 633 1853 2116 2242 2033 1124 1200 1918 2133 2295 1807 1236 1413 2279 1759 1778 1999 1047 2164 1273 1509 1811 1534 1773 1415 995 2039 1730 2239 1753 0 2042 1710 1540 1849 1233 1739 1329 2342 2129 986 1932 823 1614 1251 2313 435 1281 2088 1013 1769 2196 1220 572 980 1082 1182 1938 1101 911 1566 1351 1904 2263 827 1769 1826 1761 1738 1903 559 1313 1274 1923 1941 1634 1812 1857
2053 1139 1424 851 1900 1724 1566 902 1783 1487 2289 1075 374 1819 1704 1588 1392 731 1595 798 47 877 1701 2317 1622 1771 1235 1073 2242 1427 1662 2219 1335 1430 886 734 1133 486 1455 2646 1507 1075 1018 606 886 367 1642 1216 1495 1585 1760 2120 2042 0 1239 1033 1511 1794 1958 1121 2174 1276 1200 339 1829 595 1140 1656 2111 1842 1617 1201 1262 1500 1479 2211 1132 1327 1780 1467 1661 1952 1033 1546 147 1375 1811 1298 452 482 1266 1432 2115 1563 911 1451 1956 713 1556 1385
1029 1054 1455 1752 1871 1392 683 659 1451 604 2055 1604 1429 1487 1372 432 335 624 1263 692 1192 674 1368 2348 903 759 1724 741 2210 1665 600 1162 141 819 554 1705 1450 974 786 2314 950 1106 440 1069 994 970 1673 1247 826 1615 1025 2151 1710 1239 0 543 1748 1773 1989 634 1117 916 869 1129 1497 811 1171 1099 1779 1820 541 962 370 983 897 2173 800 1358 1748 725 1630 1920 1256 729 1100 1049 1479 236 1023 958 72 690 1958 895 727 391 932 998 1737 643
1315 884 1259 1556 1687 1222 829 383 1281 750 1885 1408 1223 1317 1202 892 696 342 1093 472 986 429 1199 2152 953 1079 1528 571 2028 1469 970 1523 639 896 194 1509 1254 768 836 2144 1001 910 220 873 798 764 1477 1051 876 1420 1075 1955 1540 1033 543 0 1552 1582 1793 384 1478 966 699 933 1327 615 975 1150 1609 1629 925 792 574 1033 968 1998 630 1162 1566 775 1448 1738 1060 874 894 1100 1309 602 817 752 570 740 1788 1029 511 755 1218 802 1541 694
2515 1176 765 765 1604 1530 2076 1424 1590 1997 2011 617 1853 1626 1510 2097 1901 1373 1402 1444 1509 1378 1507 1541 2154 2280 737 1284 1909 97 2171 2728 1845 1713 1498 983 532 1724 2037 2453 2202 971 1527 1006 1022 1704 939 920 2077 235 2277 1160 1849 1511 1748 1552 0 1307 745 1631 2683 2113 1255 1419 1636 1438 1044 2351 1918 1224 2126 1264 1807 2234 1697 1933 1353 1031 1449 1976 1383 1670 724 1828 1484 2301 1618 1807 1773 1708 1776 1941 1837 1790 1369 1961 2418 1133 150 1895
2100 1192 748 1728 440 1071 1856 1377 1015 1827 928 1580 2112 1166 1051 2121 1926 1450 943 1521 1768 1332 1048 843 2178 2304 1700 1187 888 1404 2196 2358 1869 1298 1475 1946 1426 1801 2062 1994 2226 940 1561 1478 1201 1797 432 662 2101 1189 2301 743 1233 1794 1773 1582 1307 0 1205 1392 2405 2176 1049 1624 945 1515 918 2375 1459 114 2150 1075 1831 2259 1283 911 1042 593 429 2001 297 652 1233 1414 1743 2325 931 1831 1850 1785 1800 1965 762 1375 1336 1985 2004 1406 1269 1919
2450 1390 655 1499 1502 1420 2205 1665 1480 2177 1901 1352 2276 1516 1400 2338 2142 1614 1292 1685 1932 1619 1397 941 2395 2520 1471 1517 1603 843 2412 2707 2085 1647 1739 1718 1266 1965 2278 2343 2442 1104 1768 1641 1336 1961 837 810 2318 765 2517 528 1739 1958 1989 1793 745 1205 0 1741 2754 2354 1398 1788 1526 1679 1082 2591 1808 1123 2367 1325 2047 2475 1632 1823 1391 921 1253 2217 1273 1476 1386 1763 1907 2541 1508 2048 2014 1949 2016 2182 1727 1725 1610 2201 2353 1570 729 2135
1155 814 1207 1634 1490 956 732 489 1070 662 1674 1486 1312 1106 991 983 787 506 831 575 1075 525 988 1983 1039 1165 1606 501 1829 1547 1057 1412 709 523 395 1587 1332 857 923 1933 1087 983 325 951 876 852 1418 997 963 1498 1162 1875 1329 1121 634 384 1631 1392 1741 0 1459 1052 664 1011 1116 694 1053 1236 1399 1439 1012 706 692 1120 606 1792 461 1084 1367 862 1249 1540 1139 559 983 1186 1098 692 906 840 640 827 1577 655 597 845 1059 880 1619 780
647 1835 2220 2686 2503 1969 975 1594 2083 903 2687 2539 2364 2119 2004 1135 866 1558 1844 1627 2127 1608 2000 2996 1923 1609 2659 1641 2842 2600 1362 212 1150 1106 1489 2640 2385 1909 1806 2946 1970 2041 1375 2004 1929 1905 2430 2010 1846 2550 1922 2888 2342 2174 1117 1478 2683 2405 2754 1459 0 1936 1697 2064 2129 1746 2106 2119 2411 2452 1293 1724 1462 2003 1184 2805 1491 2096 2380 1745 2261 2552 2191 1017 2035 2070 2111 1067 1958 1893 1080 1710 2590 1183 1662 894 621 1933 2672 1664
1848 1473 1820 2029 2281 1810 1497 1028 1870 1418 2474 1969 1432 1905 1790 1000 1154 855 1682 820 1238 1013 1787 2713 522 882 2088 1160 2622 2030 998 1981 998 1517 942 1912 1815 996 399 2733 510 1471 871 1433 1359 965 2038 1612 439 1980 654 2516 2129 1276 916 966 2113 2176 2354 1052 1936 0 1287 1282 1915 1098 1535 659 2198 2223 971 1381 682 543 1566 2592 1218 1723 2160 227 2041 2332 1621 1542 1152 572 1898 1059 940 933 970 253 2376 1650 1095 1213 1752 1362 2101 383
1393 246 864 1258 1147 668 1144 440 727 1110 1331 1111 1391 763 648 1217 1022 560 539 654 1154 395 645 1640 1274 1400 1231 199 1486 1172 1292 1650 965 591 571 1477 957 936 1157 1590 1322 498 668 903 669 931 1075 654 1197 1122 1397 1532 986 1200 869 699 1255 1049 1398 664 1697 1287 0 1049 773 758 646 1471 1056 1096 1246 144 927 1355 575 1449 277 733 1024 1097 906 1197 763 707 1062 1421 755 927 985 920 896 1061 1234 668 349 1081 1297 754 1244 1015
1943 980 1254 897 1730 1614 1456 779 1673 1377 2119 1121 657 1709 1594 1478 1282 693 1485 757 313 747 1590 2147 1534 1660 1281 917 2072 1335 1552 2109 1225 1320 828 780 1017 582 1418 2536 1582 905 908 489 726 480 1472 1046 1458 1415 1657 1950 1932 339 1129 933 1419 1624 1788 1011 2064 1282 1049 0 1719 446 970 1731 2001 1672 1507 1042 1187 1615 1369 2041 1022 1157 1609 1357 1491 1782 917 1436 288 1513 1701 1187 568 534 1156 1322 1945 1453 774 1341 1846 597 1464 1275
1825 916 991 1848 562 436 1580 1101 107 1552 741 1700 2019 423 291 1846 1650 1208 406 1282 1782 1056 323 1655 1902 2028 1820 911 1190 1705 1920 2082 1593 1022 1199 2066 1546 1564 1786 1427 1950 1060 1296 1597 1321 1560 1074 782 1826 1517 2025 1554 823 1829 1497 1327 1636 945 1526 1116 2129 1915 773 1719 0 1401 1037 2099 892 992 1875 800 1555 1983 1007 914 766 859 1038 1725 844 900 1352 1138 1690 2049 46 1556 1613 1548 1524 1690 567 1100 1061 1709 1728 1421 1598 1643
1625 905 1145 1261 1620 1296 1138 451 1355 1059 1959 1293 892 1391 1276 1160 964 375 1167 440 548 408 1273 2038 1217 1343 1413 626 1962 1355 1234 1791 908 1003 503 1143 1103 579 1100 2218 1264 796 590 573 673 602 1363 937 1140 1305 1339 1841 1614 595 811 615 1438 1515 1679 694 1746 1098 758 446 1401 0 860 1413 1684 1562 1189 851 869 1297 1051 1932 704 1048 1500 1039 1382 1673 946 1118 523 1364 1383 870 657 525 839 1004 1836 1135 435 1024 1528 576 1426 958
1927 445 547 1073 1023 932 1498 847 991 1419 1412 926 1458 1027 912 1519 1324 795 804 867 1114 800 909 1441 1576 1702 1046 706 1365 987 1594 2151 1267 1125 920 1292 772 1147 1459 1855 1624 213 950 823 466 1142 765 340 1499 925 1699 1243 1251 1140 1171 975 1044 918 1082 1053 2106 1535 646 970 1037 860 0 1773 1320 965 1548 588 1229 1656 1109 1335 775 429 903 1399 784 1075 578 1240 1089 1723 1019 1229 1196 1131 1198 1363 1239 1202 792 1383 1830 752 1029 1317
2032 1656 2057 2354 2473 1994 1681 1262 2053 1602 2657 2206 1800 2089 1974 1194 1338 1226 1866 1295 1626 1276 1971 2951 366 742 2326 1344 2812 2267 974 2165 1192 1701 1161 2307 2052 1422 503 2916 149 1708 1055 1671 1596 1333 2275 1850 480 2218 514 2753 2313 1656 1099 1150 2351 2375 2591 1236 2119 659 1471 1731 2099 1413 1773 0 2382 2422 1079 1564 953 405 1749 2776 1402 1960 2350 685 2232 2523 1858 1726 1557 687 2081 1243 1308 1374 1153 650 2560 1833 1330 1397 1935 1600 2339 636
2107 1199 1274 2130 1193 726 1863 1383 785 1834 757 1982 2302 731 706 2128 1932 1491 806 1565 2065 1338 703 2050 2185 2311 2102 1193 1517 1987 2203 2364 1876 1305 1482 2348 1828 1847 2068 710 2233 1342 1578 1880 1603 1842 1485 1064 2108 1799 2308 1942 435 2111 1779 1609 1918 1459 1808 1399 2411 2198 1056 2001 892 1684 1320 2382 0 1506 2157 1082 1838 2265 1289 888 1049 1151 1434 2007 1316 1227 1635 1421 1973 2332 896 1838 1896 1830 1807 1972 875 1382 1343 1992 2011 1703 1881 1926
2148 1239 665 1775 487 1119 1904 1424 1063 1875 976 1628 2160 1214 1099 2169 1973 1497 990 1568 1816 1379 1095 769 2226 2352 1748 1234 813 1322 2243 2405 1916 1346 1523 1994 1474 1849 2109 2041 2273 987 1609 1525 1249 1844 349 709 2149 1107 2348 668 1281 1842 1820 1629 1224 114 1123 1439 2452 2223 1096 1672 992 1562 965 2422 1506 0 2198 1123 1878 2306 1330 948 1090 608 354 2048 344 577 1280 1461 1791 2373 978 1879 1898 1833 1847 2013 809 1423 1384 2032 2051 1454 1187 1966
1211 1432 1833 2129 2249 1770 1085 1037 1829 1013 2433 1982 1807 1865 1749 219 575 1001 1641 1070 1570 1051 1746 2726 849 353 2101 1119 2588 2043 106 1357 488 1263 936 2082 1828 1352 852 2692 992 1484 830 1446 1372 1347 2051 1625 869 1993 666 2529 2088 1617 541 925 2126 2150 2367 1012 1293 971 1246 1507 1875 1189 1548 1079 2157 2198 0 1340 616 1049 1341 2551 1178 1736 2126 780 2007 2298 1634 1174 1478 1115 1857 614 1401 1336 472 745 2336 1340 1105 639 1114 1375 2114 709
1420 200 790 1267 1055 695 1171 534 754 1142 1358 1120 1484 790 675 1311 1115 654 566 748 1175 489 671 1661 1368 1494 1239 292 1513 1181 1385 1677 1059 618 665 1486 966 1029 1251 1617 1415 465 761 885 632 1025 985 525 1291 1131 1490 1486 1013 1201 962 792 1264 1075 1325 706 1724 1381 144 1042 800 851 588 1564 1082 1123 1340 0 1020 1448 602 1476 340 610 1051 1190 932 1223 772 733 1140 1515 782 1021 1078 1013 989 1155 1254 695 442 1175 1323 705 1252 1109
1375 1112 1513 1810 1929 1450 997 714 1509 918 2113 1662 1452 1545 1430 645 680 682 1322 680 1215 732 1427 2407 756 794 1782 800 2268 1723 662 1507 493 1133 580 1763 1508 997 639 2372 804 1164 459 1127 1052 993 1731 1306 679 1674 879 2209 1769 1262 370 574 1807 1831 2047 692 1462 682 927 1187 1555 869 1229 953 1838 1878 616 1020 0 836 1200 2232 858 1416 1806 491 1688 1979 1314 1043 1123 903 1537 572 1046 981 424 456 2016 1209 785 729 1278 1056 1795 497
1916 1540 1941 2237 2357 1878 1565 1145 1937 1486 2541 2090 1643 1973 1858 1078 1221 1109 1749 1178 1470 1159 1854 2834 409 803 2210 1227 2696 2151 1022 2048 1076 1584 1044 2160 1936 1265 301 2800 256 1592 938 1555 1480 1177 2159 1733 280 2101 562 2637 2196 1500 983 1033 2234 2259 2475 1120 2003 543 1355 1615 1983 1297 1656 405 2265 2306 1049 1448 836 0 1633 2659 1286 1844 2234 569 2115 2406 1742 1610 1401 376 1965 1127 1152 1218 1037 534 2444 1717 1213 1281 1819 1484 2223 500
880 713 1098 1724 1381 847 672 750 961 643 1565 1576 1669 997 882 1231 1031 858 722 933 1432 705 879 1874 1553 1591 1696 584 1720 1637 1410 1137 971 148 850 1901 1422 1214 1436 1824 1600 963 901 1265 1134 1210 1308 888 1476 1588 1675 1766 1220 1479 897 968 1697 1283 1632 606 1184 1566 575 1369 1007 1051 1109 1749 1289 1330 1341 602 1200 1633 0 1683 434 975 1258 1375 1140 1430 1228 193 1340 1700 989 899 1263 1198 902 1340 1468 108 711 973 783 1142 1701 1293
2501 1592 1289 2145 681 1133 2257 1777 812 2228 477 1997 2529 1100 997 2522 2326 1867 1193 1938 2185 1732 1102 1456 2579 2705 2117 1587 696 2002 2596 2758 2270 1699 1876 2363 1843 2218 2462 1523 2627 1357 1972 1894 1618 2214 1171 1079 2502 1814 2701 1355 572 2211 2173 1998 1933 911 1823 1792 2805 2592 1449 2041 914 1932 1335 2776 888 948 2551 1476 2232 2659 1683 0 1443 1156 785 2401 704 497 1649 1814 2160 2726 920 2232 2267 2202 2201 2366 445 1776 1737 2386 2404 1823 1896 2320
1187 437 857 1356 1140 661 927 404 721 899 1325 1208 1322 756 641 1149 953 511 533 585 1085 359 638 1634 1205 1331 1328 217 1480 1269 1223 1444 896 385 502 1552 1054 867 1089 1584 1253 595 599 916 766 863 1068 648 1129 1220 1328 1525 980 1132 800 630 1353 1042 1391 461 1491 1218 277 1022 766 704 775 1402 1049 1090 1178 340 858 1286 434 1443 0 734 1018 1028 899 1190 860 500 993 1352 749 859 916 851 827 993 1227 518 362 1012 1091 760 1341 946
1792 683 387 1261 698 763 1548 1034 822 1519 1087 1113 1645 858 743 1707 1511 983 635 1054 1301 988 740 1133 1764 1890 1233 878 1186 1107 1781 2050 1454 990 1108 1479 959 1334 1647 1685 1811 473 1137 1011 734 1330 376 111 1687 912 1886 941 1082 1327 1358 1162 1031 593 921 1084 2096 1723 733 1157 859 1048 429 1960 1151 608 1736 610 1416 1844 975 1156 734 0 724 1586 606 896 766 1106 1276 1911 841 1417 1383 1318 1385 1551 914 1067 979 1571 1696 939 994 1504
2076 1167 857 1713 533 1047 1832 1352 1106 1803 877 1566 2097 1142 1027 2097 1901 1435 918 1506 1753 1307 1023 853 2154 2280 1685 1162 608 1538 2171 2333 1844 1274 1451 1932 1412 1787 2037 1969 2201 925 1546 1463 1187 1782 575 648 2077 1332 2276 759 1182 1780 1748 1566 1449 429 1253 1367 2380 2160 1024 1609 1038 1500 903 2350 1434 354 2126 1051 1806 2234 1258 785 1018 724 0 1976 290 372 1218 1389 1729 2300 1025 1807 1836 1770 1775 1941 726 1351 1312 1960 1979 1392 1412 1894
