NAME: zurich_100_18
COMMENT: TSP instance with 100 nodes. City: Zurich, Switzerland, Seed: 60
TYPE: TSP
DIMENSION: 100
EDGE_WEIGHT_TYPE: EXPLICIT
EDGE_WEIGHT_FORMAT: FULL_MATRIX
NODE_COORD_SECTION:
1 47.2642136 8.4559373
2 47.3485943 8.3455944
3 47.273553 8.725578
4 47.4064457 8.6286594
5 47.5146546 8.6382844
6 47.1963447 8.4804986
7 47.3935699 8.4147968
8 47.2696258 8.4207632
9 47.515227 8.6686489
10 47.5249328 8.5802104
11 47.3685237 8.5196722
12 47.3931495 8.6137754
13 47.2604123 8.3521866
14 47.3722033 8.5228467
15 47.5358215 8.7264988
16 47.5030093 8.7158741
17 47.3923472 8.6090235
18 47.4375577 8.4757979
19 47.3095455 8.5855837
20 47.5071805 8.513311
21 47.2920701 8.7090178
22 47.4918745 8.7597771
23 47.2688308 8.7750876
24 47.4702014 8.5124488
25 47.1984126 8.4798808
26 47.3251341 8.6676226
27 47.3704866 8.5579654
28 47.4210085 8.3053732
29 47.3228509 8.5165782
30 47.4528422 8.3198935
31 47.3520415 8.3426123
32 47.363372 8.5079405
33 47.4400104 8.5719546
34 47.3833898 8.4777196
35 47.4784794 8.5074429
36 47.3522183 8.4415243
37 47.4310419 8.7199021
38 47.370398 8.5550031
39 47.4650854 8.3249718
40 47.4242171 8.4064682
41 47.4217452 8.3702602
42 47.3156281 8.5927629
43 47.4212478 8.2810976
44 47.394794 8.682233
45 47.4992071 8.5379406
46 47.3843989 8.5315837
47 47.3565738 8.6261084
48 47.4279884 8.490141
49 47.4478536 8.6986803
50 47.4755649 8.3008576
51 47.3794448 8.2926608
52 47.4724472 8.3996278
53 47.4017093 8.27749
54 47.1996391 8.776166
55 47.4427687 8.3657578
56 47.4890789 8.3111991
57 47.542777 8.4838491
58 47.3982724 8.4564805
59 47.4203168 8.6283941
60 47.4548581 8.3201872
61 47.3448818 8.2851978
62 47.3766128 8.5552983
63 47.4201816 8.3162085
64 47.3412786 8.7326239
65 47.3194148 8.5799956
66 47.5132444 8.5357105
67 47.3258953 8.7170791
68 47.294354 8.613885
69 47.4579969 8.2832129
70 47.2008512 8.6405411
71 47.3765054 8.5116278
72 47.4847769 8.2996431
73 47.2568862 8.6081845
74 47.5078957 8.7121092
75 47.5372278 8.2939178
76 47.4547958 8.5258327
77 47.4035021 8.4859675
78 47.4759373 8.2850875
79 47.3907327 8.4833374
80 47.4683335 8.3142899
81 47.3510207 8.2874617
82 47.4214567 8.308125
83 47.5398313 8.4666861
84 47.4789955 8.4548503
85 47.5077471 8.6529423
86 47.4880593 8.7528133
87 47.3997043 8.4131413
88 47.5525556 8.7776187
89 47.5188592 8.3290949
90 47.5070787 8.7229715
91 47.3101579 8.5495249
92 47.3852532 8.672419
93 47.2553082 8.7700979
94 47.2502599 8.6013115
95 47.3374955 8.6694906
96 47.4434536 8.3285977
97 47.3212935 8.3814336
98 47.3123448 8.7211508
99 47.5184561 8.6417876
100 47.4431035 8.5777502
EDGE_WEIGHT_SECTION:
0 905 1945 1472 2048 512 909 254 1983 1936 817 1442 750 785 2115 1928 1437 1099 1396 1727 1884 2121 2137 1503 505 1682 990 1344 926 1219 998 877 1294 1076 1566 562 1810 991 1256 1105 1056 1432 1512 1609 1640 944 1461 1020 1676 1345 1219 1418 1426 1855 1094 1528 1855 941 1407 1171 1223 1008 1352 1889 1314 1681 1995 1678 1338 1175 862 1390 1224 1979 2014 1416 1146 1463 1074 1309 1204 1383 1934 1398 2100 2072 837 2294 1787 1942 931 1628 2212 1137 1739 1315 667 1940 2071 1322
905 0 2058 1452 1966 1299 827 755 1963 1854 930 1429 868 898 2096 1908 1425 1017 1510 1644 1998 2102 2250 1421 1293 1795 1104 575 1039 1104 223 990 1211 1008 1484 541 1790 1105 1159 997 898 1545 743 1589 1558 1057 1574 938 1657 1098 459 1336 666 1968 1012 1280 1772 859 1387 1056 477 1122 583 1869 1427 1599 2046 1791 1012 1522 975 1142 1337 1960 1766 1334 1064 1167 1026 1094 444 614 1852 1316 2018 2052 755 2274 1539 1922 1044 1609 2325 1250 1853 1189 239 2054 1989 1240
1945 2058 0 1095 1863 2371 1777 1996 1678 1984 1271 1024 2493 1239 1810 1623 1073 1565 842 1779 238 1781 335 1674 2364 464 1066 2476 1584 2107 2166 1367 1340 1525 1755 1720 1225 1073 2144 1865 1944 729 2621 959 1689 1236 694 1487 1367 2233 2351 2086 2559 2602 1981 2416 2047 1657 1088 2059 2370 1112 2484 540 853 1729 543 710 2226 2156 1305 2278 1971 1674 2834 1587 1581 2351 1512 2196 2336 2504 2162 1865 1879 1752 1874 1989 2607 1637 1623 918 381 1884 567 2202 2012 327 1816 1369
1472 1452 1095 0 941 1898 854 1523 755 1052 781 220 2016 742 887 700 233 633 1200 848 1060 893 1157 742 1891 780 663 1606 1111 1186 1560 847 408 922 824 1152 582 696 1223 933 1023 1133 1739 300 757 560 549 555 448 1312 1745 1155 1886 2128 1061 1495 1115 962 166 1138 1764 617 1563 580 1112 798 757 1162 1305 1683 733 1357 1498 751 1902 656 822 1430 890 1276 1730 1589 1230 933 956 844 975 1066 1675 714 1204 320 1298 1411 677 1282 1405 821 893 437
2048 1966 1863 941 0 2474 1368 2100 229 435 1386 1078 2550 1348 541 505 1073 1148 1820 909 1828 790 1925 1033 2468 1672 1334 2120 1716 1701 2075 1452 808 1527 1078 1666 873 1334 1738 1447 1537 1855 2254 984 826 1165 1441 1069 739 1827 2260 1669 2400 2734 1575 2009 1090 1493 863 1653 2278 1276 2078 1349 1737 816 1526 2054 1820 2288 1338 1871 2103 450 2118 1109 1428 1944 1496 1790 2244 2103 1205 1247 145 753 1489 773 1891 533 1810 1083 2067 2016 1569 1796 1920 1590 109 795
512 1299 2371 1898 2474 0 1335 634 2409 2362 1243 1868 1013 1211 2541 2354 1863 1525 1822 2153 2310 2547 2563 1929 45 2108 1416 1770 1264 1645 1406 1303 1720 1502 1992 988 2236 1417 1682 1531 1482 1858 1938 2035 2066 1370 1887 1446 2102 1771 1645 1844 1852 1797 1520 1954 2280 1367 1833 1597 1621 1434 1778 2315 1740 2107 2421 2104 1764 1027 1288 1816 1184 2405 2440 1842 1572 1889 1500 1735 1630 1809 2360 1824 2526 2498 1263 2720 2213 2368 1356 2054 2638 1097 2165 1740 1061 2366 2497 1748
909 827 1777 854 1368 1335 0 961 1365 1256 649 831 1411 611 1498 1310 827 419 1247 1046 1727 1504 1847 823 1329 1426 825 911 911 539 936 686 613 499 886 527 1192 826 576 421 360 1282 1052 991 960 576 1194 340 1058 665 1061 738 1163 1888 414 848 1174 304 789 491 1139 814 874 1271 1164 1001 1448 1528 658 1442 580 710 1257 1362 1334 736 463 783 419 629 1105 894 1254 718 1420 1454 296 1676 1107 1324 964 1010 1989 1170 1322 634 781 1512 1391 642
254 755 1996 1523 2100 634 961 0 2035 1988 868 1493 600 836 2167 1980 1489 1150 1448 1778 1936 2173 2188 1554 627 1734 1042 1307 978 1271 862 928 1345 1127 1618 613 1862 1043 1308 1157 1107 1483 1474 1660 1692 995 1512 1072 1728 1397 1101 1469 1308 1906 1145 1580 1906 992 1458 1223 1076 1060 1315 1940 1365 1733 2047 1729 1390 1309 913 1442 1275 2031 2066 1467 1197 1515 1126 1360 1097 1346 1985 1450 2151 2123 889 2345 1839 1994 982 1680 2264 1188 1791 1366 516 1992 2122 1374
1983 1963 1678 755 229 2409 1365 2035 0 507 1292 892 2528 1254 406 320 888 1145 1726 981 1643 605 1740 1106 2403 1487 1240 2117 1622 1698 2072 1358 920 1433 1151 1664 687 1240 1735 1444 1534 1761 2251 798 898 1071 1256 1067 553 1824 2257 1666 2397 2640 1572 2007 1162 1474 677 1650 2275 1182 2075 1163 1643 889 1340 1869 1817 2194 1244 1869 2009 264 2190 1167 1334 1942 1402 1787 2242 2100 1277 1319 328 568 1486 587 1963 347 1716 898 1881 1922 1384 1793 1917 1404 182 949
1936 1854 1984 1052 435 2362 1256 1988 507 0 1274 1030 2437 1235 819 783 1025 1035 1707 539 1949 1068 2046 698 2355 1624 1222 2008 1604 1588 1962 1340 696 1415 743 1554 1151 1222 1625 1335 1425 1742 2141 1190 469 1053 1393 957 921 1714 2147 1379 2288 2622 1463 1682 721 1380 980 1540 2166 1164 1965 1470 1624 447 1647 1988 1707 2176 1226 1758 1991 728 1748 889 1316 1832 1384 1678 2132 1991 836 878 533 1031 1377 1051 1521 811 1698 1209 2188 1904 1521 1684 1807 1710 346 700
817 930 1271 781 1386 1243 649 868 1292 1274 0 751 1365 57 1424 1237 747 759 723 1069 1211 1430 1463 964 1236 1009 317 1335 456 975 1038 130 630 314 1045 555 1119 318 1011 860 811 758 1476 918 978 234 787 683 985 1101 1223 1173 1431 1474 849 1283 1337 471 716 927 1242 335 1340 1198 640 1019 1322 1004 1094 1028 99 1145 843 1288 1769 871 416 1218 331 1064 1208 1359 1452 1044 1438 1381 716 1603 1542 1251 550 937 1538 756 1066 1070 884 1267 1409 658
1442 1429 1024 220 1078 1868 831 1493 892 1030 751 0 1987 713 1025 837 66 611 1043 825 958 1031 1216 720 1861 611 519 1583 1081 1164 1538 817 386 892 801 1129 719 555 1200 910 1000 964 1717 426 734 530 380 532 585 1290 1722 1132 1863 2099 1038 1472 1092 933 316 1116 1741 473 1541 733 950 775 840 993 1282 1653 703 1334 1468 889 1879 633 793 1407 861 1253 1707 1566 1208 910 1093 981 952 1203 1652 851 1150 400 1292 1381 508 1259 1383 830 1031 414
750 868 2493 2016 2550 1013 1411 600 2528 2437 1365 1987 0 1332 2660 2473 1982 1600 1944 2228 2432 2666 2685 2004 1006 2230 1538 1368 1474 1721 828 1425 1795 1591 2067 1110 2355 1539 1757 1606 1557 1979 1421 2154 2142 1491 2009 1522 2221 1847 1031 1919 1238 2402 1595 2029 2356 1442 1952 1673 740 1556 1376 2434 1861 2182 2543 2225 1700 1784 1409 1891 1772 2524 2515 1917 1647 1955 1610 1810 849 1407 2435 1899 2601 2616 1338 2839 2288 2487 1478 2173 2760 1685 2287 1816 633 2488 2572 1823
785 898 1239 742 1348 1211 611 836 1254 1235 57 713 1332 0 1386 1199 708 730 690 1031 1178 1392 1431 925 1204 976 284 1310 424 938 1006 149 591 311 1007 560 1081 285 974 823 774 726 1451 879 940 189 755 652 947 1064 1191 1136 1399 1442 812 1246 1298 442 677 890 1210 302 1314 1160 608 981 1289 972 1056 996 90 1108 811 1250 1732 839 388 1181 303 1027 1176 1334 1413 1016 1399 1342 687 1565 1505 1213 518 899 1506 724 1033 1033 851 1234 1370 620
2115 2096 1810 887 541 2541 1498 2167 406 819 1424 1025 2660 1386 0 346 1020 1277 1858 1293 1775 460 1872 1386 2535 1619 1372 2249 1755 1830 2204 1491 1052 1566 1461 1796 820 1372 1867 1577 1667 1893 2383 930 1210 1203 1388 1199 686 1956 2389 1798 2530 2772 1705 2139 1474 1606 809 1782 2407 1315 2207 1296 1775 1201 1473 2001 1949 2326 1377 2001 2141 324 2502 1299 1466 2074 1534 1919 2374 2232 1589 1577 639 504 1619 381 2275 256 1848 1030 2014 2055 1516 1925 2049 1536 494 1081
1928 1908 1623 700 505 2354 1310 1980 320 783 1237 837 2473 1199 346 0 833 1090 1671 1257 1588 313 1685 1199 2347 1432 1185 2062 1567 1643 2017 1303 865 1378 1280 1608 632 1185 1680 1389 1479 1706 2196 743 1174 1016 1201 1012 488 1769 2202 1611 2342 2585 1517 1952 1439 1419 622 1595 2220 1127 2020 1108 1588 1165 1285 1814 1762 2139 1189 1814 1954 84 2358 1112 1279 1886 1347 1732 2186 2045 1554 1389 499 272 1431 600 2131 95 1661 843 1826 1867 1329 1738 1862 1349 458 893
1437 1425 1073 233 1073 1863 827 1489 888 1025 747 66 1982 708 1020 833 0 606 1078 820 1007 1026 1265 715 1857 660 515 1578 1077 1159 1533 813 381 888 796 1125 715 551 1196 906 996 1013 1712 472 729 526 429 528 581 1285 1718 1127 1859 2094 1034 1468 1088 928 312 1111 1737 469 1536 778 995 770 889 1042 1278 1649 699 1330 1464 884 1875 628 788 1403 856 1248 1703 1561 1203 906 1089 976 948 1199 1648 847 1145 446 1340 1377 557 1254 1378 879 1026 410
1099 1017 1565 633 1148 1525 419 1150 1145 1035 759 611 1600 730 1277 1090 606 0 1245 638 1530 1283 1627 409 1518 1205 757 1170 1141 751 1125 790 393 632 468 717 972 753 739 498 588 1280 1304 771 636 572 974 78 838 877 1310 521 1450 2141 602 1057 756 543 568 703 1328 692 1128 1051 1162 777 1228 1526 870 1695 669 922 1510 1141 1269 379 344 995 586 829 1295 1153 835 300 1199 1233 540 1456 1042 1104 1217 790 1769 1423 1102 846 970 1291 1170 422
1396 1510 842 1200 1820 1822 1247 1448 1726 1707 723 1043 1944 690 1858 1671 1078 1245 0 1503 782 1864 1034 1397 1816 565 621 1928 1036 1573 1618 819 1063 977 1479 1172 1553 622 1610 1459 1410 113 2079 1195 1412 752 663 1166 1419 1699 1803 1761 2010 2053 1448 1882 1770 1108 1149 1525 1822 645 1936 999 93 1452 876 281 1692 1608 756 1744 1423 1722 2368 1310 1053 1817 964 1663 1788 1962 1885 1544 1871 1814 1344 2037 2141 1685 1075 1060 1109 1336 668 1668 1463 838 1842 1092
1727 1644 1779 848 909 2153 1046 1778 981 539 1069 825 2228 1031 1293 1257 820 638 1503 0 1745 1497 1841 387 2146 1419 1017 1649 1399 1211 1753 1135 491 1210 299 1345 1186 1017 1140 1125 1215 1538 1759 985 237 848 1188 716 1052 1327 1932 879 2009 2417 1075 1182 307 1171 783 1163 1956 959 1650 1265 1420 207 1442 1784 1325 1971 1021 1302 1786 1202 1249 548 967 1445 1179 1230 1923 1658 422 378 1007 1448 1167 1524 1022 1285 1493 1004 1983 1699 1316 1306 1598 1506 820 517
1884 1998 238 1060 1828 2310 1727 1936 1643 1949 1211 958 2432 1178 1775 1588 1007 1530 782 1745 0 1736 455 1639 2304 357 1006 2416 1524 2053 2106 1307 1305 1465 1721 1660 1190 1013 2090 1830 1889 669 2567 924 1654 1176 633 1452 1332 2179 2291 2052 2498 2541 1927 2361 2012 1596 1053 2005 2309 1052 2423 507 793 1695 465 670 2172 2095 1244 2224 1911 1639 2799 1553 1521 2296 1452 2142 2276 2450 2127 1830 1844 1707 1823 1954 2572 1602 1563 884 522 1824 460 2148 1951 249 1781 1334
2121 2102 1781 893 790 2547 1504 2173 605 1068 1430 1031 2666 1392 460 313 1026 1283 1864 1497 1736 0 1843 1392 2541 1625 1378 2255 1761 1836 2210 1497 1058 1572 1473 1802 746 1378 1873 1583 1673 1899 2389 936 1406 1209 1394 1205 681 1962 2395 1804 2536 2778 1711 2145 1724 1612 815 1788 2413 1321 2213 1267 1781 1443 1430 2007 1955 2332 1383 2007 2148 370 2552 1305 1472 2080 1540 1925 2380 2238 1839 1583 711 91 1625 523 2325 309 1854 1036 1985 2061 1522 1931 2055 1497 743 1087
2137 2250 335 1157 1925 2563 1847 2188 1740 2046 1463 1216 2685 1431 1872 1685 1265 1627 1034 1841 455 1843 0 1736 2556 657 1259 2599 1776 2180 2359 1559 1402 1717 1817 1913 1286 1265 2217 1927 2016 921 2733 1021 1750 1428 886 1549 1428 2306 2544 2148 2751 2794 2054 2489 2109 1849 1150 2132 2562 1305 2557 602 1046 1791 724 922 2299 2348 1497 2351 2163 1736 2895 1649 1773 2424 1704 2269 2528 2582 2224 1926 1940 1814 1969 2051 2668 1699 1815 980 186 2076 760 2275 2204 508 1878 1431
1503 1421 1674 742 1033 1929 823 1554 1106 698 964 720 2004 925 1386 1199 715 409 1397 387 1639 1392 1736 0 1922 1314 912 1574 1294 1155 1529 1030 447 1036 133 1121 1081 912 1102 902 992 1432 1708 880 249 743 1083 487 947 1281 1714 865 1854 2312 1005 1290 558 947 678 1107 1732 854 1532 1160 1314 405 1337 1678 1274 1866 914 1326 1681 1250 1356 212 748 1399 990 1193 1699 1557 639 408 1095 1342 944 1565 1129 1213 1388 899 1878 1594 1211 1250 1374 1400 945 476
505 1293 2364 1891 2468 45 1329 627 2403 2355 1236 1861 1006 1204 2535 2347 1857 1518 1816 2146 2304 2541 2556 1922 0 2102 1410 1763 1257 1639 1400 1296 1713 1495 1986 981 2230 1411 1676 1524 1475 1851 1931 2028 2060 1363 1880 1440 2096 1765 1638 1837 1846 1839 1513 1948 2274 1360 1826 1591 1614 1428 1771 2308 1733 2101 2415 2097 1758 1069 1281 1810 1226 2399 2434 1835 1565 1882 1494 1728 1623 1802 2353 1818 2519 2491 1257 2713 2207 2361 1350 2048 2631 1139 2159 1734 1054 2360 2490 1742
1682 1795 464 780 1672 2108 1426 1734 1487 1624 1009 611 2230 976 1619 1432 660 1205 565 1419 357 1625 657 1314 2102 0 804 2174 1321 1758 1904 1104 980 1262 1395 1458 1106 810 1795 1505 1595 452 2311 761 1328 973 413 1127 1170 1884 2089 1726 2296 2339 1632 2067 1687 1394 909 1710 2107 850 2135 499 576 1369 376 453 1877 1893 1042 1929 1708 1483 2474 1227 1318 2002 1250 1847 2073 2160 1802 1505 1688 1575 1547 1798 2247 1446 1360 626 732 1621 103 1853 1749 366 1625 1009
990 1104 1066 663 1334 1416 825 1042 1240 1222 317 519 1538 284 1372 1185 515 757 621 1017 1006 1378 1259 912 1410 804 0 1522 630 1151 1212 408 578 566 993 766 1067 49 1188 1037 988 633 1668 866 926 266 524 679 933 1277 1397 1279 1604 1647 1026 1460 1284 697 664 1103 1415 114 1527 1146 538 967 1117 902 1270 1201 345 1322 1016 1236 1946 825 611 1395 553 1241 1382 1551 1399 1057 1385 1328 922 1551 1719 1199 669 856 1334 930 802 1247 1057 1062 1356 606
1344 575 2476 1606 2120 1770 911 1307 2117 2008 1335 1583 1368 1310 2249 2062 1578 1170 1928 1649 2416 2255 2599 1574 1763 2174 1522 0 1458 622 688 1395 1365 1273 1575 959 1944 1523 616 967 649 1963 217 1743 1712 1322 1946 1092 1810 554 406 987 402 2386 809 737 1767 1134 1541 574 724 1527 132 2023 1845 1753 2200 2209 573 1940 1325 599 1755 2113 1223 1487 1211 624 1216 551 729 56 1822 1311 2171 2205 916 2428 996 2076 1462 1762 2713 1668 2074 717 791 2264 2142 1394
926 1039 1584 1111 1716 1264 911 978 1622 1604 456 1081 1474 424 1755 1567 1077 1141 1036 1399 1524 1761 1776 1294 1257 1321 630 1458 0 1331 1148 518 960 721 1375 702 1449 631 1368 1217 1168 1071 1625 1248 1308 583 1100 1062 1315 1457 1333 1529 1540 1370 1205 1640 1667 853 1046 1283 1351 648 1466 1528 953 1349 1635 1317 1450 924 501 1502 739 1618 2126 1207 798 1575 713 1420 1317 1497 1782 1426 1768 1711 951 1933 1899 1581 341 1267 1851 652 1379 1426 993 1580 1739 989
1219 1104 2107 1186 1701 1645 539 1271 1698 1588 975 1164 1721 938 1830 1643 1159 751 1573 1211 2053 1836 2180 1155 1639 1758 1151 622 1331 0 1213 1025 946 854 1137 837 1525 1153 170 555 363 1608 732 1324 1293 903 1527 673 1391 300 997 549 992 2262 371 459 1329 732 1121 55 1314 1140 623 1604 1490 1334 1781 1854 298 1816 906 345 1631 1694 921 1068 792 418 797 203 1319 631 1408 872 1752 1786 609 2009 694 1657 1338 1343 2322 1544 1655 160 1091 1844 1723 975
998 223 2166 1560 2075 1406 936 862 2072 1962 1038 1538 828 1006 2204 2017 1533 1125 1618 1753 2106 2210 2359 1529 1400 1904 1212 688 1148 1213 0 1098 1320 1116 1592 649 1899 1213 1272 1106 1006 1653 806 1698 1667 1165 1683 1047 1765 1211 445 1444 653 2076 1120 1393 1881 967 1495 1165 464 1230 696 1978 1535 1708 2155 1899 1121 1630 1083 1255 1445 2068 1879 1442 1172 1280 1135 1207 430 727 1960 1425 2126 2160 864 2383 1652 2031 1152 1717 2434 1359 1961 1298 439 2162 2097 1349
877 990 1367 847 1452 1303 686 928 1358 1340 130 817 1425 149 1491 1303 813 790 819 1135 1307 1497 1559 1030 1296 1104 408 1395 518 1025 1098 0 696 325 1111 572 1185 409 1062 910 862 854 1535 984 1044 294 880 743 1051 1151 1283 1223 1491 1534 899 1334 1403 501 782 977 1302 426 1399 1264 736 1085 1417 1100 1144 1088 152 1196 903 1355 1820 938 447 1269 362 1114 1268 1419 1518 1075 1504 1447 746 1669 1593 1317 610 1004 1634 816 1157 1120 943 1363 1475 725
1294 1211 1340 408 808 1720 613 1345 920 696 630 386 1795 591 1052 865 381 393 1063 491 1305 1058 1402 447 1713 980 578 1365 960 946 1320 696 0 771 529 912 747 577 983 692 782 1098 1499 546 400 409 749 315 613 1072 1505 914 1645 1978 820 1255 759 738 343 898 1523 520 1323 826 980 441 1003 1344 1065 1532 582 1117 1347 916 1661 361 672 1190 740 1035 1490 1348 874 692 860 1008 734 1231 1434 879 1053 565 1544 1260 877 1041 1165 1066 831 40
1076 1008 1525 922 1527 1502 499 1127 1433 1415 314 892 1591 311 1566 1378 888 632 977 1210 1465 1572 1717 1036 1495 1262 566 1273 721 854 1116 325 771 0 1095 571 1260 567 891 707 691 1012 1407 1059 1119 431 1037 645 1126 980 1301 1053 1509 1739 729 1163 1373 283 857 806 1320 584 1231 1339 894 1160 1516 1258 973 1293 238 1025 1108 1430 1649 982 288 1098 159 944 1286 1256 1452 916 1579 1522 527 1744 1422 1392 815 1078 1792 1021 1315 949 961 1521 1550 800
1566 1484 1755 824 1078 1992 886 1618 1151 743 1045 801 2067 1007 1461 1280 796 468 1479 299 1721 1473 1817 133 1986 1395 993 1575 1375 1137 1592 1111 529 1095 0 1184 1162 993 1066 965 1055 1514 1685 961 294 824 1164 546 1028 1253 1777 820 1898 2393 1001 1201 470 1010 759 1089 1796 935 1554 1241 1396 450 1418 1760 1251 1947 995 1297 1762 1331 1268 293 806 1371 1049 1157 1762 1580 551 320 1140 1424 1007 1646 1041 1294 1469 980 1959 1675 1292 1232 1438 1482 990 557
562 541 1720 1152 1666 988 527 613 1664 1554 555 1129 1110 560 1796 1608 1125 717 1172 1345 1660 1802 1913 1121 981 1458 766 959 702 837 649 572 912 571 1184 0 1491 767 874 723 674 1207 1127 1289 1258 717 1236 638 1357 963 834 1036 1041 1630 712 1146 1473 552 1087 789 853 784 967 1569 1089 1299 1730 1453 956 1184 599 1008 999 1660 1632 1034 737 1081 607 927 819 998 1552 1016 1718 1752 455 1974 1405 1622 706 1309 1988 912 1515 933 494 1716 1689 940
1810 1790 1225 582 873 2236 1192 1862 687 1151 1119 719 2355 1081 820 632 715 972 1553 1186 1190 746 1286 1081 2230 1106 1067 1944 1449 1525 1899 1185 747 1260 1162 1491 0 1067 1562 1271 1361 1493 2078 452 1095 898 956 894 280 1651 2084 1493 2224 2467 1399 1834 1454 1301 504 1477 2102 1009 1902 710 1470 1136 887 1494 1644 2021 1071 1696 1836 684 2240 994 1161 1769 1229 1614 2069 1927 1569 1271 839 717 1313 998 2013 646 1543 559 1428 1749 1083 1620 1744 951 825 776
991 1105 1073 696 1334 1417 826 1043 1240 1222 318 555 1539 285 1372 1185 551 753 622 1017 1013 1378 1265 912 1411 810 49 1523 631 1153 1213 409 577 567 993 767 1067 0 1189 1038 989 640 1669 866 926 266 531 675 933 1279 1398 1275 1605 1648 1027 1461 1284 698 664 1105 1416 111 1528 1146 539 967 1124 903 1271 1202 346 1323 1018 1236 1947 825 612 1396 554 1242 1383 1552 1399 1053 1385 1328 923 1551 1720 1199 670 861 1340 931 809 1248 1058 1069 1356 606
1256 1159 2144 1223 1738 1682 576 1308 1735 1625 1011 1200 1757 974 1867 1680 1196 739 1610 1140 2090 1873 2217 1102 1676 1795 1188 616 1368 170 1272 1062 983 891 1066 874 1562 1189 0 564 431 1645 726 1360 1313 939 1564 710 1428 218 990 478 986 2298 300 365 1258 769 1158 119 1308 1177 616 1641 1527 1307 1817 1891 293 1853 943 262 1668 1731 825 1071 829 335 834 117 1313 625 1337 801 1789 1823 646 2046 598 1694 1374 1380 2359 1581 1692 265 1128 1881 1760 1011
1105 997 1865 933 1447 1531 421 1157 1444 1335 860 910 1606 823 1577 1389 906 498 1459 1125 1830 1583 1927 902 1524 1505 1037 967 1217 555 1106 910 692 707 965 723 1271 1038 564 0 378 1494 1108 1070 1039 788 1273 419 1137 681 1245 614 1241 2147 303 864 1253 463 868 507 1309 999 925 1350 1376 1080 1527 1740 674 1701 791 726 1517 1441 1350 815 495 799 627 644 1275 950 1332 797 1499 1533 364 1755 1123 1403 1223 1090 2068 1430 1402 650 976 1591 1470 721
1056 898 1944 1023 1537 1482 360 1107 1534 1425 811 1000 1557 774 1667 1479 996 588 1410 1215 1889 1673 2016 992 1475 1595 988 649 1168 363 1006 862 782 691 1055 674 1361 989 431 378 0 1445 820 1160 1129 739 1363 509 1227 520 882 592 878 2098 342 702 1343 510 958 332 1200 977 563 1440 1327 1170 1617 1691 513 1652 742 565 1467 1531 1188 905 628 638 634 479 1176 606 1423 887 1589 1623 281 1845 961 1493 1174 1180 2158 1380 1492 301 927 1681 1560 811
1432 1545 729 1133 1855 1858 1282 1483 1761 1742 758 964 1979 726 1893 1706 1013 1280 113 1538 669 1899 921 1432 1851 452 633 1963 1071 1608 1653 854 1098 1012 1514 1207 1493 640 1645 1494 1445 0 2114 1116 1447 787 584 1201 1454 1734 1838 1796 2046 2088 1483 1917 1805 1143 1184 1560 1857 679 1971 886 124 1488 763 321 1727 1643 791 1779 1458 1757 2403 1346 1089 1852 999 1698 1823 1997 1920 1579 1906 1849 1379 2072 2176 1720 1110 981 996 1371 555 1703 1498 725 1877 1127
1512 743 2621 1739 2254 1938 1052 1474 2251 2141 1476 1717 1421 1451 2383 2196 1712 1304 2079 1759 2567 2389 2733 1708 1931 2311 1668 217 1625 732 806 1535 1499 1407 1685 1127 2078 1669 726 1108 820 2114 0 1877 1846 1456 2080 1226 1944 664 460 1097 455 2554 919 847 1877 1275 1675 684 777 1667 303 2157 1996 1887 2334 2360 683 2108 1459 709 1923 2247 1333 1621 1345 734 1350 661 782 227 1932 1421 2305 2339 1078 2562 1106 2210 1630 1896 2854 1836 2208 827 958 2397 2276 1528
1609 1589 959 300 984 2035 991 1660 798 1190 918 426 2154 879 930 743 472 771 1195 985 924 936 1021 880 2028 761 866 1743 1248 1324 1698 984 546 1059 961 1289 452 866 1360 1070 1160 1116 1877 0 894 697 532 692 436 1450 1882 1292 2023 2266 1198 1632 1252 1099 294 1276 1901 808 1701 444 1102 935 621 1145 1442 1820 870 1494 1635 794 2039 793 960 1567 1028 1413 1867 1726 1368 1070 999 887 1112 1109 1812 757 1342 135 1162 1548 658 1419 1543 685 936 574
1640 1558 1689 757 826 2066 960 1692 898 469 978 734 2142 940 1210 1174 729 636 1412 237 1654 1406 1750 249 2060 1328 926 1712 1308 1293 1667 1044 400 1119 294 1258 1095 926 1313 1039 1129 1447 1846 894 0 757 1097 661 961 1419 1852 1077 1992 2326 1167 1379 505 1085 692 1245 1870 868 1670 1174 1329 166 1351 1693 1412 1880 930 1463 1695 1119 1446 439 975 1536 1088 1382 1836 1695 620 575 887 1357 1081 1441 1219 1202 1402 913 1892 1608 1225 1388 1512 1415 737 426
944 1057 1236 560 1165 1370 576 995 1071 1053 234 530 1491 189 1203 1016 526 572 752 848 1176 1209 1428 743 1363 973 266 1322 583 903 1165 294 409 431 824 717 898 266 939 788 739 787 1456 697 757 0 738 494 764 1029 1350 1080 1558 1601 777 1211 1116 476 495 855 1369 262 1279 977 669 798 1154 1033 1021 1155 213 1073 970 1067 1697 656 372 1146 383 992 1335 1305 1231 872 1217 1160 673 1382 1470 1030 677 716 1503 883 1013 998 1010 1208 1187 437
1461 1574 694 549 1441 1887 1194 1512 1256 1393 787 380 2009 755 1388 1201 429 974 663 1188 633 1394 886 1083 1880 413 524 1946 1100 1527 1683 880 749 1037 1164 1236 956 531 1564 1273 1363 584 2080 532 1097 738 0 896 940 1653 1867 1495 2075 2118 1401 1836 1456 1169 678 1479 1886 552 1904 762 570 1138 642 658 1646 1672 817 1698 1487 1252 2242 996 1079 1771 1024 1616 1852 1929 1571 1273 1456 1344 1315 1567 2015 1215 1139 397 961 1400 310 1622 1528 632 1394 778
1020 938 1487 555 1069 1446 340 1072 1067 957 683 532 1522 652 1199 1012 528 78 1166 716 1452 1205 1549 487 1440 1127 679 1092 1062 673 1047 743 315 645 546 638 894 675 710 419 509 1201 1226 692 661 494 896 0 760 799 1232 599 1372 2063 547 982 834 465 490 625 1250 613 1050 972 1084 702 1149 1448 792 1617 601 844 1432 1063 1347 437 389 917 573 762 1217 1075 913 378 1121 1155 461 1377 1120 1026 1139 712 1690 1345 1024 768 892 1213 1092 343
1676 1657 1367 448 739 2102 1058 1728 553 921 985 585 2221 947 686 488 581 838 1419 1052 1332 681 1428 947 2096 1170 933 1810 1315 1391 1765 1051 613 1126 1028 1357 280 933 1428 1137 1227 1454 1944 436 961 764 940 760 0 1517 1950 1359 2090 2333 1265 1700 1320 1167 370 1343 1968 876 1768 852 1336 1002 1029 1553 1510 1887 937 1562 1702 540 2106 860 1027 1635 1095 1480 1935 1793 1435 1137 690 631 1179 864 1879 502 1409 543 1570 1615 1067 1486 1610 1093 691 642
1345 1098 2233 1312 1827 1771 665 1397 1824 1714 1101 1290 1847 1064 1956 1769 1285 877 1699 1327 2179 1962 2306 1281 1765 1884 1277 554 1457 300 1211 1151 1072 980 1253 963 1651 1279 218 681 520 1734 664 1450 1419 1029 1653 799 1517 0 929 665 924 2388 487 275 1441 858 1247 252 1246 1266 555 1730 1616 1460 1907 1980 327 1942 1032 136 1757 1820 793 1194 918 201 923 153 1251 563 1468 989 1878 1912 735 2135 575 1783 1464 1469 2448 1670 1781 396 1217 1970 1849 1101
1219 459 2351 1745 2260 1645 1061 1101 2257 2147 1223 1722 1031 1191 2389 2202 1718 1310 1803 1932 2291 2395 2544 1714 1638 2089 1397 406 1333 997 445 1283 1505 1301 1777 834 2084 1398 990 1245 882 1838 460 1882 1852 1350 1867 1232 1950 929 0 1362 275 2261 1144 1112 2060 1152 1680 949 344 1415 414 2163 1720 1892 2340 2084 947 1815 1268 974 1630 2253 1598 1627 1357 998 1320 926 349 445 2139 1604 2311 2345 1048 2568 1370 2216 1337 1902 2619 1543 2146 1080 674 2347 2282 1533
1418 1336 2086 1155 1669 1844 738 1469 1666 1379 1173 1132 1919 1136 1798 1611 1127 521 1761 879 2052 1804 2148 865 1837 1726 1279 987 1529 549 1444 1223 914 1053 820 1036 1493 1275 478 614 592 1796 1097 1292 1077 1080 1495 599 1359 665 1362 0 1357 2460 413 813 997 930 1090 501 1630 1213 987 1572 1678 1046 1749 2042 663 2014 1104 710 1829 1662 1273 854 850 783 995 568 1614 996 1076 540 1720 1755 808 1977 1046 1625 1536 1311 2290 1742 1623 644 1289 1813 1660 943
1426 666 2559 1886 2400 1852 1163 1308 2397 2288 1431 1863 1238 1399 2530 2342 1859 1450 2010 2009 2498 2536 2751 1854 1846 2296 1604 402 1540 992 653 1491 1645 1509 1898 1041 2224 1605 986 1241 878 2046 455 2023 1992 1558 2075 1372 2090 924 275 1357 0 2469 1139 1107 2137 1360 1821 944 594 1622 410 2303 1928 2033 2480 2292 943 2023 1476 969 1838 2393 1593 1768 1491 994 1497 921 599 441 2192 1681 2452 2486 1144 2708 1366 2356 1544 2042 2826 1751 2353 1076 881 2542 2423 1674
1855 1968 2602 2128 2734 1797 1888 1906 2640 2622 1474 2099 2402 1442 2772 2585 2094 2141 2053 2417 2541 2778 2794 2312 1839 2339 1647 2386 1370 2262 2076 1534 1978 1739 2393 1630 2467 1648 2298 2147 2098 2088 2554 2266 2326 1601 2118 2063 2333 2388 2261 2460 2469 0 2136 2570 2684 1870 2064 2214 2280 1665 2394 2546 1971 2367 2652 2335 2380 919 1518 2432 1016 2636 3056 2225 1816 2505 1731 2351 2246 2425 2799 2441 2785 2728 1879 2951 2829 2599 1235 2285 2869 934 2396 2357 1921 2597 2756 2006
1094 1012 1981 1061 1575 1520 414 1145 1572 1463 849 1038 1595 812 1705 1517 1034 602 1448 1075 1927 1711 2054 1005 1513 1632 1026 809 1205 371 1120 899 820 729 1001 712 1399 1027 300 303 342 1483 919 1198 1167 777 1401 547 1265 487 1144 413 1139 2136 0 635 1193 601 996 323 1324 1014 796 1478 1365 1208 1655 1729 485 1690 780 532 1505 1568 1095 943 666 605 672 391 1290 819 1272 736 1627 1661 467 1883 868 1531 1212 1217 2196 1418 1529 398 965 1719 1598 849
1528 1280 2416 1495 2009 1954 848 1580 2007 1682 1283 1472 2029 1246 2139 1952 1468 1057 1882 1182 2361 2145 2489 1290 1948 2067 1460 737 1640 459 1393 1334 1255 1163 1201 1146 1834 1461 365 864 702 1917 847 1632 1379 1211 1836 982 1700 275 1112 813 1107 2570 635 0 1270 1041 1430 409 1429 1449 737 1913 1799 1349 2089 2163 485 2125 1215 138 1940 2003 537 1374 1101 437 1106 301 1434 746 1292 902 2061 2095 918 2318 327 1966 1646 1652 2630 1853 1964 554 1400 2153 1962 1283
1855 1772 2047 1115 1090 2280 1174 1906 1162 721 1337 1092 2356 1298 1474 1439 1088 756 1770 307 2012 1724 2109 558 2274 1687 1284 1767 1667 1329 1881 1403 759 1373 470 1473 1454 1284 1258 1253 1343 1805 1877 1252 505 1116 1456 834 1320 1441 2060 997 2137 2684 1193 1270 0 1299 1050 1281 2084 1227 1767 1533 1687 474 1709 2051 1443 2239 1289 1389 2054 1383 1336 718 1084 1559 1327 1348 2051 1776 145 496 1188 1683 1295 1706 1109 1466 1760 1272 2251 1967 1584 1424 1726 1773 1002 785
941 859 1657 962 1493 1367 304 992 1474 1380 471 933 1442 442 1606 1419 928 543 1108 1171 1596 1612 1849 947 1360 1394 697 1134 853 732 967 501 738 283 1010 552 1301 698 769 463 510 1143 1275 1099 1085 476 1169 465 1167 858 1152 930 1360 1870 601 1041 1299 0 897 684 1171 708 1058 1380 1025 1126 1556 1389 851 1425 380 903 1240 1470 1527 860 348 976 203 821 1137 1101 1378 843 1544 1562 273 1785 1300 1433 946 1119 1924 1153 1423 803 812 1620 1515 767
1407 1387 1088 166 863 1833 789 1458 677 980 716 316 1952 677 809 622 312 568 1149 783 1053 815 1150 678 1826 909 664 1541 1046 1121 1495 782 343 857 759 1087 504 664 1158 868 958 1184 1675 294 692 495 678 490 370 1247 1680 1090 1821 2064 996 1430 1050 897 0 1073 1699 606 1498 574 1066 733 751 1291 1240 1618 668 1292 1433 673 1837 591 758 1365 826 1211 1665 1524 1165 868 878 766 910 988 1610 636 1140 313 1292 1346 806 1217 1341 814 815 372
1171 1056 2059 1138 1653 1597 491 1223 1650 1540 927 1116 1673 890 1782 1595 1111 703 1525 1163 2005 1788 2132 1107 1591 1710 1103 574 1283 55 1165 977 898 806 1089 789 1477 1105 119 507 332 1560 684 1276 1245 855 1479 625 1343 252 949 501 944 2214 323 409 1281 684 1073 0 1266 1092 575 1556 1442 1286 1733 1806 250 1768 858 297 1583 1646 870 1020 744 370 749 152 1271 583 1360 824 1704 1738 561 1961 643 1609 1290 1295 2274 1496 1607 151 1043 1796 1675 927
1223 477 2370 1764 2278 1621 1139 1076 2275 2166 1242 1741 740 1210 2407 2220 1737 1328 1822 1956 2309 2413 2562 1732 1614 2107 1415 724 1351 1314 464 1302 1523 1320 1796 853 2102 1416 1308 1309 1200 1857 777 1901 1870 1369 1886 1250 1968 1246 344 1630 594 2280 1324 1429 2084 1171 1699 1266 0 1433 732 2181 1739 1911 2358 2103 1243 1834 1287 1291 1649 2271 1915 1646 1376 1316 1338 1243 160 763 2163 1628 2330 2364 1067 2586 1688 2234 1356 1920 2637 1562 2165 1398 692 2365 2301 1552
1008 1122 1112 617 1276 1434 814 1060 1182 1164 335 473 1556 302 1315 1127 469 692 645 959 1052 1321 1305 854 1428 850 114 1527 648 1140 1230 426 520 584 935 784 1009 111 1177 999 977 679 1667 808 868 262 552 613 876 1266 1415 1213 1622 1665 1014 1449 1227 708 606 1092 1433 0 1517 1088 562 909 1160 926 1259 1219 363 1311 1034 1179 1935 767 577 1384 568 1229 1400 1542 1342 991 1328 1271 911 1493 1708 1141 687 828 1380 948 830 1235 1075 1108 1299 549
1352 583 2484 1563 2078 1778 874 1315 2075 1965 1340 1541 1376 1314 2207 2020 1536 1128 1936 1650 2423 2213 2557 1532 1771 2135 1527 132 1466 623 696 1399 1323 1231 1554 967 1902 1528 616 925 563 1971 303 1701 1670 1279 1904 1050 1768 555 414 987 410 2394 796 737 1767 1058 1498 575 732 1517 0 1981 1853 1711 2158 2217 573 1948 1283 599 1763 2071 1223 1445 1169 624 1174 551 737 89 1822 1311 2129 2163 829 2386 996 2034 1470 1720 2699 1676 2032 718 798 2221 2100 1352
1889 1869 540 580 1349 2315 1271 1940 1163 1470 1198 733 2434 1160 1296 1108 778 1051 999 1265 507 1267 602 1160 2308 499 1146 2023 1528 1604 1978 1264 826 1339 1241 1569 710 1146 1641 1350 1440 886 2157 444 1174 977 762 972 852 1730 2163 1572 2303 2546 1478 1913 1533 1380 574 1556 2181 1088 1981 0 1011 1215 280 887 1723 2100 1150 1775 1915 1160 2319 1073 1240 1847 1308 1693 2147 2006 1648 1350 1364 1238 1392 1474 2092 1122 1622 404 744 1828 518 1699 1823 271 1302 854
1314 1427 853 1112 1737 1740 1164 1365 1643 1624 640 950 1861 608 1775 1588 995 1162 93 1420 793 1781 1046 1314 1733 576 538 1845 953 1490 1535 736 980 894 1396 1089 1470 539 1527 1376 1327 124 1996 1102 1329 669 570 1084 1336 1616 1720 1678 1928 1971 1365 1799 1687 1025 1066 1442 1739 562 1853 1011 0 1370 887 374 1609 1525 673 1661 1340 1639 2285 1228 971 1734 881 1580 1705 1879 1802 1461 1788 1731 1261 1954 2058 1602 992 967 1121 1253 679 1585 1380 849 1759 1009
1681 1599 1729 798 816 2107 1001 1733 889 447 1019 775 2182 981 1201 1165 770 777 1452 207 1695 1443 1791 405 2101 1369 967 1753 1349 1334 1708 1085 441 1160 450 1299 1136 967 1307 1080 1170 1488 1887 935 166 798 1138 702 1002 1460 1892 1046 2033 2367 1208 1349 474 1126 733 1286 1911 909 1711 1215 1370 0 1392 1734 1452 1921 971 1469 1736 1109 1416 595 1061 1577 1129 1397 1877 1736 589 545 915 1397 1122 1432 1189 1192 1443 954 1933 1649 1266 1429 1553 1456 728 467
1995 2046 543 757 1526 2421 1448 2047 1340 1647 1322 840 2543 1289 1473 1285 889 1228 876 1442 465 1430 724 1337 2415 376 1117 2200 1635 1781 2155 1417 1003 1516 1418 1730 887 1124 1817 1527 1617 763 2334 621 1351 1154 642 1149 1029 1907 2340 1749 2480 2652 1655 2089 1709 1556 751 1733 2358 1160 2158 280 887 1392 0 764 1900 2206 1327 1951 2022 1337 2496 1250 1417 2024 1485 1870 2324 2183 1825 1527 1541 1401 1569 1651 2269 1299 1674 581 808 1935 394 1876 2000 224 1478 1031
1678 1791 710 1162 2054 2104 1528 1729 1869 1988 1004 993 2225 972 2001 1814 1042 1526 281 1784 670 2007 922 1678 2097 453 902 2209 1317 1854 1899 1100 1344 1258 1760 1453 1494 903 1891 1740 1691 321 2360 1145 1693 1033 658 1448 1553 1980 2084 2042 2292 2335 1729 2163 2051 1389 1291 1806 2103 926 2217 887 374 1734 764 0 1973 1889 1038 2025 1704 1865 2649 1592 1335 2098 1245 1944 2069 2243 2166 1825 2069 1957 1625 2180 2422 1828 1356 1010 959 1617 556 1950 1744 726 2007 1373
1338 1012 2226 1305 1820 1764 658 1390 1817 1707 1094 1282 1700 1056 1949 1762 1278 870 1692 1325 2172 1955 2299 1274 1758 1877 1270 573 1450 298 1121 1144 1065 973 1251 956 1644 1271 293 674 513 1727 683 1442 1412 1021 1646 792 1510 327 947 663 943 2380 485 485 1443 851 1240 250 1243 1259 573 1723 1609 1452 1900 1973 0 1935 1025 371 1750 1813 971 1187 911 419 916 280 1228 582 1498 987 1871 1905 728 2128 744 1776 1456 1462 2441 1663 1774 393 1096 1963 1842 1093
1175 1522 2156 1683 2288 1027 1442 1309 2194 2176 1028 1653 1784 996 2326 2139 1649 1695 1608 1971 2095 2332 2348 1866 1069 1893 1201 1940 924 1816 1630 1088 1532 1293 1947 1184 2021 1202 1853 1701 1652 1643 2108 1820 1880 1155 1672 1617 1887 1942 1815 2014 2023 919 1690 2125 2239 1425 1618 1768 1834 1219 1948 2100 1525 1921 2206 1889 1935 0 1073 1987 568 2190 2611 1779 1370 2060 1285 1905 1800 1979 2354 1995 2340 2283 1434 2505 2384 2153 789 1839 2423 481 1951 1911 1475 2151 2311 1560
862 975 1305 733 1338 1288 580 913 1244 1226 99 703 1409 90 1377 1189 699 669 756 1021 1244 1383 1497 914 1281 1042 345 1325 501 906 1083 152 582 238 995 599 1071 346 943 791 742 791 1459 870 930 213 817 601 937 1032 1268 1104 1476 1518 780 1215 1289 380 668 858 1287 363 1283 1150 673 971 1327 1038 1025 1073 0 1077 888 1241 1701 815 325 1150 241 995 1253 1308 1404 954 1390 1333 625 1555 1474 1203 594 889 1572 801 1094 1001 928 1300 1361 611
1390 1142 2278 1357 1871 1816 710 1442 1869 1758 1145 1334 1891 1108 2001 1814 1330 922 1744 1302 2224 2007 2351 1326 1810 1929 1322 599 1502 345 1255 1196 1117 1025 1297 1008 1696 1323 262 726 565 1779 709 1494 1463 1073 1698 844 1562 136 974 710 969 2432 532 138 1389 903 1292 297 1291 1311 599 1775 1661 1469 1951 2025 371 1987 1077 0 1802 1865 656 1239 963 299 968 198 1296 608 1412 1015 1923 1957 780 2180 446 1828 1508 1514 2493 1715 1826 440 1262 2015 1894 1145
1224 1337 1971 1498 2103 1184 1257 1275 2009 1991 843 1468 1772 811 2141 1954 1464 1510 1423 1786 1911 2148 2163 1681 1226 1708 1016 1755 739 1631 1445 903 1347 1108 1762 999 1836 1018 1668 1517 1467 1458 1923 1635 1695 970 1487 1432 1702 1757 1630 1829 1838 1016 1505 1940 2054 1240 1433 1583 1649 1034 1763 1915 1340 1736 2022 1704 1750 568 888 1802 0 2005 2426 1594 1185 1875 1100 1720 1615 1794 2169 1810 2155 2098 1249 2320 2199 1968 605 1654 2238 169 1766 1726 1291 1967 2126 1376
1979 1960 1674 751 450 2405 1362 2031 264 728 1288 889 2524 1250 324 84 884 1141 1722 1202 1639 370 1736 1250 2399 1483 1236 2113 1618 1694 2068 1355 916 1430 1331 1660 684 1236 1731 1441 1531 1757 2247 794 1119 1067 1252 1063 540 1820 2253 1662 2393 2636 1568 2003 1383 1470 673 1646 2271 1179 2071 1160 1639 1109 1337 1865 1813 2190 1241 1865 2005 0 2408 1163 1330 1938 1398 1783 2238 2096 1498 1441 443 332 1483 578 2181 112 1712 894 1878 1918 1380 1789 1913 1400 403 945
2014 1766 2834 1902 2118 2440 1334 2066 2190 1748 1769 1879 2515 1732 2502 2358 1875 1269 2368 1249 2799 2552 2895 1356 2434 2474 1946 1223 2126 921 1879 1820 1661 1649 1268 1632 2240 1947 825 1350 1188 2403 1333 2039 1446 1697 2242 1347 2106 793 1598 1273 1593 3056 1095 537 1336 1527 1837 870 1915 1935 1223 2319 2285 1416 2496 2649 971 2611 1701 656 2426 2408 0 1471 1587 934 1592 761 1920 1232 1359 969 2216 2502 1404 2724 266 2372 2132 2059 3037 2339 2371 1016 1886 2560 2029 1690
1416 1334 1587 656 1109 1842 736 1467 1167 889 871 633 1917 839 1299 1112 628 379 1310 548 1553 1305 1649 212 1835 1227 825 1487 1207 1068 1442 938 361 982 293 1034 994 825 1071 815 905 1346 1621 793 439 656 996 437 860 1194 1627 854 1768 2225 943 1374 718 860 591 1020 1646 767 1445 1073 1228 595 1250 1592 1187 1779 815 1239 1594 1163 1471 0 694 1312 937 1151 1612 1470 799 522 1160 1256 857 1478 1244 1126 1301 812 1791 1507 1124 1163 1287 1314 1125 389
1146 1064 1581 822 1428 1572 463 1197 1334 1316 416 793 1647 388 1466 1279 788 344 1053 967 1521 1472 1773 748 1565 1318 611 1211 798 792 1172 447 672 288 806 737 1161 612 829 495 628 1089 1345 960 975 372 1079 389 1027 918 1357 850 1491 1816 666 1101 1084 348 758 744 1376 577 1169 1240 971 1061 1417 1335 911 1370 325 963 1185 1330 1587 694 0 1036 243 881 1342 1194 1164 628 1479 1422 503 1645 1360 1293 892 979 1848 1098 1284 887 1017 1481 1450 700
1463 1167 2351 1430 1944 1889 783 1515 1942 1832 1218 1407 1955 1181 2074 1886 1403 995 1817 1445 2296 2080 2424 1399 1882 2002 1395 624 1575 418 1280 1269 1190 1098 1371 1081 1769 1396 335 799 638 1852 734 1567 1536 1146 1771 917 1635 201 998 783 994 2505 605 437 1559 976 1365 370 1316 1384 624 1847 1734 1577 2024 2098 419 2060 1150 299 1875 1938 934 1312 1036 0 1041 271 1321 633 1586 1107 1996 2030 853 2252 715 1901 1581 1587 2565 1788 1899 513 1335 2088 1967 1218
1074 1026 1512 890 1496 1500 419 1126 1402 1384 331 861 1610 303 1534 1347 856 586 964 1179 1452 1540 1704 990 1494 1250 553 1216 713 797 1135 362 740 159 1049 607 1229 554 834 627 634 999 1350 1028 1088 383 1024 573 1095 923 1320 995 1497 1731 672 1106 1327 203 826 749 1338 568 1174 1308 881 1129 1485 1245 916 1285 241 968 1100 1398 1592 937 243 1041 0 887 1304 1199 1406 871 1547 1490 448 1713 1365 1361 807 1047 1780 1013 1302 892 980 1508 1518 768
1309 1094 2196 1276 1790 1735 629 1360 1787 1678 1064 1253 1810 1027 1919 1732 1248 829 1663 1230 2142 1925 2269 1193 1728 1847 1241 551 1420 203 1207 1114 1035 944 1157 927 1614 1242 117 644 479 1698 661 1413 1382 992 1616 762 1480 153 926 568 921 2351 391 301 1348 821 1211 152 1243 1229 551 1693 1580 1397 1870 1944 280 1905 995 198 1720 1783 761 1151 881 271 887 0 1248 560 1404 892 1842 1876 699 2098 534 1746 1427 1432 2411 1633 1744 298 1180 1934 1813 1064
