NAME: zurich_100_15
COMMENT: TSP instance with 100 nodes. City: Zurich, Switzerland, Seed: 57
TYPE: TSP
DIMENSION: 100
EDGE_WEIGHT_TYPE: EXPLICIT
EDGE_WEIGHT_FORMAT: FULL_MATRIX
NODE_COORD_SECTION:
1 47.2447966 8.7392778
2 47.3131992 8.3879001
3 47.3959095 8.6132062
4 47.4760249 8.294232
5 47.3907282 8.4195037
6 47.4094748 8.5588164
7 47.3535147 8.3828753
8 47.3708058 8.3812207
9 47.3853127 8.5371441
10 47.4003758 8.6193937
11 47.5035861 8.4046781
12 47.4314844 8.5540769
13 47.3862717 8.5350225
14 47.3484272 8.3362975
15 47.3284711 8.5461325
16 47.4345372 8.5667877
17 47.3960906 8.5994106
18 47.2551614 8.608028
19 47.2654382 8.7289175
20 47.2438273 8.6329016
21 47.4034247 8.2755434
22 47.2022979 8.5378845
23 47.5393742 8.294805
24 47.3164065 8.412692
25 47.2794686 8.7570241
26 47.3255648 8.2958482
27 47.4422736 8.3599794
28 47.5270008 8.4683404
29 47.2369278 8.6394558
30 47.240994 8.7229664
31 47.2974816 8.560298
32 47.2794656 8.4539863
33 47.3673275 8.783087
34 47.5401582 8.3220058
35 47.5145798 8.6874709
36 47.3911089 8.5174334
37 47.5533805 8.3305482
38 47.3888328 8.6162509
39 47.1998661 8.7769978
40 47.2539623 8.7723346
41 47.1977806 8.7212275
42 47.2015847 8.4318511
43 47.4589437 8.404052
44 47.4872941 8.4448132
45 47.3603202 8.5678569
46 47.5271407 8.5122679
47 47.3710452 8.5235465
48 47.5516859 8.7972252
49 47.278613 8.6680719
50 47.3205752 8.424552
51 47.3108904 8.3969698
52 47.3709763 8.5261965
53 47.5024992 8.7291431
54 47.3483531 8.5847659
55 47.324225 8.6375323
56 47.2834906 8.5491388
57 47.2049969 8.5743947
58 47.4241111 8.368185
59 47.3232886 8.5985727
60 47.2911045 8.5652744
61 47.5108278 8.7570108
62 47.4637725 8.4971542
63 47.2320255 8.6630687
64 47.4578752 8.7746888
65 47.3296887 8.6531935
66 47.4121694 8.5822504
67 47.4591915 8.6624653
68 47.2368393 8.7357248
69 47.3527246 8.3704083
70 47.4695477 8.3976718
71 47.3865952 8.5253942
72 47.3087881 8.6920897
73 47.3098995 8.3242939
74 47.2458386 8.7809813
75 47.3349405 8.7626971
76 47.3664067 8.5140976
77 47.4081361 8.554892
78 47.2271222 8.4775674
79 47.3759817 8.4901203
80 47.2372706 8.6134993
81 47.4040394 8.7283559
82 47.3260574 8.6433462
83 47.366364 8.7741707
84 47.39426 8.5266144
85 47.3681724 8.6384741
86 47.3065514 8.6910271
87 47.3556503 8.3252403
88 47.476016 8.7443513
89 47.360553 8.7957384
90 47.4780628 8.4887411
91 47.3633878 8.5573738
92 47.448589 8.5350277
93 47.2388288 8.6580798
94 47.4579244 8.435022
95 47.3135509 8.7198828
96 47.3956536 8.6165422
97 47.3210865 8.5849798
98 47.327145 8.6606285
99 47.5382143 8.7402727
100 47.3794222 8.6804237
EDGE_WEIGHT_SECTION:
0 2357 1342 2592 2098 1684 2222 2342 1583 1389 2492 1643 1486 2464 1727 1633 1383 2217 274 2251 2869 2708 3119 2217 351 2843 2289 2363 2192 173 1942 2270 1232 3142 1932 1680 3265 1276 2877 210 2579 2772 2199 2273 1182 2174 1509 2274 590 2134 2302 1509 1955 1063 819 2004 2607 2290 1022 1960 2138 1994 2335 1749 733 1568 1823 106 2205 2375 1579 583 2726 266 874 1632 1643 2471 1735 2142 1364 761 1163 1618 1154 667 2379 2000 1308 2117 1244 1790 2337 2102 643 1315 1088 718 2191 1124
2357 0 1430 1361 696 1337 406 625 1211 1406 1682 1128 1100 503 966 1220 1394 1314 2189 1349 977 1289 1956 178 2132 793 1058 1739 1290 2401 1039 495 2036 1979 1956 1094 2102 1488 1975 2361 1676 972 1269 1463 1190 1783 899 2298 2091 225 92 906 1979 1385 1668 1101 1417 1059 1530 1058 2162 1269 1433 2193 1755 1372 1823 2462 389 1363 1105 1871 503 2431 2003 985 1298 855 930 1240 1853 1702 1966 1148 1720 1831 487 2163 2111 1366 1113 1276 1435 1292 2104 1454 1465 1757 2215 1626
1342 1430 0 1344 846 385 1268 1091 467 91 1232 383 480 1530 960 373 82 1415 1175 1449 1868 1906 1860 1352 1117 1909 1041 1103 1390 1361 1139 1468 863 1882 841 619 2005 87 2075 1346 1776 1970 939 1013 595 915 699 1183 1105 1267 1437 699 865 715 810 1201 1805 1042 861 1158 1048 735 1533 1079 643 273 782 1426 1271 1115 575 801 1792 1417 831 783 377 1668 803 1340 738 767 794 533 320 814 1445 1049 939 857 590 531 1535 842 868 35 927 732 1100 437
2592 1361 1344 0 777 1282 1199 1022 1214 1319 840 1042 1139 1242 1446 1133 1307 1795 2424 1829 978 2097 882 1283 2323 1477 547 1415 1770 2643 1519 1453 1949 905 1870 1001 1028 1401 2455 2543 2156 1964 651 1109 1431 1559 1143 2211 2341 1198 1368 1174 1893 1627 1909 1581 2185 594 1780 1538 2076 1183 1913 2107 1957 1299 1737 2698 1120 745 1047 2103 1552 2575 1916 1208 1253 1663 1113 1720 1766 1943 1880 1076 1634 2072 1145 2077 2024 1194 1354 1189 1915 781 2044 1367 1715 1998 2129 1540
2098 696 846 777 0 785 509 332 723 822 1098 544 648 796 781 636 810 1130 1930 1164 1201 1432 1372 618 1826 1175 475 1156 1105 2149 854 788 1452 1395 1372 510 1518 904 1790 2046 1491 1299 685 879 940 1199 653 1714 1850 533 703 683 1396 1136 1419 916 1520 476 1289 873 1579 686 1248 1610 1460 801 1239 2203 523 779 556 1608 1058 2078 1419 699 756 998 575 1055 1269 1452 1383 585 1137 1581 711 1580 1527 782 864 692 1250 708 1546 870 1224 1507 1631 1042
1684 1337 385 1282 785 0 1202 1029 250 360 1171 296 263 1445 807 297 318 1198 1517 1232 1806 1689 1798 1198 1404 1824 979 1058 1173 1716 922 1251 1030 1820 951 392 1943 442 1858 1624 1559 1753 878 952 548 872 482 1292 1460 1115 1283 482 974 748 1031 984 1588 980 957 941 1157 662 1316 1188 998 167 795 1781 1185 1053 358 1156 1707 1656 997 566 53 1451 575 1123 847 1064 961 305 675 1169 1360 1158 1105 784 476 458 1318 781 1125 408 892 1086 1209 621
2222 406 1268 1199 509 1202 0 233 1072 1244 1520 966 965 426 831 1057 1232 1179 2054 1214 831 1482 1794 569 1997 806 894 1577 1155 2266 904 837 1873 1816 1794 932 1940 1326 1840 2225 1541 1349 1107 1301 1055 1621 764 2136 1956 564 484 771 1817 1250 1533 966 1570 763 1395 922 2000 1107 1298 2031 1620 1223 1661 2327 132 1200 962 1736 751 2296 1841 850 1163 1048 811 1105 1691 1566 1804 1005 1558 1696 342 2001 1949 1203 978 1113 1300 1130 1967 1292 1330 1622 2053 1464
2342 625 1091 1022 332 1029 233 0 967 1067 1343 789 893 570 1022 880 1055 1371 2175 1405 946 1674 1617 787 2071 949 717 1400 1347 2393 1096 1029 1697 1640 1617 755 1763 1149 2032 2291 1733 1541 930 1124 1185 1444 897 1959 2095 752 702 928 1640 1380 1663 1158 1761 587 1534 1114 1823 930 1490 1854 1705 1046 1484 2448 247 1024 801 1853 894 2323 1664 962 1000 1240 851 1297 1514 1697 1627 830 1381 1826 485 1824 1772 1027 1108 937 1491 953 1791 1115 1469 1752 1876 1287
1583 1211 467 1214 723 250 1072 967 0 444 1205 381 140 1319 673 371 397 1072 1415 1106 1700 1563 1797 1072 1331 1698 911 1101 1047 1628 796 1125 1074 1820 995 285 1943 519 1732 1555 1433 1627 912 986 402 912 355 1336 1360 989 1157 356 1018 611 894 858 1462 912 821 815 1201 732 1190 1232 960 341 935 1688 1059 1088 228 1094 1581 1606 1041 432 211 1325 465 997 891 928 1005 212 752 1057 1234 1202 1149 854 339 528 1192 815 1168 492 756 983 1253 664
1389 1406 91 1319 822 360 1244 1067 444 0 1208 359 457 1506 1001 349 152 1391 1221 1426 1844 1883 1835 1327 1164 1885 1017 1079 1367 1408 1116 1445 804 1858 797 596 1981 139 2052 1388 1753 1947 915 989 665 890 676 1139 1151 1242 1412 676 820 762 857 1178 1782 1018 907 1135 1003 711 1510 1034 690 248 724 1472 1246 1091 552 848 1768 1430 771 760 359 1645 779 1317 694 814 735 509 367 860 1421 1005 879 833 660 507 1512 818 898 79 973 778 1056 387
2492 1682 1232 840 1098 1171 1520 1343 1205 1208 0 930 1196 1782 1748 1022 1196 2116 2324 2150 1559 2418 656 1604 2212 2058 1019 605 2091 2545 1841 1774 1838 679 1664 1249 802 1290 2776 2432 2477 2286 753 299 1484 753 1364 2100 2308 1519 1689 1395 1782 1684 1967 1903 2506 1127 1893 1859 1965 692 2234 1995 1846 1187 1542 2598 1523 714 1247 1999 2044 2464 1805 1400 1142 1984 1301 2041 1655 1970 1769 1164 1523 2017 1697 1966 1913 556 1412 928 2236 625 1932 1256 1828 1934 1986 1428
1643 1128 383 1042 544 296 966 789 381 359 930 0 394 1228 937 99 347 1328 1475 1362 1566 1820 1557 1050 1363 1607 739 802 1304 1696 1053 1219 989 1580 909 525 1703 441 1988 1583 1690 1731 637 711 683 708 613 1251 1458 964 1135 613 933 878 1158 1115 1718 740 1088 1071 1116 386 1447 1146 997 257 735 1749 969 813 489 1150 1490 1615 956 696 283 1430 708 1254 806 1121 920 438 674 1167 1143 1117 1064 508 606 170 1448 540 1083 407 1023 1085 1168 579
1486 1100 480 1139 648 263 965 893 140 457 1196 394 0 1207 573 384 410 960 1318 994 1612 1451 1734 961 1261 1586 837 1114 936 1531 685 1013 1087 1757 1008 210 1880 533 1620 1490 1322 1515 903 977 319 925 236 1350 1263 878 1046 245 1031 514 797 747 1350 838 724 703 1214 746 1079 1245 884 354 948 1591 948 1079 103 1000 1470 1561 1054 310 224 1214 394 886 904 831 1018 144 765 960 1123 1215 1162 862 242 542 1080 806 1182 505 659 886 1267 678
2464 503 1530 1242 796 1445 426 570 1319 1506 1782 1228 1207 0 1073 1320 1494 1422 2296 1456 611 1650 1885 657 2239 466 1158 1839 1397 2509 1147 960 2136 1908 2056 1194 2031 1588 2082 2468 1783 1318 1369 1563 1297 1883 1007 2398 2199 704 571 1013 2079 1492 1775 1209 1791 1101 1638 1165 2262 1369 1540 2293 1862 1480 1923 2569 409 1463 1212 1978 388 2539 2103 1093 1405 1216 1054 1347 1953 1809 2066 1255 1820 1938 121 2263 2211 1466 1220 1376 1542 1392 2212 1554 1573 1864 2315 1726
1727 966 960 1446 781 807 831 1022 673 1001 1748 937 573 1073 0 927 924 686 1560 720 1478 1177 2041 826 1503 1452 1143 1657 661 1772 301 879 1630 2063 1551 670 2186 947 1346 1731 1047 1381 1353 1529 560 1469 406 1893 1462 743 911 410 1574 756 1039 458 1076 1144 901 366 1757 1289 804 1788 1126 898 1491 1832 814 1447 588 1241 1335 1802 1598 497 767 1079 639 611 1448 1072 1561 674 1118 1201 988 1758 1706 1411 484 1085 806 1358 1475 993 836 1127 1810 1221
1633 1220 373 1133 636 297 1057 880 371 349 1022 99 384 1320 927 0 337 1318 1465 1352 1657 1809 1649 1141 1353 1699 830 804 1294 1686 1043 1311 979 1671 899 523 1794 431 1978 1573 1680 1823 729 803 673 616 602 1241 1448 1056 1226 603 922 868 1148 1105 1708 831 1078 1061 1105 439 1437 1136 987 205 652 1738 1060 904 478 1140 1582 1605 946 686 279 1521 706 1243 796 1110 909 436 663 1157 1235 1106 1054 562 596 269 1438 632 1073 397 1013 1075 1158 569
1383 1394 82 1307 810 318 1232 1055 397 152 1196 347 410 1494 924 337 0 1344 1216 1378 1832 1836 1823 1313 1159 1873 1005 1067 1320 1402 1069 1397 889 1846 809 549 1969 128 2005 1387 1706 1899 903 977 559 878 629 1151 1146 1230 1398 629 833 749 851 1131 1735 1006 902 1087 1016 699 1463 1046 684 240 769 1467 1235 1079 505 842 1756 1458 856 712 303 1598 732 1270 706 808 820 462 361 855 1409 1017 964 821 554 495 1464 806 910 115 929 773 1068 479
2217 1314 1415 1795 1130 1198 1179 1371 1072 1391 2116 1328 960 1422 686 1318 1344 0 2049 206 1827 799 2390 1175 1992 1801 1492 2048 290 2261 488 1228 2021 2412 1942 1024 2535 1437 975 2221 676 1468 1702 1897 1050 1860 759 2284 1952 1092 1260 766 1965 1245 1528 563 698 1493 1390 422 2148 1680 395 2179 1615 1288 1882 2322 1162 1796 970 1731 1684 2291 1989 845 1158 1030 993 237 1838 1562 1952 1027 1608 1691 1337 2149 2097 1790 973 1476 295 1726 1965 1440 1325 1617 2201 1612
274 2189 1175 2424 1930 1517 2054 2175 1415 1221 2324 1475 1318 2296 1560 1465 1216 2049 0 2083 2701 2541 2951 2050 277 2676 2122 2195 2025 284 1774 2102 1069 2974 1764 1513 3097 1108 2709 316 2411 2604 2031 2105 1015 2007 1341 2106 466 1967 2135 1341 1787 895 651 1836 2439 2123 855 1792 1970 1827 2168 1581 566 1400 1656 349 2037 2207 1411 415 2559 384 707 1464 1476 2303 1567 1975 1196 594 1000 1450 987 500 2212 1832 1144 1949 1076 1623 2169 1934 475 1147 921 550 2023 957
2251 1349 1449 1829 1164 1232 1214 1405 1106 1426 2150 1362 994 1456 720 1352 1378 206 2083 0 1861 802 2424 1209 2026 1835 1526 2083 121 2296 581 1262 2056 2446 1976 1058 2569 1471 874 2255 575 1471 1736 1931 1084 1894 794 2318 1986 1126 1294 800 1999 1279 1562 643 701 1527 1425 596 2182 1714 255 2213 1649 1323 1916 2356 1197 1830 1004 1765 1718 2326 2023 880 1192 1033 1027 203 1873 1596 1986 1061 1642 1725 1371 2183 2131 1824 1007 1510 166 1760 1999 1474 1360 1651 2235 1646
2869 977 1868 978 1201 1806 831 946 1700 1844 1559 1566 1612 611 1478 1657 1832 1827 2701 1861 0 2129 1621 1140 2644 824 1169 2087 1802 2914 1551 1457 2474 1644 2394 1526 1767 1926 2487 2873 2188 1829 1295 1793 1702 2181 1411 2736 2604 1187 1054 1418 2417 1897 2180 1613 2217 979 2042 1570 2600 1707 1945 2631 2267 1823 2261 2974 814 1388 1572 2383 899 2943 2441 1497 1777 1695 1458 1752 2291 2214 2404 1601 2158 2343 492 2601 2549 1786 1625 1714 1947 1424 2568 1892 1977 2269 2653 2064
2708 1289 1906 2097 1432 1689 1482 1674 1563 1883 2418 1820 1451 1650 1177 1809 1836 799 2541 802 2129 0 2692 1287 2483 1780 1794 2475 739 2753 947 847 2513 2715 2433 1515 2838 1928 1442 2712 1143 839 2005 2199 1541 2351 1251 2775 2443 1261 1325 1257 2456 1737 2019 799 302 1795 1882 957 2639 2005 882 2670 2107 1780 2374 2813 1465 2099 1461 2222 1590 2783 2480 1337 1650 470 1484 715 2330 2053 2443 1518 2099 2182 1639 2641 2588 2102 1464 1967 883 2028 2456 1931 1817 2108 2692 2103
3119 1956 1860 882 1372 1798 1794 1617 1797 1835 656 1557 1734 1885 2041 1649 1823 2390 2951 2424 1621 2692 0 1878 2839 2120 1081 1232 2365 3173 2115 2048 2465 281 2291 1596 382 1917 3050 3059 2751 2560 1186 926 2026 1380 1738 2727 2929 1793 1963 1769 2409 2222 2505 2177 2780 1189 2375 2133 2592 1319 2508 2623 2473 1814 2169 3225 1763 1279 1642 2626 2195 3091 2432 1803 1769 2258 1708 2315 2282 2538 2396 1671 2150 2644 1788 2593 2540 1184 1950 1556 2510 1252 2560 1883 2310 2561 2614 2055
2217 178 1352 1283 618 1198 569 787 1072 1327 1604 1050 961 657 826 1141 1313 1175 2050 1209 1140 1287 1878 0 1993 937 980 1661 1150 2262 900 440 1957 1900 1878 1007 2023 1409 1835 2221 1537 1082 1190 1385 1050 1704 760 2219 1952 85 123 766 1901 1246 1529 962 1362 981 1391 918 2084 1191 1294 2115 1616 1268 1745 2322 552 1284 971 1731 647 2292 1924 846 1159 853 791 1100 1774 1562 1888 1028 1608 1691 650 2085 2032 1287 974 1197 1295 1214 1965 1375 1326 1617 2137 1548
351 2132 1117 2323 1826 1404 1997 2071 1331 1164 2212 1363 1261 2239 1503 1353 1159 1992 277 2026 2644 2483 2839 1993 0 2618 2021 2083 1968 452 1717 2045 926 2862 1652 1455 2985 1051 2652 249 2354 2547 1919 1993 958 1894 1284 1994 631 1910 2078 1284 1675 838 594 1779 2382 2022 798 1735 1858 1714 2111 1469 509 1290 1543 456 1980 2095 1354 358 2502 320 564 1407 1363 2246 1510 1918 1084 537 857 1393 930 443 2155 1720 1001 1837 1019 1510 2112 1822 419 1090 864 493 1911 844
2843 793 1909 1477 1175 1824 806 949 1698 1885 2058 1607 1586 466 1452 1699 1873 1801 2676 1835 824 1780 2120 937 2618 0 1538 2219 1776 2888 1526 1157 2515 2142 2435 1573 2265 1967 2461 2847 2163 1340 1737 1942 1676 2262 1386 2777 2578 984 852 1392 2459 1872 2154 1588 1955 1474 2017 1544 2642 1749 1920 2672 2242 1859 2302 2948 789 1831 1591 2357 319 2918 2482 1472 1785 1346 1433 1726 2332 2188 2446 1634 2200 2317 466 2643 2590 1845 1599 1755 1921 1771 2591 1933 1952 2243 2694 2105
2289 1058 1041 547 475 979 894 717 911 1017 1019 739 837 1158 1143 830 1005 1492 2122 1526 1169 1794 1081 980 2021 1538 0 1170 1467 2340 1217 1150 1646 1104 1567 699 1227 1099 2152 2241 1854 1662 356 889 1129 1267 841 1909 2039 895 1065 872 1590 1324 1607 1279 1882 382 1477 1235 1773 877 1611 1804 1654 996 1434 2395 899 450 745 1800 1421 2273 1614 905 950 1360 810 1417 1464 1640 1577 774 1331 1770 1074 1774 1722 898 1052 886 1612 485 1741 1065 1412 1695 1826 1237
2363 1739 1103 1415 1156 1058 1577 1400 1101 1079 605 802 1114 1839 1657 804 1067 2048 2195 2083 2087 2475 1232 1661 2083 2219 1170 0 2024 2417 1773 1831 1709 1254 1294 1253 1377 1161 2709 2303 2410 2343 814 425 1403 312 1333 1739 2179 1576 1746 1333 1533 1599 1878 1835 2439 1309 1808 1791 1700 601 2167 1867 1717 956 1258 2469 1580 946 1209 1870 2102 2335 1676 1417 1016 2041 1359 1974 1526 1841 1640 1166 1394 1888 1755 1831 1784 462 1326 721 2169 686 1803 1127 1743 1805 1616 1299
2192 1290 1390 1770 1105 1173 1155 1347 1047 1367 2091 1304 936 1397 661 1294 1320 290 2025 121 1802 739 2365 1150 1968 1776 1467 2024 0 2237 523 1203 1997 2388 1917 999 2511 1412 817 2196 518 1407 1678 1872 1025 1835 735 2259 1927 1068 1236 741 1941 1221 1504 585 638 1468 1366 541 2124 1655 196 2154 1591 1264 1858 2297 1138 1772 946 1706 1660 2267 1964 821 1134 969 968 144 1814 1537 1928 1003 1583 1666 1313 2125 2072 1766 949 1451 198 1701 1940 1415 1301 1592 2176 1587
173 2401 1361 2643 2149 1716 2266 2393 1628 1408 2545 1696 1531 2509 1772 1686 1402 2261 284 2296 2914 2753 3173 2262 452 2888 2340 2417 2237 0 1986 2315 1290 3195 1985 1725 3318 1295 2922 338 2623 2817 2252 2326 1227 2228 1553 2327 549 2179 2347 1554 2009 1108 864 2048 2652 2341 1067 2005 2192 2048 2380 1802 778 1601 1877 121 2249 2428 1624 621 2771 380 928 1677 1697 2515 1779 2187 1417 806 1221 1662 1178 712 2424 2053 1365 2170 1288 1844 2382 2155 696 1334 1083 762 2244 1178
1942 1039 1139 1519 854 922 904 1096 796 1116 1841 1053 685 1147 301 1043 1069 488 1774 581 1551 947 2115 900 1717 1526 1217 1773 523 1986 0 953 1746 2137 1667 748 2260 1161 1208 1945 909 1435 1427 1621 775 1584 484 2008 1676 817 985 491 1690 970 1253 166 853 1218 1115 73 1873 1405 666 1904 1340 1013 1607 2047 887 1521 695 1456 1409 2016 1713 570 883 1079 717 473 1563 1287 1677 752 1333 1416 1062 1874 1821 1515 698 1201 667 1450 1689 1164 1050 1342 1926 1337
2270 495 1468 1453 788 1251 837 1029 1125 1445 1774 1219 1013 960 879 1311 1397 1228 2102 1262 1457 847 2048 440 2045 1157 1150 1831 1203 2315 953 0 2075 2070 1995 1077 2193 1490 1888 2274 1589 715 1360 1555 1103 1874 813 2337 2005 414 494 819 2018 1298 1581 833 922 1151 1444 971 2201 1361 1346 2232 1668 1342 1908 2375 820 1454 1023 1784 936 2345 2042 899 1211 413 1017 1153 1892 1615 2005 1080 1661 1744 968 2202 2150 1457 1026 1367 1348 1383 2018 1493 1379 1670 2254 1665
1232 2036 863 1949 1452 1030 1873 1697 1074 804 1838 989 1087 2136 1630 979 889 2021 1069 2056 2474 2513 2465 1957 926 2515 1646 1709 1997 1290 1746 2075 0 2487 1054 1226 2610 885 2682 1072 2383 2577 1545 1619 1278 1520 1306 1395 1119 1872 2042 1306 1077 1206 1061 1808 2412 1647 1282 1764 1205 1340 2140 702 1002 916 983 1338 1876 1721 1182 796 2398 1081 436 1390 989 2275 1409 1947 376 1010 108 1139 811 936 2051 953 111 1462 1296 1136 2142 1448 711 843 1348 958 1312 470
3142 1979 1882 905 1395 1820 1816 1640 1820 1858 679 1580 1757 1908 2063 1671 1846 2412 2974 2446 1644 2715 281 1900 2862 2142 1104 1254 2388 3195 2137 2070 2487 0 2314 1619 245 1940 3072 3082 2774 2582 1208 948 2049 1403 1761 2750 2952 1815 1985 1792 2431 2244 2527 2199 2802 1212 2398 2155 2614 1342 2531 2645 2495 1837 2191 3247 1785 1302 1665 2649 2218 3114 2455 1825 1791 2280 1730 2338 2305 2561 2418 1694 2172 2666 1811 2615 2563 1206 1972 1578 2532 1274 2582 1906 2333 2584 2636 2078
1932 1956 841 1870 1372 951 1794 1617 995 797 1664 909 1008 2056 1551 899 809 1942 1764 1976 2394 2433 2291 1878 1652 2435 1567 1294 1917 1985 1667 1995 1054 2314 0 1147 2437 899 2602 1872 2304 2497 1465 1485 1294 1079 1226 559 1781 1793 1963 1227 321 1492 1622 1729 2332 1568 1673 1685 520 1261 2061 840 1455 837 612 2038 1797 1641 1102 1458 2319 1904 1245 1310 910 2196 1330 1867 698 1579 1084 1060 1132 1544 1972 648 1157 1381 1220 1057 2062 1368 1372 859 1637 1543 476 868
1680 1094 619 1001 510 392 932 755 285 596 1249 525 210 1194 670 523 549 1024 1513 1058 1526 1515 1596 1007 1455 1573 699 1253 999 1725 748 1077 1226 1619 1147 0 1742 671 1684 1684 1385 1579 909 1030 513 1064 268 1489 1454 925 1093 299 1170 709 991 810 1414 700 900 767 1353 842 1142 1384 1079 493 1087 1785 935 1003 128 1194 1456 1755 1193 340 353 1277 323 949 1043 1025 1157 148 904 1154 1109 1354 1301 938 436 679 1144 859 1321 644 835 1080 1406 817
3265 2102 2005 1028 1518 1943 1940 1763 1943 1981 802 1703 1880 2031 2186 1794 1969 2535 3097 2569 1767 2838 382 2023 2985 2265 1227 1377 2511 3318 2260 2193 2610 245 2437 1742 0 2063 3196 3205 2897 2705 1331 1071 2172 1526 1884 2873 3075 1938 2108 1915 2554 2367 2650 2322 2926 1335 2521 2278 2737 1465 2654 2768 2618 1960 2314 3370 1909 1425 1788 2772 2341 3237 2578 1948 1914 2404 1853 2461 2428 2684 2541 1817 2295 2789 1934 2738 2686 1329 2095 1701 2655 1397 2705 2029 2456 2707 2759 2201
1276 1488 87 1401 904 442 1326 1149 519 139 1290 441 533 1588 947 431 128 1437 1108 1471 1926 1928 1917 1409 1051 1967 1099 1161 1412 1295 1161 1490 885 1940 899 671 2063 0 2097 1279 1798 1992 997 1071 551 972 727 1241 1038 1324 1494 728 922 638 744 1223 1827 1100 794 1180 1105 792 1555 1136 577 331 843 1359 1328 1173 627 735 1850 1350 853 830 429 1690 855 1362 777 700 816 585 253 747 1503 1106 961 915 577 588 1557 900 802 60 860 665 1158 458
2877 1975 2075 2455 1790 1858 1840 2032 1732 2052 2776 1988 1620 2082 1346 1978 2005 975 2709 874 2487 1442 3050 1835 2652 2461 2152 2709 817 2922 1208 1888 2682 3072 2602 1684 3196 2097 0 2881 356 2111 2363 2557 1710 2520 1420 2944 2612 1753 1920 1426 2625 1906 2188 1270 1341 2153 2051 1226 2808 2340 724 2839 2276 1949 2543 2982 1823 2456 1630 2391 2344 2952 2649 1506 1819 1673 1653 829 2499 2222 2612 1687 2268 2351 1997 2809 2757 2451 1633 2136 768 2386 2625 2100 1986 2277 2861 2272
210 2361 1346 2543 2046 1624 2225 2291 1555 1388 2432 1583 1490 2468 1731 1573 1387 2221 316 2255 2873 2712 3059 2221 249 2847 2241 2303 2196 338 1945 2274 1072 3082 1872 1684 3205 1279 2881 0 2582 2776 2139 2213 1186 2114 1513 2214 675 2138 2306 1513 1895 1067 823 2007 2611 2242 1026 1964 2078 1935 2339 1682 737 1511 1763 286 2208 2315 1583 587 2730 125 784 1636 1584 2474 1738 2146 1304 765 1002 1622 1158 671 2383 1933 1147 2057 1248 1731 2341 2042 648 1319 1092 722 2131 1065
2579 1676 1776 2156 1491 1559 1541 1733 1433 1753 2477 1690 1322 1783 1047 1680 1706 676 2411 575 2188 1143 2751 1537 2354 2163 1854 2410 518 2623 909 1589 2383 2774 2304 1385 2897 1798 356 2582 0 1812 2064 2258 1412 2221 1121 2645 2313 1454 1622 1127 2327 1607 1890 971 1042 1855 1752 927 2510 2041 447 2541 1977 1650 2244 2684 1524 2158 1332 2093 2046 2653 2350 1207 1520 1374 1354 530 2200 1923 2314 1389 1970 2053 1699 2511 2458 2152 1335 1837 491 2087 2326 1801 1687 1978 2562 1974
2772 972 1970 1964 1299 1753 1349 1541 1627 1947 2286 1731 1515 1318 1381 1823 1899 1468 2604 1471 1829 839 2560 1082 2547 1340 1662 2343 1407 2817 1435 715 2577 2582 2497 1579 2705 1992 2111 2776 1812 0 1872 2066 1605 2386 1315 2839 2507 1128 1008 1321 2520 1800 2083 1288 1056 1663 1946 1446 2703 1873 1551 2734 2170 1844 2419 2877 1332 1966 1525 2286 1221 2847 2544 1401 1713 438 1543 1384 2394 2117 2507 1582 2163 2246 1351 2704 2652 1969 1528 1879 1552 1895 2520 1995 1881 2172 2756 2167
2199 1269 939 651 685 878 1107 930 912 915 753 637 903 1369 1353 729 903 1702 2031 1736 1295 2005 1186 1190 1919 1737 356 814 1678 2252 1427 1360 1545 1208 1465 909 1331 997 2363 2139 2064 1872 0 533 1191 911 1046 1807 2015 1105 1275 1077 1489 1391 1674 1489 2093 502 1600 1445 1672 535 1821 1703 1553 894 1332 2305 1109 215 932 1706 1631 2171 1512 1097 849 1571 1002 1628 1362 1677 1476 871 1230 1724 1284 1673 1620 542 1119 665 1822 129 1639 963 1535 1641 1724 1135
2273 1463 1013 1109 879 952 1301 1124 986 989 299 711 977 1563 1529 803 977 1897 2105 1931 1793 2199 926 1385 1993 1942 889 425 1872 2326 1621 1555 1619 948 1485 1030 1071 1071 2557 2213 2258 2066 533 0 1264 574 1145 1881 2088 1300 1470 1176 1563 1465 1748 1683 2287 1030 1674 1640 1745 473 2015 1776 1627 968 1362 2379 1304 655 1028 1780 1825 2245 1586 1181 923 1765 1082 1822 1436 1751 1549 945 1303 1797 1478 1747 1694 337 1193 709 2017 406 1713 1037 1609 1715 1797 1209
1182 1190 595 1431 940 548 1055 1185 402 665 1484 683 319 1297 560 673 559 1050 1015 1084 1702 1541 2026 1050 958 1676 1129 1403 1025 1227 775 1103 1278 2049 1294 513 2172 551 1710 1186 1412 1605 1191 1264 0 1214 342 1636 959 968 1135 342 1317 211 494 837 1440 1130 431 793 1500 1035 1168 1531 581 639 1237 1288 1038 1366 412 697 1559 1257 1232 465 509 1304 568 975 1174 527 1208 451 595 657 1212 1501 1353 1153 77 831 1170 1093 930 609 371 582 1553 807
2174 1783 915 1559 1199 872 1621 1444 912 890 753 708 925 1883 1469 616 878 1860 2007 1894 2181 2351 1380 1704 1894 2262 1267 312 1835 2228 1584 1874 1520 1403 1079 1064 1526 972 2520 2114 2221 2386 911 574 1214 0 1144 1525 1990 1619 1789 1144 1318 1410 1689 1646 2250 1377 1619 1603 1485 697 1978 1678 1528 767 1069 2280 1623 1044 1020 1681 2145 2146 1487 1228 828 2085 1248 1785 1337 1652 1451 978 1205 1699 1798 1637 1595 558 1138 754 1980 784 1615 938 1554 1616 1402 1111
1509 899 699 1143 653 482 764 897 355 676 1364 613 236 1007 406 602 629 759 1341 794 1411 1251 1738 760 1284 1386 841 1333 735 1553 484 813 1306 1761 1226 268 1884 727 1420 1513 1121 1315 1046 1145 342 1144 0 1568 1243 677 845 35 1250 537 820 546 1150 842 682 503 1433 952 878 1463 907 573 1167 1614 747 1145 227 1023 1269 1583 1273 131 443 1013 238 685 1123 854 1237 272 900 983 922 1434 1381 1056 265 760 880 974 1257 724 617 909 1485 896
2274 2298 1183 2211 1714 1292 2136 1959 1336 1139 2100 1251 1350 2398 1893 1241 1151 2284 2106 2318 2736 2775 2727 2219 1994 2777 1909 1739 2259 2327 2008 2337 1395 2750 559 1489 2873 1241 2944 2214 2645 2839 1807 1881 1636 1525 1568 0 2123 2134 2305 1568 578 1834 1964 2070 2674 1910 2014 2027 389 1603 2402 898 1797 1179 953 2379 2139 1983 1444 1799 2660 2246 1587 1652 1252 2537 1672 2209 1039 1921 1425 1402 1473 1885 2313 831 1499 1725 1562 1399 2404 1710 1714 1201 1978 1885 413 1210
590 2091 1105 2341 1850 1460 1956 2095 1360 1151 2308 1458 1263 2199 1462 1448 1146 1952 466 1986 2604 2443 2929 1952 631 2578 2039 2179 1927 549 1676 2005 1119 2952 1781 1454 3075 1038 2612 675 2313 2507 2015 2088 959 1990 1243 2123 0 1869 2037 1244 1804 840 465 1738 2342 2040 799 1695 1987 1810 2070 1584 522 1348 1672 638 1939 2190 1349 365 2461 743 909 1367 1443 2205 1469 1877 1213 527 1050 1395 921 456 2114 1835 1195 1932 1021 1606 2072 1917 603 1077 714 506 2040 974
2134 225 1267 1198 533 1115 564 752 989 1242 1519 964 878 704 743 1056 1230 1092 1967 1126 1187 1261 1793 85 1910 984 895 1576 1068 2179 817 414 1872 1815 1793 925 1938 1324 1753 2138 1454 1128 1105 1300 968 1619 677 2134 1869 0 170 683 1816 1163 1446 879 1298 896 1308 835 1999 1106 1211 2030 1533 1186 1659 2240 547 1199 888 1649 694 2209 1839 763 1076 827 706 1018 1689 1479 1803 945 1526 1609 697 2000 1947 1202 891 1112 1212 1128 1882 1290 1243 1534 2051 1463
2302 92 1437 1368 703 1283 484 702 1157 1412 1689 1135 1046 571 911 1226 1398 1260 2135 1294 1054 1325 1963 123 2078 852 1065 1746 1236 2347 985 494 2042 1985 1963 1093 2108 1494 1920 2306 1622 1008 1275 1470 1135 1789 845 2305 2037 170 0 851 1986 1331 1614 1047 1417 1066 1476 1003 2169 1276 1379 2200 1701 1353 1830 2408 467 1369 1056 1816 561 2377 2009 931 1244 891 876 1186 1859 1647 1973 1113 1693 1776 565 2170 2118 1372 1059 1282 1380 1299 2050 1461 1411 1702 2222 1633
1509 906 699 1174 683 482 771 928 356 676 1395 613 245 1013 410 603 629 766 1341 800 1418 1257 1769 766 1284 1392 872 1333 741 1554 491 819 1306 1792 1227 299 1915 728 1426 1513 1127 1321 1077 1176 342 1144 35 1568 1244 683 851 0 1250 537 820 553 1156 873 682 509 1433 964 884 1464 907 573 1167 1614 754 1176 241 1023 1275 1583 1273 162 443 1019 269 691 1123 854 1237 303 900 983 928 1434 1381 1083 265 760 886 1005 1257 724 617 909 1485 896
1955 1979 865 1893 1396 974 1817 1640 1018 820 1782 933 1031 2079 1574 922 833 1965 1787 1999 2417 2456 2409 1901 1675 2459 1590 1533 1941 2009 1690 2018 1077 2431 321 1170 2554 922 2625 1895 2327 2520 1489 1563 1317 1318 1250 578 1804 1816 1986 1250 0 1515 1645 1752 2355 1591 1696 1708 268 1284 2084 552 1478 860 613 2061 1820 1664 1126 1481 2342 1927 1268 1333 933 2219 1353 1891 721 1602 1107 1083 1155 1567 1995 379 1181 1406 1243 1080 2085 1391 1396 882 1660 1566 394 891
1063 1385 715 1627 1136 748 1250 1380 611 762 1684 878 514 1492 756 868 749 1245 895 1279 1897 1737 2222 1246 838 1872 1324 1599 1221 1108 970 1298 1206 2244 1492 709 2367 638 1906 1067 1607 1800 1391 1465 211 1410 537 1834 840 1163 1331 537 1515 0 374 1032 1635 1325 380 988 1698 1230 1364 1533 461 839 1393 1168 1233 1567 607 577 1755 1138 1116 660 708 1499 763 1171 1141 408 1137 646 524 537 1408 1699 1282 1352 272 1026 1365 1294 811 688 325 463 1751 736
819 1668 810 1909 1419 1031 1533 1663 894 857 1967 1158 797 1775 1039 1148 851 1528 651 1562 2180 2019 2505 1529 594 2154 1607 1878 1504 864 1253 1581 1061 2527 1622 991 2650 744 2188 823 1890 2083 1674 1748 494 1689 820 1964 465 1446 1614 820 1645 374 0 1315 1918 1608 334 1271 1828 1510 1647 1526 186 1054 1488 924 1516 1849 890 333 2038 894 872 943 991 1782 1046 1454 1155 97 992 929 619 293 1691 1777 1137 1632 555 1306 1648 1577 562 783 376 204 1881 831
2004 1101 1201 1581 916 984 966 1158 858 1178 1903 1115 747 1209 458 1105 1131 563 1836 643 1613 799 2177 962 1779 1588 1279 1835 585 2048 166 833 1808 2199 1729 810 2322 1223 1270 2007 971 1288 1489 1683 837 1646 546 2070 1738 879 1047 553 1752 1032 1315 0 706 1280 1177 176 1935 1467 728 1966 1402 1075 1669 2109 949 1583 757 1518 1471 2078 1775 632 945 932 779 535 1625 1349 1739 814 1395 1478 1124 1936 1883 1577 760 1263 729 1512 1751 1226 1112 1404 1988 1399
2607 1417 1805 2185 1520 1588 1570 1761 1462 1782 2506 1718 1350 1791 1076 1708 1735 698 2439 701 2217 302 2780 1362 2382 1955 1882 2439 638 2652 853 922 2412 2802 2332 1414 2926 1827 1341 2611 1042 1056 2093 2287 1440 2250 1150 2674 2342 1298 1417 1156 2355 1635 1918 706 0 1883 1781 864 2538 2070 781 2569 2005 1679 2272 2712 1553 2186 1360 2121 1764 2682 2379 1236 1549 661 1383 614 2229 1952 2342 1417 1998 2081 1727 2539 2487 2181 1363 1866 782 2116 2355 1830 1716 2007 2591 2002
2290 1059 1042 594 476 980 763 587 912 1018 1127 740 838 1101 1144 831 1006 1493 2123 1527 979 1795 1189 981 2022 1474 382 1309 1468 2341 1218 1151 1647 1212 1568 700 1335 1100 2153 2242 1855 1663 502 1030 1130 1377 842 1910 2040 896 1066 873 1591 1325 1608 1280 1883 0 1478 1236 1774 881 1612 1805 1655 997 1435 2396 778 596 746 1801 1405 2274 1615 906 951 1361 811 1418 1465 1641 1578 775 1332 1771 1016 1775 1723 977 1053 887 1613 631 1742 1066 1413 1696 1827 1238
1022 1530 861 1780 1289 957 1395 1534 821 907 1893 1088 724 1638 901 1078 902 1390 855 1425 2042 1882 2375 1391 798 2017 1477 1808 1366 1067 1115 1444 1282 2398 1673 900 2521 794 2051 1026 1752 1946 1600 1674 431 1619 682 2014 799 1308 1476 682 1696 380 334 1177 1781 1478 0 1133 1879 1439 1509 1678 421 1048 1538 1128 1378 1771 798 537 1900 1097 1076 805 918 1644 908 1316 1286 367 1213 856 669 496 1553 1880 1357 1561 492 1235 1511 1503 770 833 147 422 1931 882
1960 1058 1158 1538 873 941 922 1114 815 1135 1859 1071 703 1165 366 1061 1087 422 1792 596 1570 957 2133 918 1735 1544 1235 1791 541 2005 73 971 1764 2155 1685 767 2278 1180 1226 1964 927 1446 1445 1640 793 1603 503 2027 1695 835 1003 509 1708 988 1271 176 864 1236 1133 0 1891 1423 684 1922 1358 1032 1625 2065 905 1539 713 1474 1427 2035 1732 589 901 1090 736 491 1582 1305 1695 770 1351 1434 1080 1892 1840 1533 716 1219 686 1469 1708 1183 1068 1360 1944 1355
2138 2162 1048 2076 1579 1157 2000 1823 1201 1003 1965 1116 1214 2262 1757 1105 1016 2148 1970 2182 2600 2639 2592 2084 1858 2642 1773 1700 2124 2192 1873 2201 1205 2614 520 1353 2737 1105 2808 2078 2510 2703 1672 1745 1500 1485 1433 389 1987 1999 2169 1433 268 1698 1828 1935 2538 1774 1879 1891 0 1467 2267 547 1661 1043 796 2244 2003 1847 1308 1664 2525 2110 1451 1516 1116 2402 1536 2074 904 1785 1235 1266 1338 1750 2178 480 1308 1589 1426 1263 2268 1574 1578 1065 1843 1749 264 1074
1994 1269 735 1183 686 662 1107 930 732 711 692 386 746 1369 1289 439 699 1680 1827 1714 1707 2005 1319 1191 1714 1749 877 601 1655 2048 1405 1361 1340 1342 1261 842 1465 792 2340 1935 2041 1873 535 473 1035 697 952 1603 1810 1106 1276 964 1284 1230 1510 1467 2070 881 1439 1423 1467 0 1798 1498 1348 639 1049 2100 1110 711 837 1502 1632 1966 1308 997 639 1571 899 1605 1157 1472 1271 755 1025 1519 1285 1468 1416 169 958 279 1800 438 1435 759 1374 1437 1520 931
2335 1433 1533 1913 1248 1316 1298 1490 1190 1510 2234 1447 1079 1540 804 1437 1463 395 2168 255 1945 882 2508 1294 2111 1920 1611 2167 196 2380 666 1346 2140 2531 2061 1142 2654 1555 724 2339 447 1551 1821 2015 1168 1978 878 2402 2070 1211 1379 884 2084 1364 1647 728 781 1612 1509 684 2267 1798 0 2298 1734 1407 2001 2441 1281 1915 1089 1850 1803 2410 2107 964 1277 1112 1111 287 1957 1680 2071 1146 1726 1809 1456 2268 2215 1909 1092 1594 120 1844 2083 1558 1444 1735 2319 1730
1749 2193 1079 2107 1610 1188 2031 1854 1232 1034 1995 1146 1245 2293 1788 1136 1046 2179 1581 2213 2631 2670 2623 2115 1469 2672 1804 1867 2154 1802 1904 2232 702 2645 840 1384 2768 1136 2839 1682 2541 2734 1703 1776 1531 1678 1463 898 1584 2030 2200 1464 552 1533 1526 1966 2569 1805 1678 1922 547 1498 2298 0 1459 1074 937 1854 2034 1878 1339 1260 2556 1701 1050 1547 1147 2433 1567 2104 467 1474 732 1297 1138 1400 2209 296 806 1620 1457 1294 2299 1605 1175 1096 1744 1423 796 799
733 1755 643 1957 1460 998 1620 1705 960 690 1846 997 884 1862 1126 987 684 1615 566 1649 2267 2107 2473 1616 509 2242 1654 1717 1591 778 1340 1668 1002 2495 1455 1079 2618 577 2276 737 1977 2170 1553 1627 581 1528 907 1797 522 1533 1701 907 1478 461 186 1402 2005 1655 421 1358 1661 1348 1734 1459 0 887 1321 838 1603 1728 977 247 2125 808 786 1030 985 1869 1133 1541 1069 124 933 1016 451 207 1778 1662 1077 1470 642 1144 1735 1456 481 616 487 119 1714 664
1568 1372 273 1299 801 167 1223 1046 341 248 1187 257 354 1480 898 205 240 1288 1400 1323 1823 1780 1814 1268 1290 1859 996 956 1264 1601 1013 1342 916 1837 837 493 1960 331 1949 1511 1650 1844 894 968 639 767 573 1179 1348 1186 1353 573 860 839 1054 1075 1679 997 1048 1032 1043 639 1407 1074 887 0 628 1660 1220 1070 449 1045 1742 1543 884 657 220 1542 676 1214 733 1011 847 406 563 1057 1395 1044 992 761 567 427 1409 797 1011 296 983 975 1096 507
1823 1823 782 1737 1239 795 1661 1484 935 724 1542 735 948 1923 1491 652 769 1882 1656 1916 2261 2374 2169 1745 1543 2302 1434 1258 1858 1877 1607 1908 983 2191 612 1087 2314 843 2543 1763 2244 2419 1332 1362 1237 1069 1167 953 1672 1659 1830 1167 613 1393 1488 1669 2272 1435 1538 1625 796 1049 2001 937 1321 628 0 1929 1664 1508 1043 1349 2185 1795 1136 1250 848 2117 1270 1808 627 1444 1013 1000 997 1428 1838 797 1086 1171 1160 883 2002 1235 1264 783 1577 1409 870 746
106 2462 1426 2698 2203 1781 2327 2448 1688 1472 2598 1749 1591 2569 1832 1738 1467 2322 349 2356 2974 2813 3225 2322 456 2948 2395 2469 2297 121 2047 2375 1338 3247 2038 1785 3370 1359 2982 286 2684 2877 2305 2379 1288 2280 1614 2379 638 2240 2408 1614 2061 1168 924 2109 2712 2396 1128 2065 2244 2100 2441 1854 838 1660 1929 0 2310 2480 1684 684 2831 307 980 1737 1749 2576 1840 2247 1469 867 1269 1723 1242 773 2484 2105 1413 2222 1349 1896 2442 2207 748 1398 1194 823 2296 1230
2205 389 1271 1120 523 1185 132 247 1059 1246 1523 969 948 409 814 1060 1235 1162 2037 1197 814 1465 1763 552 1980 789 899 1580 1138 2249 887 820 1876 1785 1797 935 1909 1328 1823 2208 1524 1332 1109 1304 1038 1623 747 2139 1939 547 467 754 1820 1233 1516 949 1553 778 1378 905 2003 1110 1281 2034 1603 1220 1664 2310 0 1203 953 1719 734 2279 1843 833 1146 1031 794 1088 1693 1549 1807 996 1561 1679 325 2004 1951 1206 961 1116 1283 1133 1952 1294 1313 1605 2056 1467
2375 1363 1115 745 779 1053 1200 1024 1088 1091 714 813 1079 1463 1447 904 1079 1796 2207 1830 1388 2099 1279 1284 2095 1831 450 946 1772 2428 1521 1454 1721 1302 1641 1003 1425 1173 2456 2315 2158 1966 215 655 1366 1044 1145 1983 2190 1199 1369 1176 1664 1567 1849 1583 2186 596 1771 1539 1847 711 1915 1878 1728 1070 1508 2480 1203 0 1049 1882 1725 2347 1688 1209 1024 1664 1114 1722 1538 1852 1651 1047 1405 1899 1378 1848 1796 689 1294 841 1916 275 1815 1139 1706 1817 1900 1311
1579 1105 575 1047 556 358 962 801 228 552 1247 489 103 1212 588 478 505 970 1411 1004 1572 1461 1642 971 1354 1591 745 1209 946 1624 695 1023 1182 1665 1102 128 1788 627 1630 1583 1332 1525 932 1028 412 1020 227 1444 1349 888 1056 241 1126 607 890 757 1360 746 798 713 1308 837 1089 1339 977 449 1043 1684 953 1049 0 1093 1474 1654 1149 302 319 1224 301 896 999 924 1113 147 860 1053 1127 1310 1257 935 335 636 1090 857 1276 600 733 979 1361 772
583 1871 801 2103 1608 1156 1736 1853 1094 848 1999 1150 1000 1978 1241 1140 842 1731 415 1765 2383 2222 2626 1731 358 2357 1800 1870 1706 621 1456 1784 796 2649 1458 1194 2772 735 2391 587 2093 2286 1706 1780 697 1681 1023 1799 365 1649 1816 1023 1481 577 333 1518 2121 1801 537 1474 1664 1502 1850 1260 247 1045 1349 684 1719 1882 1093 0 2240 658 620 1146 1143 1985 1249 1656 889 276 727 1132 618 182 1893 1511 871 1624 758 1298 1851 1609 297 774 603 232 1716 650
2726 503 1792 1552 1058 1707 751 894 1581 1768 2044 1490 1470 388 1335 1582 1756 1684 2559 1718 899 1590 2195 647 2502 319 1421 2102 1660 2771 1409 936 2398 2218 2319 1456 2341 1850 2344 2730 2046 1221 1631 1825 1559 2145 1269 2660 2461 694 561 1275 2342 1755 2038 1471 1764 1405 1900 1427 2525 1632 1803 2556 2125 1742 2185 2831 734 1725 1474 2240 0 2801 2365 1355 1668 1155 1316 1609 2215 2071 2329 1517 2083 2200 421 2526 2473 1728 1483 1638 1804 1654 2474 1816 1835 2126 2577 1988
266 2431 1417 2575 2078 1656 2296 2323 1606 1430 2464 1615 1561 2539 1802 1605 1458 2291 384 2326 2943 2783 3091 2292 320 2918 2273 2335 2267 380 2016 2345 1081 3114 1904 1755 3237 1350 2952 125 2653 2847 2171 2245 1257 2146 1583 2246 743 2209 2377 1583 1927 1138 894 2078 2682 2274 1097 2035 2110 1966 2410 1701 808 1543 1795 307 2279 2347 1654 658 2801 0 815 1706 1615 2545 1809 2217 1336 836 1011 1692 1229 742 2454 1952 1156 2089 1318 1762 2412 2074 719 1389 1163 792 2163 1096
874 2003 831 1916 1419 997 1841 1664 1041 771 1805 956 1054 2103 1598 946 856 1989 707 2023 2441 2480 2432 1924 564 2482 1614 1676 1964 928 1713 2042 436 2455 1245 1193 2578 853 2649 784 2350 2544 1512 1586 1232 1487 1273 1587 909 1839 2009 1273 1268 1116 872 1775 2379 1615 1076 1732 1451 1308 2107 1050 786 884 1136 980 1843 1688 1149 620 2365 815 0 1357 957 2242 1377 1914 677 815 367 1107 778 721 2018 1301 511 1430 1264 1104 2109 1415 390 810 1142 771 1504 438
1632 985 783 1208 699 566 850 962 432 760 1400 696 310 1093 497 686 712 845 1464 880 1497 1337 1803 846 1407 1472 905 1417 821 1677 570 899 1390 1825 1310 340 1948 830 1506 1636 1207 1401 1097 1181 465 1228 131 1652 1367 763 931 162 1333 660 943 632 1236 906 805 589 1516 997 964 1547 1030 657 1250 1737 833 1209 302 1146 1355 1706 1357 0 526 1099 206 771 1207 977 1320 340 1019 1106 1008 1517 1465 1094 388 844 966 1010 1380 808 740 1032 1569 980
1643 1298 377 1253 756 53 1163 1000 211 359 1142 283 224 1405 767 279 303 1158 1476 1192 1777 1650 1769 1159 1363 1785 950 1016 1134 1697 883 1211 989 1791 910 353 1914 429 1819 1584 1520 1713 849 923 509 828 443 1252 1443 1076 1244 443 933 708 991 945 1549 951 918 901 1116 639 1277 1147 985 220 848 1749 1146 1024 319 1143 1668 1615 957 526 0 1412 536 1084 806 1025 920 266 662 1150 1321 1117 1065 761 436 435 1278 751 1084 405 853 1068 1169 580
2471 855 1668 1663 998 1451 1048 1240 1325 1645 1984 1430 1214 1216 1079 1521 1598 1030 2303 1033 1695 470 2258 853 2246 1346 1360 2041 969 2515 1079 413 2275 2280 2196 1277 2404 1690 1673 2474 1374 438 1571 1765 1304 2085 1013 2537 2205 827 891 1019 2219 1499 1782 932 661 1361 1644 1090 2402 1571 1112 2433 1869 1542 2117 2576 1031 1664 1224 1985 1155 2545 2242 1099 1412 0 1242 945 2092 1815 2206 1281 1862 1945 1205 2403 2350 1667 1227 1577 1114 1594 2218 1693 1579 1870 2454 1866
1735 930 803 1113 575 575 811 851 465 779 1301 708 394 1054 639 706 732 993 1567 1027 1458 1484 1708 791 1510 1433 810 1359 968 1779 717 1017 1409 1730 1330 323 1853 855 1653 1738 1354 1543 1002 1082 568 1248 238 1672 1469 706 876 269 1353 763 1046 779 1383 811 908 736 1536 899 1111 1567 1133 676 1270 1840 794 1114 301 1249 1316 1809 1377 206 536 1242 0 918 1226 1080 1340 331 1087 1209 969 1537 1485 995 491 862 1113 911 1482 827 843 1135 1589 1000
