NAME: zurich_100_19
COMMENT: TSP instance with 100 nodes. City: Zurich, Switzerland, Seed: 61
TYPE: TSP
DIMENSION: 100
EDGE_WEIGHT_TYPE: EXPLICIT
EDGE_WEIGHT_FORMAT: FULL_MATRIX
NODE_COORD_SECTION:
1 47.4102285 8.727387
2 47.3156042 8.7888977
3 47.4122574 8.546499
4 47.4446878 8.4389
5 47.3197153 8.5206738
6 47.3944991 8.4520852
7 47.316277 8.5838279
8 47.5183598 8.5932475
9 47.4320915 8.3443133
10 47.4038369 8.3108424
11 47.3104094 8.5494573
12 47.4128474 8.5682826
13 47.2883899 8.5328191
14 47.3013227 8.5463824
15 47.2641982 8.4065459
16 47.4038505 8.5700814
17 47.4895301 8.7100577
18 47.4133662 8.5124315
19 47.4731608 8.5098896
20 47.284539 8.7631082
21 47.2226293 8.4971216
22 47.3641327 8.5529521
23 47.2354728 8.6360669
24 47.3720861 8.6404241
25 47.4400942 8.6405693
26 47.3207517 8.8028185
27 47.4642819 8.7776357
28 47.2945205 8.3938759
29 47.2361819 8.6364087
30 47.1969355 8.5232833
31 47.4243723 8.4056669
32 47.394746 8.3747248
33 47.3504602 8.3467611
34 47.4078831 8.7246604
35 47.2778122 8.6160878
36 47.4570078 8.2817005
37 47.4421321 8.6335405
38 47.3223316 8.5899206
39 47.4326196 8.3484263
40 47.3429359 8.5334057
41 47.5048165 8.7186749
42 47.3434838 8.3806513
43 47.4905241 8.7304712
44 47.2345143 8.6345071
45 47.3952218 8.6414345
46 47.301423 8.4474998
47 47.4887126 8.7027773
48 47.2421489 8.7268913
49 47.3633747 8.5335863
50 47.4489093 8.5314604
51 47.3557646 8.3251783
52 47.3888568 8.3887856
53 47.3174179 8.5417186
54 47.2784965 8.3432984
55 47.3434775 8.4818673
56 47.4596971 8.6609239
57 47.3552487 8.4621863
58 47.3150312 8.7228692
59 47.4127793 8.4506405
60 47.5242174 8.7150806
61 47.3258951 8.604011
62 47.2046355 8.7585825
63 47.2077871 8.2989423
64 47.2032467 8.7533936
65 47.3450755 8.5703057
66 47.5181512 8.5409126
67 47.1946078 8.6418508
68 47.4812259 8.46421
69 47.4463777 8.4792962
70 47.2803911 8.4559953
71 47.4998599 8.7562251
72 47.3984721 8.5378245
73 47.2706276 8.6632954
74 47.3508582 8.2846471
75 47.3521234 8.4384681
76 47.272737 8.3342163
77 47.3095443 8.6787683
78 47.4264311 8.5710378
79 47.3037096 8.5895836
80 47.2716423 8.6319312
81 47.3852494 8.6682552
82 47.4052243 8.5465449
83 47.4701812 8.3392116
84 47.2213192 8.4633738
85 47.4590147 8.4889083
86 47.3824583 8.5345495
87 47.4235499 8.6849719
88 47.362953 8.3709678
89 47.3241201 8.490088
90 47.2913341 8.5549133
91 47.39643 8.6706921
92 47.3106208 8.3228453
93 47.4276301 8.4739966
94 47.2869737 8.5315957
95 47.4830927 8.4942404
96 47.3838681 8.6636622
97 47.2973965 8.5495462
98 47.4181347 8.589961
99 47.4363362 8.2847984
100 47.5033524 8.3688928
EDGE_WEIGHT_SECTION:
0 844 903 1310 1493 1469 1448 1142 1648 2096 1614 859 1704 1476 2003 811 588 1103 1174 1055 2202 1152 1822 697 747 868 560 2041 1828 2409 1352 1670 1855 88 1435 1740 706 1332 1602 1366 708 1628 710 1828 629 1771 527 1428 1166 990 1902 1529 1535 2280 1683 658 1611 856 1207 762 1268 2425 3039 2398 1315 1268 2148 1368 1138 1949 882 907 1292 2149 1529 2378 1039 898 1564 1395 502 880 1704 2156 1253 1007 362 1637 1779 1604 499 2235 1123 1732 1310 530 1523 814 1926 1881
844 0 1152 1559 1742 1718 1110 1631 1897 2345 1863 1108 1953 1726 2252 1060 1234 1352 1423 371 2452 1299 2071 829 1156 176 1302 2291 2077 2659 1601 1919 2104 756 1043 1989 1044 1034 1851 1611 1355 1877 1357 2077 804 2020 1173 832 1408 1240 2151 1778 1784 2529 1932 1266 1860 480 1457 1408 970 2674 3289 2647 1202 1517 2397 1618 1388 2198 1533 1156 887 2398 1778 2628 680 1147 1193 1003 673 1129 1953 2405 1502 1256 886 1886 2028 1853 636 2484 1372 1981 1560 660 1772 1059 2176 2130
903 1152 0 674 804 811 914 834 1026 1474 925 165 1015 787 1313 186 828 252 540 1363 1513 461 1132 665 695 1176 1337 1383 1139 1720 730 1048 1233 834 1222 1118 582 902 980 677 949 1006 951 1139 567 1082 767 1724 477 357 1280 907 845 1615 961 842 924 1165 585 1002 954 1736 2350 1709 672 719 1459 746 516 1260 1127 190 1524 1527 907 1705 1153 240 1004 1316 672 111 1082 1467 619 314 735 1015 1073 915 632 1613 486 1043 677 706 834 338 1304 1259
1310 1559 674 0 1252 830 1434 1217 698 1291 1373 831 1463 1235 1481 783 1235 537 695 1770 1681 982 1581 1090 1114 1583 1745 1458 1587 1902 596 997 1271 1241 1742 859 1036 1423 652 1161 1356 1044 1358 1587 991 1239 1174 2144 962 614 1318 855 1293 1696 1134 1227 1027 1572 568 1409 1475 2184 2518 2157 1193 920 1907 417 345 1418 1534 661 1973 1565 945 1795 1585 673 1525 1836 1079 700 719 1635 476 814 1143 1053 1257 1363 1039 1651 274 1491 572 1113 1282 867 1045 929
1493 1742 804 1252 0 889 983 1490 1341 1354 295 883 238 238 1005 788 1418 901 1282 1593 939 581 608 1182 1340 1766 1927 1077 614 1041 1184 1197 990 1424 1291 1432 1227 971 1294 287 1538 763 1541 614 1174 773 1357 1859 419 1098 1037 1055 188 1306 830 1483 789 1584 979 1592 1023 1211 2042 1185 741 1376 934 1418 1197 845 1717 696 1594 1284 643 1397 1295 999 1073 1384 1261 748 1396 1061 1314 578 1325 983 688 380 1221 1370 1088 267 1419 1296 299 1011 1588 1930
1469 1718 811 830 889 0 1153 1375 795 1243 1010 917 1100 872 1132 828 1394 752 1044 1763 1332 751 1218 1249 1273 1742 1903 1081 1224 1552 542 692 922 1400 1460 978 1195 1141 749 798 1515 695 1517 1224 1150 890 1333 2029 599 860 969 551 931 1347 614 1386 507 1730 276 1568 1193 1821 2169 1794 911 1261 1544 943 713 1069 1693 658 1764 1216 524 1445 1465 832 1243 1554 1238 761 941 1285 830 658 1301 687 756 1000 1198 1302 666 1128 1002 1272 919 1005 1164 1456
1448 1110 914 1434 983 1153 0 1602 1600 1842 1049 995 1194 966 1492 899 1530 1013 1393 867 1692 496 1311 751 1452 1173 1934 1565 1318 1899 1443 1631 1478 1360 384 1692 1339 118 1554 766 1650 1251 1652 1318 1143 1261 1469 1064 564 1210 1525 1490 979 1794 1234 1594 1198 858 1230 1704 244 1915 2529 1888 304 1487 1637 1545 1315 1439 1829 807 687 1772 1131 1884 568 1111 167 478 946 858 1656 1646 1431 712 1282 1470 1268 1094 1113 1858 1247 1222 1530 920 1013 1123 1878 2057
1142 1631 834 1217 1490 1375 1602 0 1555 2003 1612 879 1701 1474 1972 856 776 1042 750 1842 2171 1149 1819 1162 732 1655 1243 1948 1825 2392 1259 1577 1761 1073 1910 1647 700 1590 1509 1364 674 1535 890 1826 1064 1730 749 2216 1164 873 1809 1436 1532 2186 1624 606 1517 1644 1114 657 1642 2423 3008 2396 1360 421 2145 879 1045 1908 973 904 2045 2055 1436 2285 1657 704 1692 2004 1151 878 1610 2125 945 1005 943 1543 1747 1602 1111 2141 1029 1730 861 1186 1521 833 1833 1378
1648 1897 1026 698 1341 795 1600 1555 0 850 1384 1177 1474 1246 1387 1122 1574 935 1223 2108 1587 1190 1591 1428 1453 1921 2083 1363 1597 1807 586 683 1100 1579 1908 515 1374 1588 46 1262 1694 950 1696 1598 1330 1145 1513 2468 1077 1040 1149 541 1304 1602 1040 1565 933 1910 681 1748 1640 2195 2424 2168 1358 1440 1917 1055 893 1324 1873 978 2211 1361 851 1700 1904 1011 1690 2002 1417 1071 517 1541 1009 990 1481 808 1163 1374 1377 1533 877 1502 1181 1452 1293 1205 701 994
2096 2345 1474 1291 1354 1243 1842 2003 850 0 1396 1625 1485 1258 1227 1569 2021 1382 1671 2452 1598 1441 1603 1876 1900 2369 2531 951 1609 1819 1045 885 502 2027 2150 506 1822 1830 804 1280 2142 591 2144 1609 1777 1157 1960 2718 1278 1487 445 780 1316 1050 1100 2013 1007 2358 1128 2195 1882 2206 1958 2180 1600 1888 1929 1468 1341 1300 2320 1426 2453 561 863 1149 2154 1459 1932 2244 1865 1518 881 1552 1457 1435 1929 623 1174 1385 1825 838 1325 1514 1592 1899 1304 1653 388 1237
1614 1863 925 1373 295 1010 1049 1612 1384 1396 0 1004 387 154 1046 909 1539 1022 1403 1660 1088 648 513 1249 1461 1887 2049 1118 519 1109 1227 1238 1031 1545 1357 1476 1348 1038 1338 371 1660 804 1662 519 1295 814 1478 1926 493 1220 1078 1096 125 1347 915 1604 830 1651 1077 1714 1089 1116 2083 1089 807 1497 839 1536 1306 984 1839 817 1660 1325 684 1438 1361 1121 1140 1451 1383 869 1439 1199 1423 700 1447 1024 816 270 1343 1411 1209 416 1540 1407 190 1133 1629 2009
859 1108 165 831 883 917 995 879 1177 1625 1004 0 1094 867 1393 154 784 411 655 1319 1593 542 1212 587 592 1132 1294 1466 1218 1800 881 1199 1357 790 1303 1269 480 983 1131 756 905 1130 907 1218 488 1161 723 1659 556 461 1404 1058 925 1694 1067 741 1031 1121 736 958 1035 1815 2430 1789 753 764 1538 897 667 1340 1083 291 1470 1651 1032 1785 1082 281 1085 1396 628 217 1233 1547 734 397 692 1166 1169 994 588 1737 644 1123 792 662 913 235 1455 1410
1704 1953 1015 1463 238 1100 1194 1701 1474 1485 387 1094 0 327 1022 999 1629 1112 1493 1804 747 792 686 1393 1551 1977 2138 1039 692 898 1317 1327 1121 1635 1501 1565 1438 1182 1427 470 1750 894 1752 692 1385 735 1568 2070 630 1310 1168 1186 316 1328 702 1694 852 1795 1167 1803 1234 1289 2007 1262 952 1587 1006 1626 1396 716 1928 907 1805 1415 774 1418 1506 1211 1284 1595 1472 959 1529 869 1512 789 1536 1114 560 253 1432 1472 1299 37 1630 1507 296 1222 1719 2099
1476 1726 787 1235 238 872 966 1474 1246 1258 154 867 327 0 908 772 1402 885 1265 1576 1029 565 372 1166 1324 1750 1911 981 378 968 1089 1100 893 1408 1274 1338 1211 955 1200 263 1522 667 1524 378 1158 676 1341 1842 402 1082 941 959 208 1210 777 1466 693 1568 939 1576 1006 975 1945 948 724 1359 698 1399 1169 855 1701 680 1577 1187 547 1300 1278 983 1057 1368 1245 732 1302 1062 1285 562 1309 886 684 144 1205 1273 1072 342 1402 1280 63 995 1491 1871
2003 2252 1313 1481 1005 1132 1492 1972 1387 1227 1046 1393 1022 908 0 1298 1928 1351 1640 2103 549 1091 1253 1692 1850 2276 2437 322 1260 770 1230 1241 753 1934 1800 1479 1737 1481 1341 930 2048 721 2051 1260 1684 523 1867 2369 928 1456 841 1100 966 456 893 1974 809 2094 1080 2102 1533 1857 1037 1830 1251 1857 1338 1540 1310 399 2227 1206 2103 1087 666 540 1804 1428 1583 1894 1771 1258 1443 371 1426 1088 1835 941 765 1036 1731 732 1294 1020 1598 1806 955 1521 1512 2012
811 1060 186 783 788 828 899 856 1122 1569 909 154 999 772 1298 0 737 392 647 1271 1498 447 1117 484 621 1084 1246 1370 1123 1705 826 1144 1283 742 1207 1213 508 888 1075 661 857 1056 859 1123 440 1066 676 1556 461 464 1330 1003 830 1599 978 770 941 1073 681 911 940 1720 2335 1693 658 741 1443 842 612 1244 1036 202 1367 1577 936 1690 979 311 990 1301 580 166 1177 1451 726 302 644 1110 1074 899 540 1663 596 1027 784 615 818 264 1400 1354
588 1234 828 1235 1418 1394 1530 776 1574 2021 1539 784 1629 1402 1928 737 0 1029 1099 1445 2128 1077 1747 934 653 1258 619 1967 1753 2335 1278 1596 1780 519 1819 1665 688 1517 1527 1291 203 1553 185 1753 743 1696 68 1819 1091 916 1828 1454 1460 2205 1608 427 1536 1247 1133 387 1476 2350 2965 2323 1288 1151 2073 1294 1064 1875 368 832 1682 2074 1454 2304 1425 823 1620 1785 749 806 1629 2081 1178 932 420 1562 1704 1529 714 2160 1048 1658 1236 783 1448 740 1852 1806
1103 1352 252 537 901 752 1013 1042 935 1382 1022 411 1112 885 1351 392 1029 0 704 1550 1551 560 1230 874 933 1376 1538 1328 1236 1772 638 957 1141 1034 1321 1026 827 1001 888 780 1149 914 1151 1236 784 1110 968 1825 580 480 1188 815 943 1566 988 1052 897 1365 493 1203 1053 1833 2388 1806 771 927 1556 647 417 1288 1328 240 1623 1435 815 1665 1261 465 1104 1415 872 279 990 1505 534 398 936 923 1125 1012 832 1521 350 1140 706 907 931 583 1213 1159
1174 1423 540 695 1282 1044 1393 750 1223 1671 1403 655 1493 1265 1640 647 1099 704 0 1634 1839 941 1611 953 900 1447 1608 1616 1617 2060 927 1245 1430 1105 1701 1311 821 1382 1177 1155 1219 1203 1222 1617 855 1398 1038 2007 955 288 1477 1104 1324 1854 1292 1012 1185 1435 782 1273 1434 2214 2676 2187 1152 460 1937 300 378 1576 1398 696 1837 1724 1104 1953 1449 490 1484 1795 942 652 1176 1793 258 796 1006 1212 1415 1393 902 1810 556 1521 161 977 1312 676 1497 877
1055 371 1363 1770 1593 1763 867 1842 2108 2452 1660 1319 1804 1576 2103 1271 1445 1550 1634 0 2302 1056 1922 860 1367 469 1534 2175 1928 2509 1812 2130 2088 967 800 2200 1254 790 2062 1376 1566 1861 1568 1928 1015 1871 1384 463 1174 1450 2135 1989 1589 2404 1845 1477 1808 400 1667 1619 726 2525 3139 2498 958 1728 2248 1829 1599 2049 1744 1353 638 2382 1741 2494 436 1358 950 759 884 1340 2164 2256 1713 1258 1097 2081 1879 1704 846 2468 1583 1832 1771 870 1623 1270 2387 2341
2202 2452 1513 1681 939 1332 1692 2171 1587 1598 1088 1593 747 1029 549 1498 2128 1551 1839 2302 0 1291 841 1892 2050 2476 2637 806 847 230 1430 1441 1232 2134 2000 1679 1937 1681 1541 1130 2248 1007 2250 847 1884 669 2067 2568 1128 1656 1281 1299 1016 941 996 2174 1009 2294 1280 2302 1732 1463 1535 1436 1450 2057 814 1739 1509 525 2427 1406 2303 1528 866 1031 2004 1628 1783 2094 1971 1458 1642 278 1626 1288 2035 1227 854 1001 1931 1217 1494 746 1798 2006 1043 1721 1832 2212
1152 1299 461 982 581 751 496 1149 1190 1441 648 542 792 565 1091 447 1077 560 941 1056 1291 0 910 657 999 1361 1586 1164 916 1498 1033 1221 1076 1083 804 1282 886 484 1144 364 1197 849 1200 916 815 859 1016 1322 163 757 1124 1080 578 1392 833 1142 796 1047 820 1251 536 1513 2128 1487 254 1035 1236 1092 862 1038 1376 354 1106 1370 730 1483 757 658 586 897 852 405 1246 1245 978 260 984 1069 867 692 880 1456 794 821 1078 826 611 670 1468 1604
1822 2071 1132 1581 608 1218 1311 1819 1591 1603 513 1212 686 372 1253 1117 1747 1230 1611 1922 841 910 0 1511 1669 2095 2256 1326 6 766 1434 1445 1239 1753 1619 1683 1556 1300 1545 608 1867 1012 1870 17 1503 1022 1686 2188 747 1427 1286 1304 569 1555 1123 1812 1038 1913 1285 1921 1352 682 2290 655 1070 1705 434 1744 1514 1200 2046 1025 1922 1533 892 1645 1623 1328 1402 1713 1590 1077 1647 1109 1630 907 1654 1232 1029 503 1550 1619 1417 700 1748 1625 422 1340 1836 2216
697 829 665 1090 1182 1249 751 1162 1428 1876 1249 587 1393 1166 1692 484 934 874 953 860 1892 657 1511 0 853 853 1183 1765 1517 2099 1132 1450 1635 610 921 1520 740 635 1382 965 1054 1408 1057 1517 421 1460 873 1100 764 770 1682 1309 1179 1993 1430 912 1390 648 987 1108 571 2114 2729 2088 617 1047 1837 1148 918 1639 1233 680 911 1929 1301 2084 523 660 908 967 195 648 1484 1846 1032 780 531 1417 1468 1293 362 2015 902 1422 1090 169 1212 566 1706 1660
747 1156 695 1114 1340 1273 1452 732 1453 1900 1461 592 1551 1324 1850 621 653 933 900 1367 2050 999 1669 853 0 1180 1161 1846 1675 2257 1157 1475 1659 671 1736 1544 115 1435 1406 1213 773 1432 775 1675 648 1616 592 1741 1013 754 1707 1333 1382 2084 1520 262 1415 1169 1012 848 1395 2272 2887 2245 1210 834 1995 1103 943 1794 952 754 1604 1953 1333 2183 1346 575 1542 1707 676 728 1508 2003 978 854 462 1441 1624 1451 636 2039 927 1579 1036 711 1370 408 1731 1601
868 176 1176 1583 1766 1742 1173 1655 1921 2369 1887 1132 1977 1750 2276 1084 1258 1376 1447 469 2476 1361 2095 853 1180 0 1326 2315 2101 2683 1625 1943 2128 780 1106 2013 1067 1096 1875 1639 1379 1901 1381 2101 828 2044 1197 897 1439 1263 2175 1802 1808 2553 1956 1290 1884 581 1481 1432 1032 2698 3313 2671 1264 1541 2421 1642 1412 2222 1557 1180 950 2422 1802 2652 742 1171 1256 1065 697 1153 1977 2429 1526 1280 910 1910 2052 1877 659 2508 1396 2005 1584 684 1796 1083 2200 2154
560 1302 1337 1745 1927 1903 1934 1243 2083 2531 2049 1294 2138 1911 2437 1246 619 1538 1608 1534 2637 1586 2256 1183 1161 1326 0 2476 2262 2844 1787 2105 2289 574 1900 2175 1164 1818 2036 1800 569 2063 458 2262 1115 2205 627 1908 1601 1425 2337 1964 1969 2714 2117 983 2045 1322 1642 720 1754 2859 3474 2833 1787 1619 2582 1803 1573 2384 459 1341 1757 2583 1963 2813 1504 1333 2029 1860 988 1315 2138 2591 1687 1442 831 2071 2213 2038 985 2669 1557 2167 1745 1016 1957 1249 2361 2315
2041 2291 1383 1458 1077 1081 1565 1948 1363 951 1118 1466 1039 981 322 1370 1967 1328 1616 2175 806 1164 1326 1765 1846 2315 2476 0 1332 1027 1207 1024 477 1973 1873 1343 1765 1553 1317 1003 2087 445 2089 1332 1723 375 1906 2441 1001 1433 640 919 1039 531 819 1958 743 2167 1057 2141 1605 1929 1358 1903 1323 1833 1594 1516 1286 471 2266 1278 2176 887 576 622 1877 1405 1655 1967 1810 1330 1419 693 1402 1161 1874 665 690 1108 1770 532 1270 1068 1574 1845 1027 1558 1236 1988
1828 2077 1139 1587 614 1224 1318 1825 1597 1609 519 1218 692 378 1260 1123 1753 1236 1617 1928 847 916 6 1517 1675 2101 2262 1332 0 772 1441 1451 1245 1759 1625 1689 1562 1306 1551 614 1873 1018 1876 23 1509 1028 1692 2194 754 1434 1292 1310 576 1561 1129 1818 1044 1919 1291 1927 1358 688 2296 661 1076 1711 440 1750 1520 1206 2052 1031 1929 1539 898 1651 1629 1334 1408 1719 1596 1083 1653 1115 1636 913 1660 1238 1035 509 1556 1625 1423 706 1754 1631 428 1346 1842 2222
2409 2659 1720 1902 1041 1552 1899 2392 1807 1819 1109 1800 898 968 770 1705 2335 1772 2060 2509 230 1498 766 2099 2257 2683 2844 1027 772 0 1650 1661 1453 2341 2207 1899 2144 1888 1761 1205 2455 1228 2457 772 2091 890 2274 2775 1335 1877 1502 1520 1126 1161 1165 2395 1230 2501 1501 2509 1939 1388 1755 1361 1657 2277 739 1960 1730 746 2634 1613 2510 1749 1087 1252 2211 1849 1990 2301 2178 1665 1863 499 1846 1495 2242 1448 1023 960 2138 1438 1714 911 2018 2213 1003 1928 2052 2432
1352 1601 730 596 1184 542 1443 1259 586 1045 1227 881 1317 1089 1230 826 1278 638 927 1812 1430 1033 1434 1132 1157 1625 1787 1207 1441 1650 0 596 994 1283 1751 702 1078 1431 540 1105 1398 793 1400 1441 1034 988 1217 2186 920 744 1042 455 1147 1445 883 1269 776 1614 292 1452 1483 2038 2267 2011 1201 1144 1761 827 597 1167 1577 762 2015 1288 694 1543 1627 715 1534 1845 1121 802 638 1384 713 833 1185 702 1006 1217 1081 1400 511 1345 885 1156 1136 909 889 1236
1670 1919 1048 997 1197 692 1631 1577 683 885 1238 1199 1327 1100 1241 1144 1596 957 1245 2130 1441 1221 1445 1450 1475 1943 2105 1024 1451 1661 596 0 680 1601 1939 938 1396 1619 636 1122 1716 581 1718 1451 1352 999 1535 2496 1099 1062 727 141 1158 1262 892 1587 787 1932 614 1770 1671 2048 2169 2022 1389 1462 1771 1145 915 1178 1895 1010 2242 974 692 1360 1935 1033 1722 2033 1439 1098 902 1394 1031 1021 1503 436 1017 1227 1399 1122 833 1356 1203 1474 1147 1227 1030 1472
1855 2104 1233 1271 990 922 1478 1761 1100 502 1031 1357 1121 893 753 1283 1780 1141 1430 2088 1232 1076 1239 1635 1659 2128 2289 477 1245 1453 994 680 0 1786 1785 905 1581 1466 1054 915 1901 227 1903 1245 1536 702 1719 2354 914 1246 193 575 952 702 736 1772 642 2079 870 1954 1518 1842 1609 1815 1236 1647 1565 1329 1099 825 2079 1172 2089 440 499 801 1790 1218 1568 1879 1624 1243 1233 1124 1216 1073 1687 323 810 1021 1584 538 1084 1149 1388 1658 940 1412 787 1636
88 756 834 1241 1424 1400 1360 1073 1579 2027 1545 790 1635 1408 1934 742 519 1034 1105 967 2134 1083 1753 610 671 780 574 1973 1759 2341 1283 1601 1786 0 1348 1671 631 1245 1533 1297 639 1559 642 1759 542 1702 458 1341 1097 922 1833 1460 1466 2211 1614 589 1542 769 1139 693 1181 2356 2971 2329 1227 1199 2079 1300 1070 1880 818 838 1204 2080 1460 2310 951 829 1476 1307 414 812 1635 2087 1184 938 286 1568 1710 1535 412 2166 1054 1663 1242 442 1454 746 1858 1812
1435 1043 1222 1742 1291 1460 384 1910 1908 2150 1357 1303 1501 1274 1800 1207 1819 1321 1701 800 2000 804 1619 921 1736 1106 1900 1873 1625 2207 1751 1939 1785 1348 0 2000 1624 492 1862 1074 1939 1559 1941 1626 1314 1568 1758 680 872 1518 1833 1798 1287 2102 1542 1833 1506 792 1538 1993 618 2223 2837 2196 650 1795 1945 1853 1623 1747 2118 1114 303 2079 1439 2192 591 1419 240 94 1116 1166 1963 1954 1739 1020 1452 1778 1576 1402 1227 2165 1555 1530 1838 1091 1321 1414 2186 2365
1740 1989 1118 859 1432 978 1692 1647 515 506 1476 1269 1565 1338 1479 1213 1665 1026 1311 2200 1679 1282 1683 1520 1544 2013 2175 1343 1689 1899 702 938 905 1671 2000 0 1466 1680 491 1354 1786 956 1788 1689 1421 1237 1604 2560 1169 1131 934 797 1396 1539 1132 1657 1025 2002 879 1839 1732 2286 2435 2260 1450 1532 2009 1032 979 1416 1964 1070 2303 1050 943 1638 1995 1103 1782 2093 1509 1162 456 1632 1101 1081 1573 853 1254 1465 1469 1327 969 1594 1187 1543 1384 1297 256 827
706 1044 582 1036 1227 1195 1339 700 1374 1822 1348 480 1438 1211 1737 508 688 827 821 1254 1937 886 1556 740 115 1067 1164 1765 1562 2144 1078 1396 1581 631 1624 1466 0 1322 1328 1100 808 1354 810 1562 535 1505 627 1628 900 675 1628 1255 1269 2005 1417 297 1336 1056 933 883 1282 2159 2774 2133 1097 755 1882 1024 864 1684 987 641 1491 1875 1255 2104 1234 463 1429 1594 563 615 1430 1890 900 741 417 1363 1513 1338 523 1961 848 1467 958 598 1257 295 1652 1523
1332 1034 902 1423 971 1141 118 1590 1588 1830 1038 983 1182 955 1481 888 1517 1001 1382 790 1681 484 1300 635 1435 1096 1818 1553 1306 1888 1431 1619 1466 1245 492 1680 1322 0 1542 754 1637 1239 1639 1306 1028 1249 1456 1056 552 1198 1513 1478 967 1782 1223 1547 1186 782 1218 1691 126 1903 2518 1876 290 1476 1626 1533 1303 1427 1816 795 795 1760 1119 1872 492 1099 275 586 830 847 1644 1634 1419 701 1166 1459 1257 1082 997 1846 1235 1210 1519 805 1001 1111 1867 2045
1602 1851 980 652 1294 749 1554 1509 46 804 1338 1131 1427 1200 1341 1075 1527 888 1177 2062 1541 1144 1545 1382 1406 1875 2036 1317 1551 1761 540 636 1054 1533 1862 491 1328 1542 0 1216 1648 904 1650 1551 1283 1099 1466 2422 1031 993 1102 495 1258 1555 994 1519 886 1864 635 1701 1594 2148 2378 2122 1312 1394 1871 1009 847 1277 1826 932 2165 1315 805 1654 1857 965 1644 1955 1371 1024 494 1494 963 943 1434 762 1116 1327 1331 1487 831 1456 1135 1405 1246 1159 678 971
1366 1611 677 1161 287 798 766 1364 1262 1280 371 756 470 263 930 661 1291 780 1155 1376 1130 364 608 965 1213 1639 1800 1003 614 1205 1105 1122 915 1297 1074 1354 1100 754 1216 0 1412 688 1414 615 1047 698 1230 1642 203 972 962 981 296 1231 799 1356 714 1367 889 1465 806 1212 1967 1185 524 1249 934 1312 1082 877 1590 574 1377 1209 569 1322 1078 873 856 1167 1134 621 1318 1083 1198 457 1198 908 706 391 1095 1295 998 498 1292 1135 310 885 1513 1824
708 1355 949 1356 1538 1515 1650 674 1694 2142 1660 905 1750 1522 2048 857 203 1149 1219 1566 2248 1197 1867 1054 773 1379 569 2087 1873 2455 1398 1716 1901 639 1939 1786 808 1637 1648 1412 0 1674 222 1874 863 1817 181 1939 1212 1036 1948 1575 1580 2326 1729 547 1656 1367 1253 226 1597 2471 3085 2444 1408 1049 2193 1414 1184 1995 299 953 1802 2195 1575 2424 1545 944 1741 1905 869 926 1750 2202 1298 1053 541 1683 1824 1650 834 2281 1168 1778 1356 904 1569 860 1972 1926
1628 1877 1006 1044 763 695 1251 1535 950 591 804 1130 894 667 721 1056 1553 914 1203 1861 1007 849 1012 1408 1432 1901 2063 445 1018 1228 793 581 227 1559 1559 956 1354 1239 904 688 1674 0 1676 1018 1309 566 1492 2127 687 1019 274 476 725 682 509 1545 415 1853 643 1727 1291 1615 1590 1588 1009 1420 1338 1103 873 744 1852 945 1862 521 272 781 1563 991 1341 1652 1397 1016 1006 961 989 846 1461 221 583 794 1357 638 857 922 1161 1431 713 1185 876 1575
710 1357 951 1358 1541 1517 1652 890 1696 2144 1662 907 1752 1524 2051 859 185 1151 1222 1568 2250 1200 1870 1057 775 1381 458 2089 1876 2457 1400 1718 1903 642 1941 1788 810 1639 1650 1414 222 1676 0 1876 865 1819 214 1941 1214 1038 1950 1577 1582 2328 1731 549 1659 1369 1255 401 1599 2473 3087 2446 1410 1265 2196 1416 1186 1997 254 955 1805 2197 1577 2426 1547 946 1743 1907 871 928 1752 2204 1301 1055 543 1685 1826 1652 836 2283 1171 1780 1358 906 1571 862 1974 1929
1828 2077 1139 1587 614 1224 1318 1826 1598 1609 519 1218 692 378 1260 1123 1753 1236 1617 1928 847 916 17 1517 1675 2101 2262 1332 23 772 1441 1451 1245 1759 1626 1689 1562 1306 1551 615 1874 1018 1876 0 1509 1028 1692 2194 754 1434 1292 1310 576 1561 1129 1818 1044 1919 1291 1927 1358 688 2297 661 1076 1711 441 1750 1520 1206 2052 1031 1929 1539 898 1651 1630 1335 1408 1719 1597 1083 1653 1115 1636 913 1660 1238 1036 509 1557 1625 1423 707 1754 1631 428 1347 1843 2223
629 804 567 991 1174 1150 1143 1064 1330 1777 1295 488 1385 1158 1684 440 743 784 855 1015 1884 815 1503 421 648 828 1115 1723 1509 2091 1034 1352 1536 542 1314 1421 535 1028 1283 1047 863 1309 865 1509 0 1452 682 1389 847 672 1584 1210 1216 1961 1364 797 1292 817 889 917 964 2106 2721 2079 1010 949 1829 1050 820 1630 1042 588 1252 1830 1210 2060 917 561 1300 1354 251 562 1385 1837 934 688 429 1318 1460 1285 285 1916 804 1414 992 286 1204 466 1608 1562
1771 2020 1082 1239 773 890 1261 1730 1145 1157 814 1161 735 676 523 1066 1696 1110 1398 1871 669 859 1022 1460 1616 2044 2205 375 1028 890 988 999 702 1702 1568 1237 1505 1249 1099 698 1817 566 1819 1028 1452 0 1635 2137 697 1215 840 858 735 743 514 1733 533 1862 838 1870 1301 1625 1560 1598 1019 1615 1335 1298 1068 203 1995 974 1872 1086 405 834 1573 1186 1351 1662 1540 1026 1201 623 1184 856 1603 785 386 804 1499 822 1052 763 1356 1574 723 1289 1390 1770
527 1173 767 1174 1357 1333 1469 749 1513 1960 1478 723 1568 1341 1867 676 68 968 1038 1384 2067 1016 1686 873 592 1197 627 1906 1692 2274 1217 1535 1719 458 1758 1604 627 1456 1466 1230 181 1492 214 1692 682 1635 0 1758 1030 855 1767 1394 1399 2144 1547 366 1475 1186 1072 366 1415 2289 2904 2263 1227 1124 2012 1233 1003 1814 360 771 1621 2013 1393 2243 1364 762 1559 1724 688 745 1568 2021 1117 871 359 1501 1643 1468 653 2099 987 1597 1175 722 1387 679 1791 1745
1428 832 1724 2144 1859 2029 1064 2216 2468 2718 1926 1659 2070 1842 2369 1556 1819 1825 2007 463 2568 1322 2188 1100 1741 897 1908 2441 2194 2775 2186 2496 2354 1341 680 2560 1628 1056 2422 1642 1939 2127 1941 2194 1389 2137 1758 0 1440 1824 2401 2354 1855 2670 2111 1851 2074 673 2041 1993 992 2791 3405 2764 1224 2101 2514 2202 1972 2315 2118 1619 506 2648 2007 2760 636 1729 921 615 1258 1670 2524 2522 2086 1524 1470 2347 2145 1970 1220 2734 1956 2098 2144 1244 1889 1635 2746 2714
1166 1408 477 962 419 599 564 1164 1077 1278 493 556 630 402 928 461 1091 580 955 1174 1128 163 747 764 1013 1439 1601 1001 754 1335 920 1099 914 1097 872 1169 900 552 1031 203 1212 687 1214 754 847 697 1030 1440 0 772 961 958 423 1230 674 1156 637 1166 690 1265 604 1351 1965 1324 322 1049 1074 1112 882 875 1390 374 1175 1208 567 1320 876 673 655 966 932 421 1133 1082 998 257 999 906 704 530 895 1294 799 658 1092 933 449 685 1355 1624
990 1240 357 614 1098 860 1210 873 1040 1487 1220 461 1310 1082 1456 464 916 480 288 1450 1656 757 1427 770 754 1263 1425 1433 1434 1877 744 1062 1246 922 1518 1131 675 1198 993 972 1036 1019 1038 1434 672 1215 855 1824 772 0 1294 921 1140 1671 1109 866 1002 1252 599 1090 1250 2031 2493 2004 968 624 1754 535 330 1393 1215 513 1654 1540 920 1770 1265 295 1301 1612 759 469 1089 1610 332 613 823 1028 1232 1210 719 1626 475 1338 425 794 1129 489 1318 1112
1902 2151 1280 1318 1037 969 1525 1809 1149 445 1078 1404 1168 941 841 1330 1828 1188 1477 2135 1281 1124 1286 1682 1707 2175 2337 640 1292 1502 1042 727 193 1833 1833 934 1628 1513 1102 962 1948 274 1950 1292 1584 840 1767 2401 961 1294 0 622 999 619 783 1819 690 2127 917 2002 1565 1889 1526 1863 1283 1694 1612 1377 1147 991 2127 1219 2136 249 546 717 1837 1265 1615 1927 1671 1290 1280 1212 1263 1121 1735 370 857 1068 1631 407 1131 1197 1435 1706 987 1459 795 1666
1529 1778 907 855 1055 551 1490 1436 541 780 1096 1058 1186 959 1100 1003 1454 815 1104 1989 1299 1080 1304 1309 1333 1802 1964 919 1310 1520 455 141 575 1460 1798 797 1255 1478 495 981 1575 476 1577 1310 1210 858 1394 2354 958 921 622 0 1017 1157 752 1446 645 1791 472 1629 1530 1907 2064 1881 1248 1321 1630 1004 774 1036 1754 868 2101 869 554 1255 1794 892 1580 1892 1298 957 761 1253 890 880 1362 331 875 1086 1258 1017 692 1215 1062 1332 1005 1086 907 1330
1535 1784 845 1293 188 931 979 1532 1304 1316 125 925 316 208 966 830 1460 943 1324 1589 1016 578 569 1179 1382 1808 1969 1039 576 1126 1147 1158 952 1466 1287 1396 1269 967 1258 296 1580 725 1582 576 1216 735 1399 1855 423 1140 999 1017 0 1268 836 1525 751 1581 997 1634 1019 1173 2003 1146 737 1418 895 1457 1227 910 1759 738 1590 1246 605 1358 1291 1041 1070 1381 1303 790 1360 1120 1343 620 1367 944 742 329 1263 1332 1130 344 1460 1331 248 1053 1549 1929
2280 2529 1615 1696 1306 1347 1794 2186 1602 1050 1347 1694 1328 1210 456 1599 2205 1566 1854 2404 941 1392 1555 1993 2084 2553 2714 531 1561 1161 1445 1262 702 2211 2102 1539 2005 1782 1555 1231 2326 682 2328 1561 1961 743 2144 2670 1230 1671 619 1157 1268 0 1160 2196 1067 2396 1295 2379 1834 2158 966 2131 1552 2072 1729 1754 1524 700 2504 1507 2405 777 924 185 2106 1643 1884 2195 2048 1559 1657 827 1641 1389 2112 902 1066 1337 2008 421 1508 1326 1813 2083 1256 1800 1400 2227
1683 1932 961 1134 830 614 1234 1624 1040 1100 915 1067 702 777 893 978 1608 988 1292 1845 996 833 1123 1430 1520 1956 2117 819 1129 1165 883 892 736 1614 1542 1132 1417 1223 994 799 1729 509 1731 1129 1364 514 1547 2111 674 1109 783 752 836 1160 0 1634 151 1836 704 1782 1275 1726 1930 1699 993 1510 1449 1192 962 611 1907 808 1845 1029 280 1259 1546 1081 1325 1636 1451 911 1095 1047 1079 760 1515 728 142 905 1411 1115 947 730 1251 1486 824 1201 1307 1665
658 1266 842 1227 1483 1386 1594 606 1565 2013 1604 741 1694 1466 1974 770 427 1052 1012 1477 2174 1142 1812 912 262 1290 983 1958 1818 2395 1269 1587 1772 589 1833 1657 297 1547 1519 1356 547 1545 549 1818 797 1733 366 1851 1156 866 1819 1446 1525 2196 1634 0 1527 1279 1124 622 1483 2415 3011 2388 1353 892 2138 1215 1055 1912 726 897 1714 2065 1446 2295 1434 709 1685 1817 716 870 1621 2128 1091 997 381 1554 1741 1594 730 2151 1039 1722 1149 751 1513 557 1843 1714
1611 1860 924 1027 789 507 1198 1517 933 1007 830 1031 852 693 809 941 1536 897 1185 1808 1009 796 1038 1390 1415 1884 2045 743 1044 1230 776 787 642 1542 1506 1025 1336 1186 886 714 1656 415 1659 1044 1292 533 1475 2074 637 1002 690 645 751 1067 151 1527 0 1800 597 1710 1238 1641 1846 1614 956 1403 1364 1085 855 711 1835 771 1809 936 186 1166 1510 974 1288 1599 1379 875 988 963 972 724 1443 635 293 820 1339 1022 839 881 1144 1414 739 1145 1207 1558
856 480 1165 1572 1584 1730 858 1644 1910 2358 1651 1121 1795 1568 2094 1073 1247 1365 1435 400 2294 1047 1913 648 1169 581 1322 2167 1919 2501 1614 1932 2079 769 792 2002 1056 782 1864 1367 1367 1853 1369 1919 817 1862 1186 673 1166 1252 2127 1791 1581 2396 1836 1279 1800 0 1469 1421 718 2516 3131 2490 950 1529 2239 1630 1400 2041 1546 1168 610 2373 1733 2486 428 1160 941 751 686 1142 1965 2248 1514 1234 898 1898 1870 1695 648 2459 1384 1824 1572 672 1615 1072 2188 2142
1207 1457 585 568 979 276 1230 1114 681 1128 1077 736 1167 939 1080 681 1133 493 782 1667 1280 820 1285 987 1012 1481 1642 1057 1291 1501 292 614 870 1139 1538 879 933 1218 635 889 1253 643 1255 1291 889 838 1072 2041 690 599 917 472 997 1295 704 1124 597 1469 0 1307 1270 1888 2117 1861 988 999 1611 682 452 1017 1432 567 1841 1164 544 1394 1482 571 1320 1632 976 657 839 1234 568 608 1040 635 846 1067 936 1250 404 1195 740 1011 986 764 1066 1194
762 1408 1002 1409 1592 1568 1704 657 1748 2195 1714 958 1803 1576 2102 911 387 1203 1273 1619 2302 1251 1921 1108 848 1432 720 2141 1927 2509 1452 1770 1954 693 1993 1839 883 1691 1701 1465 226 1727 401 1927 917 1870 366 1993 1265 1090 2002 1629 1634 2379 1782 622 1710 1421 1307 0 1650 2524 3139 2498 1462 1033 2247 1468 1238 2049 446 1006 1856 2248 1628 2478 1599 998 1794 1959 923 980 1803 2256 1352 1106 594 1736 1878 1703 888 2334 1222 1832 1410 958 1622 914 2026 1980
1268 970 954 1475 1023 1193 244 1642 1640 1882 1089 1035 1234 1006 1533 940 1476 1053 1434 726 1732 536 1352 571 1395 1032 1754 1605 1358 1939 1483 1671 1518 1181 618 1732 1282 126 1594 806 1597 1291 1599 1358 964 1301 1415 992 604 1250 1565 1530 1019 1834 1275 1483 1238 718 1270 1650 0 1955 2569 1928 342 1528 1678 1585 1355 1479 1775 847 792 1812 1171 1924 428 1151 401 712 766 898 1696 1686 1471 753 1102 1511 1309 1134 933 1898 1287 1262 1570 740 1053 1108 1918 2097
2425 2674 1736 2184 1211 1821 1915 2423 2195 2206 1116 1815 1289 975 1857 1720 2350 1833 2214 2525 1463 1513 682 2114 2272 2698 2859 1929 688 1388 2038 2048 1842 2356 2223 2286 2159 1903 2148 1212 2471 1615 2473 688 2106 1625 2289 2791 1351 2031 1889 1907 1173 2158 1726 2415 1641 2516 1888 2524 1955 0 2894 56 1673 2308 888 2347 2117 1803 2649 1628 2526 2136 1495 2248 2227 1932 2005 2316 2194 1680 2250 1731 2233 1510 2257 1835 1633 1106 2154 2222 2020 1304 2351 2228 1025 1944 2440 2820
3039 3289 2350 2518 2042 2169 2529 3008 2424 1958 2083 2430 2007 1945 1037 2335 2965 2388 2676 3139 1535 2128 2290 2729 2887 3313 3474 1358 2296 1755 2267 2169 1609 2971 2837 2435 2774 2518 2378 1967 3085 1590 3087 2297 2721 1560 2904 3405 1965 2493 1526 2064 2003 966 1930 3011 1846 3131 2117 3139 2569 2894 0 2867 2287 2894 2323 2576 2346 1435 3264 2243 3140 1544 1703 819 2841 2465 2620 2931 2808 2295 2479 1306 2463 2125 2872 1810 1802 2073 2768 1190 2331 2006 2635 2843 1992 2558 2307 3049
2398 2647 1709 2157 1185 1794 1888 2396 2168 2180 1089 1789 1262 948 1830 1693 2323 1806 2187 2498 1436 1487 655 2088 2245 2671 2833 1903 661 1361 2011 2022 1815 2329 2196 2260 2133 1876 2122 1185 2444 1588 2446 661 2079 1598 2263 2764 1324 2004 1863 1881 1146 2131 1699 2388 1614 2490 1861 2498 1928 56 2867 0 1646 2281 861 2321 2091 1777 2623 1601 2499 2109 1469 2222 2200 1905 1978 2290 2167 1653 2224 1704 2207 1484 2231 1808 1606 1079 2127 2195 1993 1277 2324 2202 998 1917 2413 2793
1315 1202 672 1193 741 911 304 1360 1358 1600 807 753 952 724 1251 658 1288 771 1152 958 1450 254 1070 617 1210 1264 1787 1323 1076 1657 1201 1389 1236 1227 650 1450 1097 290 1312 524 1408 1009 1410 1076 1010 1019 1227 1224 322 968 1283 1248 737 1552 993 1353 956 950 988 1462 342 1673 2287 1646 0 1246 1396 1303 1073 1197 1587 565 954 1530 889 1642 660 869 433 744 813 616 1414 1404 1189 471 1148 1229 1027 852 980 1616 1005 980 1288 787 771 881 1636 1815
1268 1517 719 920 1376 1261 1487 421 1440 1888 1497 764 1587 1359 1857 741 1151 927 460 1728 2057 1035 1705 1047 834 1541 1619 1833 1711 2277 1144 1462 1647 1199 1795 1532 755 1476 1394 1249 1049 1420 1265 1711 949 1615 1124 2101 1049 624 1694 1321 1418 2072 1510 892 1403 1529 999 1033 1528 2308 2894 2281 1246 0 2031 504 775 1794 1348 790 1931 1941 1321 2170 1543 590 1578 1889 1036 763 1396 2011 655 890 1100 1429 1633 1487 996 2027 915 1615 493 1071 1406 718 1718 1003
2148 2397 1459 1907 934 1544 1637 2145 1917 1929 839 1538 1006 698 1338 1443 2073 1556 1937 2248 814 1236 434 1837 1995 2421 2582 1594 440 739 1761 1771 1565 2079 1945 2009 1882 1626 1871 934 2193 1338 2196 441 1829 1335 2012 2514 1074 1754 1612 1630 895 1729 1449 2138 1364 2239 1611 2247 1678 888 2323 861 1396 2031 0 2070 1840 1213 2372 1351 2249 1859 1218 1819 1949 1654 1728 2039 1916 1403 1973 1082 1956 1233 1980 1558 1315 829 1876 1945 1743 1019 2074 1951 748 1666 2162 2542
1368 1618 746 417 1418 943 1545 879 1055 1468 1536 897 1626 1399 1540 842 1294 647 300 1829 1739 1092 1744 1148 1103 1642 1803 1516 1750 1960 827 1145 1329 1300 1853 1032 1024 1533 1009 1312 1414 1103 1416 1750 1050 1298 1233 2202 1112 535 1377 1004 1457 1754 1192 1215 1085 1630 682 1468 1585 2347 2576 2321 1303 504 2070 0 327 1476 1593 771 2032 1623 1004 1853 1643 732 1635 1946 1137 811 892 1693 317 930 1201 1111 1315 1526 1097 1709 441 1655 171 1172 1445 926 1218 577
1138 1388 516 345 1197 713 1315 1045 893 1341 1306 667 1396 1169 1310 612 1064 417 378 1599 1509 862 1514 918 943 1412 1573 1286 1520 1730 597 915 1099 1070 1623 979 864 1303 847 1082 1184 873 1186 1520 820 1068 1003 1972 882 330 1147 774 1227 1524 962 1055 855 1400 452 1238 1355 2117 2346 2091 1073 775 1840 327 0 1246 1363 541 1802 1393 774 1623 1413 502 1405 1716 907 581 839 1463 159 700 971 881 1085 1296 867 1479 221 1425 331 942 1215 696 1165 839
1949 2198 1260 1418 845 1069 1439 1908 1324 1300 984 1340 716 855 399 1244 1875 1288 1576 2049 525 1038 1200 1639 1794 2222 2384 471 1206 746 1167 1178 825 1880 1747 1416 1684 1427 1277 877 1995 744 1997 1206 1630 203 1814 2315 875 1393 991 1036 910 700 611 1912 711 2041 1017 2049 1479 1803 1435 1777 1197 1794 1213 1476 1246 0 2174 1152 2050 1238 584 790 1751 1365 1530 1841 1718 1204 1379 479 1363 1035 1782 964 469 966 1678 945 1230 721 1535 1753 901 1468 1549 1949
882 1533 1127 1534 1717 1693 1829 973 1873 2320 1839 1083 1928 1701 2227 1036 368 1328 1398 1744 2427 1376 2046 1233 952 1557 459 2266 2052 2634 1577 1895 2079 818 2118 1964 987 1816 1826 1590 299 1852 254 2052 1042 1995 360 2118 1390 1215 2127 1754 1759 2504 1907 726 1835 1546 1432 446 1775 2649 3264 2623 1587 1348 2372 1593 1363 2174 0 1131 1981 2373 1753 2603 1724 1123 1919 2084 1048 1105 1928 2381 1477 1231 719 1861 2003 1828 1013 2459 1347 1957 1535 1083 1747 1039 2151 2105
907 1156 190 661 696 658 807 904 978 1426 817 291 907 680 1206 202 832 240 696 1353 1406 354 1025 680 754 1180 1341 1278 1031 1613 762 1010 1172 838 1114 1070 641 795 932 574 953 945 955 1031 588 974 771 1619 374 513 1219 868 738 1507 808 897 771 1168 567 1006 847 1628 2243 1601 565 790 1351 771 541 1152 1131 0 1416 1466 824 1598 1054 399 897 1208 675 132 1034 1359 658 195 739 973 948 807 635 1552 474 935 824 710 726 425 1257 1283
1292 887 1524 1973 1594 1764 687 2045 2211 2453 1660 1470 1805 1577 2103 1367 1682 1623 1837 638 2303 1106 1922 911 1604 950 1757 2176 1929 2510 2015 2242 2089 1204 303 2303 1491 795 2165 1377 1802 1862 1805 1929 1252 1872 1621 506 1175 1654 2136 2101 1590 2405 1845 1714 1809 610 1841 1856 792 2526 3140 2499 954 1931 2249 2032 1802 2050 1981 1416 0 2383 1742 2495 447 1544 543 226 1106 1468 2267 2257 1916 1322 1333 2082 1879 1705 1083 2469 1786 1833 1974 1080 1624 1449 2489 2544
2149 2398 1527 1565 1284 1216 1772 2055 1361 561 1325 1651 1415 1187 1087 1577 2074 1435 1724 2382 1528 1370 1533 1929 1953 2422 2583 887 1539 1749 1288 974 440 2080 2079 1050 1875 1760 1315 1209 2195 521 2197 1539 1830 1086 2013 2648 1208 1540 249 869 1246 777 1029 2065 936 2373 1164 2248 1812 2136 1544 2109 1530 1941 1859 1623 1393 1238 2373 1466 2383 0 793 735 2084 1512 1862 2173 1918 1537 1425 1459 1510 1367 1981 617 1104 1315 1877 488 1378 1443 1682 1952 1234 1706 911 1781
1529 1778 907 945 643 524 1131 1436 851 863 684 1032 774 547 666 936 1454 815 1104 1741 866 730 892 1301 1333 1802 1963 576 898 1087 694 692 499 1460 1439 943 1255 1119 805 569 1575 272 1577 898 1210 405 1393 2007 567 920 546 554 605 924 280 1446 186 1733 544 1628 1171 1495 1703 1469 889 1321 1218 1004 774 584 1753 824 1742 793 0 1020 1443 892 1221 1533 1298 896 907 820 890 727 1361 492 421 674 1258 879 758 803 1062 1332 593 1086 1095 1476
2378 2628 1705 1795 1397 1445 1884 2285 1700 1149 1438 1785 1418 1300 540 1690 2304 1665 1953 2494 1031 1483 1645 2084 2183 2652 2813 622 1651 1252 1543 1360 801 2310 2192 1638 2104 1872 1654 1322 2424 781 2426 1651 2060 834 2243 2760 1320 1770 717 1255 1358 185 1259 2295 1166 2486 1394 2478 1924 2248 819 2222 1642 2170 1819 1853 1623 790 2603 1598 2495 735 1020 0 2196 1742 1975 2286 2147 1650 1756 910 1739 1480 2211 1001 1156 1427 2107 381 1607 1417 1911 2182 1347 1905 1498 2325
1039 680 1153 1585 1295 1465 568 1657 1904 2154 1361 1082 1506 1278 1804 979 1425 1261 1449 436 2004 757 1623 523 1346 742 1504 1877 1629 2211 1627 1935 1790 951 591 1995 1234 492 1857 1078 1545 1563 1547 1630 917 1573 1364 636 876 1265 1837 1794 1291 2106 1546 1434 1510 428 1482 1599 428 2227 2841 2200 660 1543 1949 1643 1413 1751 1724 1054 447 2084 1443 2196 0 1155 651 550 718 1106 1959 1958 1528 960 1054 1782 1580 1406 830 2170 1398 1534 1585 692 1325 1061 2182 2156
898 1147 240 673 999 832 1111 704 1011 1459 1121 281 1211 983 1428 311 823 465 490 1358 1628 658 1328 660 575 1171 1333 1405 1334 1849 715 1033 1218 829 1419 1103 463 1099 965 873 944 991 946 1335 561 1186 762 1729 673 295 1265 892 1041 1643 1081 709 974 1160 571 998 1151 1932 2465 1905 869 590 1654 732 502 1365 1123 399 1544 1512 892 1742 1155 0 1202 1513 667 320 1067 1582 569 514 731 1000 1204 1111 627 1598 486 1239 627 701 1030 209 1290 1244
1564 1193 1004 1525 1073 1243 167 1692 1690 1932 1140 1085 1284 1057 1583 990 1620 1104 1484 950 1783 586 1402 908 1542 1256 2029 1655 1408 1990 1534 1722 1568 1476 240 1782 1429 275 1644 856 1741 1341 1743 1408 1300 1351 1559 921 655 1301 1615 1580 1070 1884 1325 1685 1288 941 1320 1794 401 2005 2620 1978 433 1578 1728 1635 1405 1530 1919 897 543 1862 1221 1975 651 1202 0 334 1103 949 1746 1736 1521 803 1439 1561 1359 1184 1270 1948 1337 1313 1621 1077 1103 1213 1969 2147
