NAME: zurich_100_0
COMMENT: TSP instance with 100 nodes. City: Zurich, Switzerland, Seed: 42
TYPE: TSP
DIMENSION: 100
EDGE_WEIGHT_TYPE: EXPLICIT
EDGE_WEIGHT_FORMAT: FULL_MATRIX
NODE_COORD_SECTION:
1 47.419038 8.538454
2 47.3093319 8.7215885
3 47.496469 8.3902564
4 47.3331159 8.7863899
5 47.4866933 8.2934941
6 47.4337178 8.7721375
7 47.4405476 8.4764935
8 47.4185075 8.5903558
9 47.3604279 8.5266655
10 47.4052261 8.5049562
11 47.3850352 8.484984
12 47.520692 8.5174143
13 47.4880169 8.2910895
14 47.4533941 8.4366659
15 47.3950607 8.6728638
16 47.3607475 8.5483098
17 47.3978957 8.77474
18 47.2778122 8.6160878
19 47.2760305 8.5775881
20 47.2693494 8.3120271
21 47.4622411 8.3271911
22 47.4964576 8.7443614
23 47.2434554 8.5358338
24 47.5094467 8.4679589
25 47.2215789 8.4992737
26 47.4580191 8.3208328
27 47.2221873 8.6792482
28 47.3174025 8.4756181
29 47.3667111 8.4928582
30 47.4506188 8.4694799
31 47.5347374 8.5783364
32 47.5106257 8.3734423
33 47.4271578 8.5540555
34 47.3494262 8.2845221
35 47.2449648 8.6525318
36 47.3766039 8.6434761
37 47.2717956 8.6414363
38 47.3196085 8.5310951
39 47.3937016 8.5346191
40 47.3604894 8.2768174
41 47.4843046 8.4842475
42 47.4137013 8.5378692
43 47.3587864 8.5990378
44 47.3749399 8.5408495
45 47.3578115 8.5524361
46 47.4584365 8.4399825
47 47.3895987 8.3302888
48 47.322593 8.3824222
49 47.407683 8.7296996
50 47.4598656 8.4295556
51 47.3201371 8.7411026
52 47.371761 8.7749188
53 47.4625678 8.3269569
54 47.3765792 8.534793
55 47.3119731 8.4021314
56 47.5015764 8.3740827
57 47.2959836 8.3966819
58 47.4247928 8.3601472
59 47.4707233 8.3399974
60 47.3596585 8.7299015
61 47.5032995 8.545851
62 47.3661312 8.7816339
63 47.467776 8.3220299
64 47.5031902 8.436647
65 47.3156254 8.5267394
66 47.2064604 8.6872026
67 47.3879998 8.5393208
68 47.4228408 8.3105414
69 47.2823576 8.5490774
70 47.2047974 8.5758016
71 47.4405244 8.3323711
72 47.402324 8.499357
73 47.4584717 8.4313115
74 47.5244713 8.3325024
75 47.2477484 8.4557493
76 47.38945 8.5162604
77 47.5297341 8.7709914
78 47.4121525 8.5242055
79 47.438011 8.2900716
80 47.4687944 8.4073324
81 47.2760738 8.347884
82 47.4246814 8.3001666
83 47.3135509 8.7198828
84 47.4192132 8.5910906
85 47.5016817 8.4180931
86 47.5270826 8.7892665
87 47.3017934 8.4475241
88 47.2242336 8.388112
89 47.5016652 8.3471863
90 47.3632934 8.3884927
91 47.425983 8.3034161
92 47.2541326 8.6086309
93 47.3967883 8.5304248
94 47.4633235 8.5845804
95 47.3643545 8.6191552
96 47.3842152 8.5111802
97 47.4148929 8.5124438
98 47.269057 8.4848578
99 47.2885903 8.5337803
100 47.3500223 8.7122698
EDGE_WEIGHT_SECTION:
0 1251 1140 1181 1180 1210 450 521 730 275 648 797 1258 679 625 656 1250 1406 1241 1919 1005 1158 1673 935 1668 1032 1613 1202 713 545 1076 1217 228 1492 1485 817 1559 959 392 1611 757 254 932 537 711 659 1380 1203 972 730 1128 1121 1000 547 1247 1193 1406 898 1085 835 686 1101 1024 992 1033 1469 409 1343 1167 1744 1085 344 690 1527 1394 485 1190 176 1268 850 1651 1361 1231 533 984 1289 1206 1815 1361 1027 1365 1365 349 471 946 525 187 1536 1205 920
1251 0 2040 548 2072 1094 1349 1074 1189 1358 1446 1554 2150 1579 770 1017 904 728 1776 2592 1897 1493 2208 1794 2263 1924 2148 1806 1384 1481 1832 2117 1170 2282 2020 665 628 1494 1224 2400 1643 1223 820 1094 984 1559 2215 1993 842 1629 125 684 1892 1140 1968 2093 2096 1790 1977 433 1443 664 1916 1891 1568 2004 1175 2235 1702 2279 1977 1415 1589 2426 1988 1336 1525 1276 2160 1749 2284 2253 64 1069 1884 1624 1811 2409 2260 1919 2257 1900 1208 1228 709 1297 1353 2135 1740 352
1140 2040 0 1970 706 1999 741 1340 1586 1078 1272 808 750 762 1414 1511 2039 2261 2078 2430 800 1947 2251 540 2180 820 2451 1713 1456 640 1232 204 1085 1816 2322 1606 2414 1796 1247 1695 605 1138 1721 1393 1565 674 1370 1715 1760 724 1917 1910 795 1402 1758 96 1917 1120 916 1624 919 1890 731 297 1871 2306 1264 1122 2005 2581 985 1062 728 513 1905 1335 1979 1031 1027 715 2163 1121 2020 1351 202 2077 1718 2326 347 1538 1125 2202 1204 1087 1735 1343 973 2048 2043 1709
1181 548 1970 0 2002 954 1280 1005 1426 1288 1477 1484 2080 1509 700 1356 682 1203 1942 2741 1827 1424 2374 1724 2428 1854 2314 1972 1488 1411 1763 2047 1101 2315 2185 743 1103 1660 1154 2433 1573 1153 1115 1233 1405 1489 2203 2026 768 1560 423 423 1822 1255 2069 2023 2228 1720 1908 374 1373 402 1846 1822 1734 2170 1151 2166 1868 2445 1907 1345 1519 2357 2154 1269 1456 1206 2090 1680 2449 2184 568 1000 1814 1554 1976 2575 2191 1849 2187 2065 1138 1158 981 1308 1284 2301 1906 467
1180 2072 706 2002 0 2031 1001 1372 1290 1118 994 1387 83 830 1446 1319 2071 2068 1678 2030 326 1979 1851 1119 1780 346 2051 1313 1188 964 1812 585 1117 1281 1922 1638 2222 1396 1187 1160 1184 1177 1694 1242 1373 826 835 1315 1793 816 1949 1943 322 1169 1358 623 1517 601 442 1656 1498 1922 257 876 1471 1906 1182 587 1605 2181 499 1093 776 513 1505 990 2011 1070 493 762 1763 586 2052 1384 781 2110 1318 1926 375 1138 590 1802 1119 1298 1767 1001 1013 1648 1643 1741
1210 1094 1999 954 2031 0 1309 1038 1455 1317 1506 1513 2110 1538 810 1385 398 1668 1971 2770 1856 700 2403 1753 2457 1883 2343 2001 1517 1441 1490 2076 1130 2344 2214 920 1568 1689 1183 2462 1602 1182 1292 1262 1440 1518 2232 2055 336 1589 982 536 1851 1284 2098 2052 2257 1749 1937 675 1402 640 1875 1851 1763 2199 1180 2195 1897 2474 1936 1374 1548 2386 2183 1298 1000 1235 2119 1709 2478 2213 1071 1038 1843 981 2005 2604 2220 1878 2216 2094 1167 1187 1158 1337 1313 2330 1935 771
450 1349 741 1280 1001 1309 0 649 890 387 572 745 1079 285 723 820 1348 1570 1382 1740 752 1256 1560 611 1489 809 1754 1023 756 182 1107 818 394 1313 1626 915 1723 1100 556 1432 400 447 1031 703 875 265 1201 1024 1070 336 1226 1220 747 711 1068 793 1227 719 832 934 675 1199 771 592 1174 1610 573 1164 1308 1885 906 363 296 1127 1215 639 1288 340 1089 456 1472 1182 1329 661 585 1387 1027 1636 961 848 1186 1506 514 575 1045 644 283 1357 1346 1019
521 1074 1340 1005 1372 1038 649 0 757 619 808 747 1450 879 449 687 1073 1420 1273 2080 1197 986 1705 987 1759 1224 1645 1303 819 781 1026 1417 315 1684 1516 622 1499 991 485 1803 887 406 737 564 742 859 1572 1395 800 929 951 945 1192 586 1418 1393 1557 1090 1277 659 636 924 1216 1144 1065 1501 482 1535 1199 1776 1277 676 889 1726 1485 600 1018 498 1460 1049 1780 1553 1054 12 1184 1117 1307 1906 1560 1219 1557 1397 470 421 751 639 575 1632 1237 744
730 1189 1586 1426 1290 1455 890 757 0 604 393 1138 1368 1125 870 209 1495 959 612 1428 1115 1403 1044 1378 1098 1141 984 642 304 1027 1417 1663 688 1118 856 900 1112 330 417 1236 1227 552 600 225 264 1105 1051 829 1216 1176 1314 1366 1110 196 804 1639 932 1008 1195 1080 1027 1346 1134 1437 404 840 331 1323 538 1115 1195 572 1135 1723 824 381 1434 556 1378 1282 1120 1335 1253 769 1430 1533 647 1245 1494 826 1331 736 420 812 684 289 633 971 576 1165
275 1358 1078 1288 1118 1317 387 619 604 0 373 1000 1196 617 732 533 1357 1282 1112 1857 942 1265 1544 949 1598 969 1484 1139 557 519 1279 1155 444 1430 1356 917 1436 830 263 1548 748 272 830 415 587 597 1318 1141 1079 668 1235 1228 938 418 1184 1131 1343 836 1023 942 890 1208 961 929 904 1340 286 1281 1038 1615 1023 69 627 1464 1323 337 1297 165 1205 787 1589 1299 1338 631 922 1396 1144 1744 1299 964 1303 1236 220 675 904 378 176 1423 1076 1027
648 1446 1272 1477 994 1506 572 808 393 373 0 1189 1072 811 921 465 1546 1215 899 1644 819 1454 1253 1143 1379 845 1271 866 207 713 1468 1349 685 1217 1143 1106 1369 617 456 1336 952 514 851 390 520 791 1150 929 1267 862 1424 1417 814 349 888 1325 1056 712 899 1131 1078 1396 838 1123 691 1127 447 1157 825 1402 899 304 821 1427 1105 260 1485 517 1082 972 1376 1175 1509 820 1116 1584 904 1526 1198 828 1179 1023 389 863 936 186 549 1050 863 1216
797 1554 808 1484 1387 1513 745 747 1138 1000 1189 0 1431 770 928 1068 1553 1818 1654 2362 1235 1434 2086 328 2112 1291 2026 1645 1201 644 522 885 633 1936 1898 1120 1971 1372 866 2054 487 781 1235 945 1123 682 1824 1647 1274 738 1431 1424 1230 967 1690 861 1849 1342 1315 1138 278 1404 1253 564 1446 1882 863 1696 1580 2157 1423 1049 743 1194 1837 982 1277 876 1601 895 2095 1694 1534 759 646 1376 1650 2258 1029 1470 1698 1778 851 446 1249 1020 913 1980 1618 1223
1258 2150 750 2080 83 2110 1079 1450 1368 1196 1072 1431 0 908 1524 1397 2149 2146 1756 2108 405 2057 1929 1164 1858 424 2129 1391 1266 1043 1856 630 1195 1359 2000 1716 2300 1474 1265 1238 1229 1255 1772 1320 1451 904 913 1393 1871 894 2027 2021 400 1247 1436 667 1595 679 520 1734 1543 2000 335 920 1549 1984 1260 665 1683 2259 577 1171 854 557 1583 1068 2089 1148 571 840 1841 664 2130 1462 825 2188 1396 2004 419 1216 668 1880 1197 1376 1845 1079 1091 1726 1721 1820
679 1579 762 1509 830 1538 285 879 1125 617 811 770 908 0 953 1050 1578 1800 1617 1969 557 1486 1790 637 1719 613 1990 1252 995 224 1195 839 624 1543 1861 1145 1953 1335 786 1581 490 677 1260 932 1104 88 1212 1254 1300 141 1456 1449 552 941 1297 815 1456 670 637 1163 882 1429 576 613 1410 1846 803 1018 1544 2120 745 601 100 1148 1444 874 1518 570 923 260 1702 1016 1559 890 606 1617 1257 1865 973 1077 1020 1741 743 805 1274 882 512 1587 1582 1248
625 770 1414 700 1446 810 723 449 870 732 921 928 1524 953 0 800 769 1345 1385 2185 1271 868 1817 1168 1872 1298 1758 1415 932 855 1207 1491 545 1758 1629 437 1247 1103 598 1877 1017 597 712 676 854 933 1646 1470 556 1004 647 640 1266 699 1513 1467 1672 1164 1352 354 817 620 1290 1266 1178 1614 595 1609 1312 1888 1351 789 963 1801 1598 713 899 650 1534 1123 1893 1627 750 444 1258 998 1420 2019 1635 1293 1631 1509 582 602 648 751 727 1745 1350 439
656 1017 1511 1356 1319 1385 820 687 209 533 465 1068 1397 1050 800 0 1425 750 796 1611 1143 1333 1228 1308 1282 1170 1168 826 403 952 1347 1588 618 1302 1040 741 903 514 341 1420 1157 477 441 178 55 1030 1235 1013 1146 1100 1142 1296 1139 192 988 1564 1116 1036 1224 1010 957 1276 1162 1362 588 1024 259 1470 722 1299 1223 549 1060 1752 1008 402 1365 480 1406 1220 1303 1474 1081 699 1355 1463 830 1429 1522 1010 1476 920 357 743 525 317 558 1155 760 1095
1250 904 2039 682 2071 398 1348 1073 1495 1357 1546 1553 2149 1578 769 1425 0 1477 2010 2810 1896 932 2442 1793 2497 1923 2383 2040 1557 1480 1542 2116 1170 2383 2254 803 1377 1728 1223 2502 1642 1222 1175 1301 1471 1558 2271 2094 343 1629 791 276 1891 1324 2138 2092 2297 1789 1976 484 1442 294 1915 1890 1803 2238 1220 2234 1937 2513 1976 1414 1588 2425 2222 1338 1139 1275 2159 1748 2518 2252 880 1069 1883 1214 2045 2643 2260 1918 2256 2134 1207 1227 1041 1376 1352 2369 1975 626
1406 728 2261 1203 2068 1668 1570 1420 959 1282 1215 1818 2146 1800 1345 750 1477 0 1546 2361 1893 2064 1978 2058 2032 1920 1918 1576 1153 1702 2097 2338 1367 2051 1789 971 153 1264 1091 2170 1907 1227 946 928 731 1780 1985 1763 1419 1850 853 1293 1888 942 1738 2313 1866 1786 1974 1006 1707 1272 1912 2112 1338 1774 1009 2220 1472 2049 1973 1299 1810 2502 1758 1152 2096 1230 2156 1970 2053 2223 792 1432 2105 2195 1580 2179 2272 1760 2226 1669 1107 1492 876 1067 1308 1905 1510 923
1241 1776 2078 1942 1678 1971 1382 1273 612 1112 899 1654 1756 1617 1385 796 2010 1546 0 1741 1503 1918 959 1894 1112 1530 766 955 817 1520 1932 2092 1203 1431 502 1487 1699 504 932 1549 1736 1062 1186 741 850 1597 1364 1142 1732 1668 1888 1882 1498 709 1117 2130 1245 1396 1583 1595 1543 1861 1522 1930 488 628 847 1636 323 865 1583 1068 1628 2112 1137 874 1950 1065 1732 1680 1433 1648 1840 1284 1922 2049 960 1558 1882 1140 1644 307 922 1328 1271 781 1143 970 445 1681
1919 2592 2430 2741 2030 2770 1740 2080 1428 1857 1644 2362 2108 1969 2185 1611 2810 2361 1741 0 1855 2718 1341 2301 1232 1882 2113 1245 1557 1872 2641 2444 1856 874 1985 2303 2515 1459 1748 962 2100 1878 2002 1557 1666 1949 1263 752 2532 2020 2688 2682 1850 1525 859 2482 789 1748 1936 2395 2252 2661 1874 2282 1533 1969 1662 1511 1667 1721 1935 1838 1980 2464 917 1689 2750 1809 1637 2032 341 1501 2656 2092 2274 2849 1033 706 2234 1152 1519 1865 1738 2037 2087 1597 1752 1109 1596 2480
1005 1897 800 1827 326 1856 752 1197 1115 942 819 1235 405 557 1271 1143 1896 1893 1503 1855 0 1804 1675 1101 1604 78 1876 1138 1013 691 1659 680 942 1279 1747 1463 2047 1221 1012 1158 954 1002 1519 1067 1198 552 833 1140 1618 543 1774 1768 5 994 1183 717 1342 425 183 1481 1326 1747 70 970 1296 1731 1007 585 1430 2006 296 918 502 699 1330 815 1836 895 490 488 1587 584 1877 1208 875 1935 1143 1751 469 963 587 1627 944 1123 1592 826 838 1473 1467 1566
1158 1493 1947 1424 1979 700 1256 986 1403 1265 1454 1434 2057 1486 868 1333 932 2064 1918 2718 1804 0 2350 1690 2405 1831 2291 1948 1465 1388 1048 2024 1078 2291 2162 1159 1970 1636 1131 2410 1550 1130 1344 1209 1387 1466 2179 2002 817 1537 1370 1070 1799 1232 2046 2000 2205 1697 1884 1078 1342 1174 1823 1798 1711 2146 1128 2142 1845 2421 1884 1322 1496 2333 2130 1246 443 1183 2067 1656 2426 2160 1473 986 1791 428 1953 2551 2167 1826 2164 2042 1115 1135 1358 1284 1260 2277 1883 1163
1673 2208 2251 2374 1851 2403 1560 1705 1044 1544 1253 2086 1929 1790 1817 1228 2442 1978 959 1341 1675 2350 0 2121 286 1702 1030 644 1167 1692 2365 2265 1635 1603 913 1919 2131 848 1364 1722 1921 1494 1619 1173 1282 1770 1536 1082 2164 1840 2320 2314 1671 1141 1004 2302 945 1569 1756 2028 1975 2293 1694 2102 725 916 1279 1808 684 449 1755 1500 1800 2284 449 1306 2382 1497 1904 1852 1033 1820 2272 1716 2095 2481 724 881 2054 1312 1816 830 1354 1760 1703 1213 1561 362 531 2113
935 1794 540 1724 1119 1753 611 987 1378 949 1143 328 1164 637 1168 1308 1793 2058 1894 2301 1101 1690 2121 0 2050 1157 2266 1584 1327 511 792 617 819 1874 2138 1360 2212 1612 1091 1993 355 961 1475 1185 1363 548 1750 1585 1515 604 1671 1665 1096 1208 1629 593 1788 1214 1181 1378 519 1644 1120 280 1686 2122 1104 1513 1820 2397 1289 933 609 927 1776 1201 1548 901 1418 760 2033 1512 1774 999 378 1647 1589 2197 761 1409 1515 2018 1075 686 1489 1214 844 1918 1858 1463
1668 2263 2180 2428 1780 2457 1489 1759 1098 1598 1379 2112 1858 1719 1872 1282 2497 2032 1112 1232 1604 2405 286 2050 0 1631 1133 890 1293 1621 2390 2194 1605 1532 1016 1974 2186 1094 1419 1651 1849 1549 1673 1228 1337 1699 1465 1035 2219 1769 2374 2368 1600 1196 1011 2231 836 1497 1685 2082 2001 2348 1623 2031 971 1019 1333 1737 930 552 1684 1554 1729 2213 340 1360 2437 1552 1833 1781 924 1749 2327 1771 2024 2536 731 772 1983 1241 1745 933 1408 1786 1758 1267 1501 497 777 2167
1032 1924 820 1854 346 1883 809 1224 1141 969 845 1291 424 613 1298 1170 1923 1920 1530 1882 78 1831 1702 1157 1631 0 1902 1165 1040 747 1716 699 969 1283 1774 1490 2073 1248 1038 1162 1010 1029 1545 1094 1225 609 837 1166 1644 599 1801 1794 73 1021 1209 737 1369 424 251 1508 1364 1774 131 990 1322 1758 1034 589 1456 2033 280 944 559 719 1357 842 1863 922 494 545 1614 588 1904 1235 895 1961 1169 1778 489 990 592 1654 971 1150 1619 853 865 1499 1494 1593
1613 2148 2451 2314 2051 2343 1754 1645 984 1484 1271 2026 2129 1990 1758 1168 2383 1918 766 2113 1876 2291 1030 2266 1133 1902 0 1327 1189 1892 2305 2465 1576 1803 264 1859 2071 876 1305 1922 2108 1434 1559 1113 1223 1970 1736 1515 2104 2040 2260 2254 1871 1082 1490 2502 1618 1769 1956 1968 1915 2234 1894 2302 871 147 1219 2008 872 886 1956 1440 2000 2484 1410 1246 2323 1438 2105 2052 1805 2020 2212 1657 2295 2421 1332 1842 2254 1512 2016 496 1294 1701 1643 1153 1515 1365 993 2053
1202 1806 1713 1972 1313 2001 1023 1303 642 1139 866 1645 1391 1252 1415 826 2040 1576 955 1245 1138 1948 644 1584 890 1165 1327 0 779 1154 1924 1727 1139 1066 1199 1517 1729 673 962 1184 1383 1092 1217 771 880 1232 999 621 1762 1303 1918 1912 1133 739 476 1765 564 1031 1218 1626 1534 1891 1157 1565 713 1183 877 1270 736 1066 1218 1098 1262 1746 669 904 1980 1091 1367 1314 937 1283 1870 1314 1557 2079 278 1141 1517 774 1279 1079 952 1320 1301 811 1035 441 583 1711
713 1384 1456 1488 1188 1517 756 819 304 557 207 1201 1266 995 932 403 1557 1153 817 1557 1013 1465 1167 1327 1293 1040 1189 779 0 898 1479 1533 706 1131 1061 1090 1307 535 477 1249 1137 534 790 328 458 975 1064 842 1279 1046 1435 1429 1008 291 801 1509 969 906 1094 1142 1090 1408 1032 1308 609 1045 426 1306 744 1320 1093 488 1005 1622 1019 344 1497 537 1276 1166 1290 1310 1447 831 1300 1596 817 1440 1392 839 1312 941 409 875 874 269 615 964 781 1227
545 1481 640 1411 964 1441 182 781 1027 519 713 644 1043 224 855 952 1480 1702 1520 1872 691 1388 1692 511 1621 747 1892 1154 898 0 1069 717 526 1445 1763 1047 1855 1238 688 1563 364 579 1162 834 1007 190 1329 1156 1202 275 1358 1352 686 843 1199 693 1359 804 771 1065 722 1331 710 491 1312 1748 705 1152 1446 2023 879 504 234 1026 1346 776 1420 472 1057 394 1604 1151 1461 793 484 1519 1159 1767 860 980 1155 1644 645 707 1176 785 415 1489 1484 1151
1076 1832 1232 1763 1812 1490 1107 1026 1417 1279 1468 522 1856 1195 1207 1347 1542 2097 1932 2641 1659 1048 2365 792 2390 1716 2305 1924 1479 1069 0 1310 912 2214 2176 1398 2250 1651 1145 2333 904 1060 1514 1223 1402 1107 2102 1926 1251 1163 1709 1528 1654 1246 1969 1285 2128 1620 1740 1417 431 1631 1678 989 1725 2161 1142 2066 1859 2436 1807 1336 1167 1619 2116 1260 886 1155 1990 1320 2373 2083 1812 1037 1070 984 1929 2537 1453 1749 2087 2056 1129 604 1528 1299 1191 2259 1897 1502
1217 2117 204 2047 585 2076 818 1417 1663 1155 1349 885 630 839 1491 1588 2116 2338 2092 2444 680 2024 2265 617 2194 699 2465 1727 1533 717 1310 0 1162 1695 2336 1683 2491 1810 1324 1575 682 1215 1798 1470 1643 751 1249 1729 1838 801 1994 1988 675 1479 1772 121 1931 1000 796 1701 996 1967 611 374 1885 2321 1341 1002 2019 2595 865 1139 806 393 1919 1405 2056 1108 907 792 2177 1000 2097 1428 279 2155 1732 2340 227 1552 1004 2216 1281 1164 1812 1414 1051 2062 2057 1786
228 1170 1085 1101 1117 1130 394 315 688 444 685 633 1195 624 545 618 1170 1367 1203 1856 942 1078 1635 819 1605 969 1576 1139 706 526 912 1162 0 1429 1447 737 1521 921 384 1548 641 183 852 494 672 604 1317 1140 891 674 1047 1041 937 510 1184 1138 1343 835 1022 755 522 1020 961 936 996 1431 386 1280 1130 1706 1022 513 634 1471 1331 478 1109 279 1205 794 1588 1298 1150 326 929 1208 1143 1752 1305 964 1302 1327 342 307 866 517 357 1473 1167 840
1492 2282 1816 2315 1281 2344 1313 1684 1118 1430 1217 1936 1359 1543 1758 1302 2383 2051 1431 874 1279 2291 1603 1874 1532 1283 1803 1066 1131 1445 2214 1695 1429 0 1675 1950 2205 1149 1438 137 1673 1489 1692 1247 1356 1522 611 657 2105 1593 2261 2255 1274 1215 808 1733 854 1168 1400 1968 1825 2234 1215 1855 1223 1659 1352 718 1357 1934 1356 1411 1553 1715 1256 1309 2323 1382 844 1590 766 709 2346 1696 1848 2422 1070 1158 1485 645 726 1555 1424 1610 1777 1287 1325 1395 1395 2054
1485 2020 2322 2185 1922 2214 1626 1516 856 1356 1143 1898 2000 1861 1629 1040 2254 1789 502 1985 1747 2162 913 2138 1016 1774 264 1199 1061 1763 2176 2336 1447 1675 0 1731 1943 748 1176 1793 1980 1306 1430 985 1094 1841 1608 1386 1976 1912 2131 2126 1742 953 1361 2374 1489 1640 1827 1839 1787 2105 1766 2174 742 360 1090 1880 743 769 1827 1312 1871 2356 1293 1117 2194 1309 1976 1923 1677 1892 2084 1528 2166 2293 1204 1725 2126 1383 1888 232 1166 1572 1515 1025 1387 1248 864 1924
817 665 1606 743 1638 920 915 622 900 917 1106 1120 1716 1145 437 741 803 971 1487 2303 1463 1159 1919 1360 1974 1490 1859 1517 1090 1047 1398 1683 737 1950 1731 0 1004 1205 783 2069 1209 777 391 789 709 1125 1838 1661 651 1196 690 683 1458 836 1679 1659 1807 1356 1543 397 1009 663 1482 1457 1279 1715 780 1801 1413 1990 1543 974 1155 1992 1699 898 1190 833 1726 1315 1995 1819 679 633 1450 1289 1522 2120 1826 1485 1823 1611 767 794 257 936 910 1846 1451 479
1559 628 2414 1103 2222 1568 1723 1499 1112 1436 1369 1971 2300 1953 1247 903 1377 153 1699 2515 2047 1970 2131 2212 2186 2073 2071 1729 1307 1855 2250 2491 1521 2205 1943 1004 0 1417 1244 2323 2060 1380 985 1081 884 1933 2138 1916 1319 2004 753 1193 2042 1096 1891 2467 2019 1940 2127 906 1861 1172 2066 2266 1491 1927 1162 2373 1625 2202 2127 1452 1963 2655 1911 1305 2002 1383 2310 2123 2207 2377 692 1510 2258 2101 1734 2332 2426 1914 2379 1823 1260 1646 915 1220 1461 2058 1663 823
959 1494 1796 1660 1396 1689 1100 991 330 830 617 1372 1474 1335 1103 514 1728 1264 504 1459 1221 1636 848 1612 1094 1248 876 673 535 1238 1651 1810 921 1149 748 1205 1417 0 650 1267 1454 780 905 459 568 1315 1082 860 1450 1386 1606 1600 1216 427 835 1848 963 1114 1302 1314 1261 1579 1240 1648 208 732 565 1354 430 1005 1301 786 1346 1830 855 592 1668 783 1450 1398 1151 1366 1558 1002 1640 1767 678 1276 1600 858 1362 628 640 1046 989 499 861 859 380 1399
392 1224 1247 1154 1187 1183 556 485 417 263 456 866 1265 786 598 341 1223 1091 932 1748 1012 1131 1364 1091 1419 1038 1305 962 477 688 1145 1324 384 1438 1176 783 1244 650 0 1557 916 213 638 223 396 766 1371 1149 945 836 1101 1095 1007 243 1124 1299 1253 905 1092 808 756 1074 1031 1098 725 1160 94 1350 859 1435 1092 325 796 1620 1145 249 1163 216 1275 956 1440 1368 1204 497 1091 1262 967 1565 1391 1040 1372 1056 113 541 712 288 294 1292 897 893
1611 2400 1695 2433 1160 2462 1432 1803 1236 1548 1336 2054 1238 1581 1877 1420 2502 2170 1549 962 1158 2410 1722 1993 1651 1162 1922 1184 1249 1563 2333 1575 1548 137 1793 2069 2323 1267 1557 0 1792 1608 1811 1365 1475 1570 498 775 2223 1577 2380 2373 1153 1334 927 1612 973 1047 1279 2087 1943 2353 1094 1865 1342 1778 1471 597 1476 2052 1235 1530 1536 1594 1374 1427 2442 1501 723 1522 853 588 2464 1814 1770 2540 1189 1245 1364 764 605 1673 1542 1729 1895 1405 1444 1513 1514 2172
757 1643 605 1573 1184 1602 400 887 1227 748 952 487 1229 490 1017 1157 1642 1907 1736 2100 954 1550 1921 355 1849 1010 2108 1383 1137 364 904 682 641 1673 1980 1209 2060 1454 916 1792 0 783 1324 1034 1212 401 1561 1385 1363 457 1520 1513 949 1055 1428 658 1587 1064 1034 1227 492 1493 973 455 1528 1964 934 1415 1662 2239 1142 743 462 992 1575 1010 1582 700 1320 614 1832 1414 1623 899 449 1680 1388 1996 826 1208 1418 1860 874 741 1338 1024 643 1718 1700 1312
254 1223 1138 1153 1177 1182 447 406 552 272 514 781 1255 677 597 477 1222 1227 1062 1878 1002 1130 1494 961 1549 1029 1434 1092 534 579 1060 1215 183 1489 1306 777 1380 780 213 1608 783 0 767 359 531 657 1377 1201 943 727 1100 1093 997 368 1244 1191 1382 895 1083 807 670 1073 1021 989 854 1290 230 1341 988 1565 1082 341 687 1524 1274 306 1162 107 1265 847 1570 1358 1203 418 982 1260 1097 1695 1358 1024 1362 1186 170 456 841 345 185 1421 1026 892
932 820 1721 1115 1694 1292 1031 737 600 830 851 1235 1772 1260 712 441 1175 946 1186 2002 1519 1344 1619 1475 1673 1545 1559 1217 790 1162 1514 1798 852 1692 1430 391 985 905 638 1811 1324 767 0 489 409 1240 1625 1404 1023 1311 926 1055 1514 535 1379 1774 1507 1412 1599 769 1124 1035 1538 1573 979 1415 570 1856 1113 1690 1599 860 1270 2108 1399 752 1376 770 1781 1430 1694 1859 833 748 1565 1475 1221 1820 1897 1401 1862 1310 654 909 175 701 848 1546 1151 851
537 1094 1393 1233 1242 1262 703 564 225 415 390 945 1320 932 676 178 1301 928 741 1557 1067 1209 1173 1185 1228 1094 1113 771 328 834 1223 1470 494 1247 985 789 1081 459 223 1365 1034 359 489 0 232 912 1180 958 1023 983 1179 1173 1062 86 933 1446 1061 960 1147 887 834 1152 1086 1245 533 969 138 1401 667 1244 1147 416 942 1675 953 301 1241 362 1330 1102 1249 1404 1158 575 1237 1340 776 1374 1446 956 1407 865 237 619 573 242 440 1100 705 972
711 984 1565 1405 1373 1440 875 742 264 587 520 1123 1451 1104 854 55 1471 731 850 1666 1198 1387 1282 1363 1337 1225 1223 880 458 1007 1402 1643 672 1356 1094 709 884 568 396 1475 1212 531 409 232 0 1084 1289 1067 1201 1155 1109 1345 1193 247 1042 1618 1171 1091 1278 1059 1012 1324 1217 1417 643 1079 314 1525 777 1353 1278 604 1115 1807 1063 457 1419 535 1461 1275 1358 1528 1048 753 1409 1518 885 1484 1577 1065 1530 974 411 797 493 372 612 1210 815 1140
659 1559 674 1489 826 1518 265 859 1105 597 791 682 904 88 933 1030 1558 1780 1597 1949 552 1466 1770 548 1699 609 1970 1232 975 190 1107 751 604 1522 1841 1125 1933 1315 766 1570 401 657 1240 912 1084 0 1208 1234 1279 107 1436 1429 548 921 1277 726 1436 666 633 1143 793 1409 571 525 1390 1825 783 1014 1524 2100 741 581 66 1060 1424 854 1498 550 919 227 1682 1012 1539 870 518 1596 1237 1845 894 1057 1016 1721 723 785 1254 862 492 1567 1562 1228
1380 2215 1370 2203 835 2232 1201 1572 1051 1318 1150 1824 913 1212 1646 1235 2271 1985 1364 1263 833 2179 1536 1750 1465 837 1736 999 1064 1329 2102 1249 1317 611 1608 1838 2138 1082 1371 498 1561 1377 1625 1180 1289 1208 0 581 1993 1198 2149 2143 828 1148 733 1287 779 605 954 1856 1713 2122 769 1540 1156 1592 1286 272 1290 1867 846 1293 1158 1269 1191 1190 2211 1270 419 1144 995 284 2252 1584 1445 2310 1003 1376 1039 579 280 1488 1319 1498 1710 1202 1213 1319 1328 1942
1203 1993 1715 2026 1315 2055 1024 1395 829 1141 929 1647 1393 1254 1470 1013 2094 1763 1142 752 1140 2002 1082 1585 1035 1166 1515 621 842 1156 1926 1729 1140 657 1386 1661 1916 860 1149 775 1385 1201 1404 958 1067 1234 581 0 1816 1304 1972 1966 1135 926 189 1766 235 1033 1220 1680 1536 1945 1158 1566 934 1370 1064 853 1069 1477 1220 1123 1264 1748 720 1020 2034 1094 1000 1316 484 865 2057 1407 1559 2133 497 865 1518 436 861 1266 1135 1321 1488 998 1036 776 1089 1765
972 842 1760 768 1793 336 1070 800 1216 1079 1267 1274 1871 1300 556 1146 343 1419 1732 2532 1618 817 2164 1515 2219 1644 2104 1762 1279 1202 1251 1838 891 2105 1976 651 1319 1450 945 2223 1363 943 1023 1023 1201 1279 1993 1816 0 1350 719 372 1613 1046 1859 1813 2019 1511 1698 427 1164 475 1637 1612 1524 1960 942 1956 1658 2235 1698 1136 1310 2147 1944 1060 849 996 1881 1470 2240 1974 822 800 1605 948 1767 2365 1981 1640 1978 1856 929 949 889 1098 1074 2091 1696 502
730 1629 724 1560 816 1589 336 929 1176 668 862 738 894 141 1004 1100 1629 1850 1668 2020 543 1537 1840 604 1769 599 2040 1303 1046 275 1163 801 674 1593 1912 1196 2004 1386 836 1577 457 727 1311 983 1155 107 1198 1304 1350 0 1506 1500 538 991 1348 777 1507 656 623 1214 849 1479 562 576 1460 1896 854 1004 1594 2171 731 652 40 1111 1495 925 1568 620 909 157 1752 1002 1609 941 568 1667 1307 1916 945 1128 1006 1792 794 855 1325 933 563 1637 1632 1299
1128 125 1917 423 1949 982 1226 951 1314 1235 1424 1431 2027 1456 647 1142 791 853 1888 2688 1774 1370 2320 1671 2374 1801 2260 1918 1435 1358 1709 1994 1047 2261 2131 690 753 1606 1101 2380 1520 1100 926 1179 1109 1436 2149 1972 719 1506 0 560 1769 1202 2016 1970 2175 1667 1854 320 1320 539 1793 1768 1680 2116 1098 2112 1814 2391 1854 1292 1466 2303 2100 1216 1402 1153 2037 1626 2395 2130 145 947 1761 1501 1922 2521 2137 1796 2134 2011 1085 1105 815 1254 1230 2247 1852 289
1121 684 1910 423 1943 536 1220 945 1366 1228 1417 1424 2021 1449 640 1296 276 1293 1882 2682 1768 1070 2314 1665 2368 1794 2254 1912 1429 1352 1528 1988 1041 2255 2126 683 1193 1600 1095 2373 1513 1093 1055 1173 1345 1429 2143 1966 372 1500 560 0 1763 1195 2009 1963 2169 1661 1848 300 1314 103 1787 1762 1674 2110 1092 2106 1808 2385 1848 1286 1460 2297 2094 1210 1125 1146 2030 1620 2390 2124 696 940 1754 1224 1917 2515 2131 1790 2128 2006 1079 1099 921 1248 1224 2241 1846 442
1000 1892 795 1822 322 1851 747 1192 1110 938 814 1230 400 552 1266 1139 1891 1888 1498 1850 5 1799 1671 1096 1600 73 1871 1133 1008 686 1654 675 937 1274 1742 1458 2042 1216 1007 1153 949 997 1514 1062 1193 548 828 1135 1613 538 1769 1763 0 989 1178 713 1337 421 178 1476 1321 1742 65 965 1291 1726 1002 580 1425 2001 291 913 498 694 1325 810 1831 890 485 483 1583 579 1872 1204 870 1930 1138 1746 464 958 583 1622 939 1118 1587 821 833 1468 1463 1561
547 1140 1402 1255 1169 1284 711 586 196 418 349 967 1247 941 699 192 1324 942 709 1525 994 1232 1141 1208 1196 1021 1082 739 291 843 1246 1479 510 1215 953 836 1096 427 243 1334 1055 368 535 86 247 921 1148 926 1046 991 1202 1195 989 0 901 1455 1030 887 1074 909 857 1175 1013 1253 502 937 160 1332 636 1212 1074 387 951 1602 921 223 1264 371 1257 1111 1217 1350 1204 598 1246 1363 744 1342 1373 924 1354 833 234 642 620 169 449 1068 674 994
1247 1968 1758 2069 1358 2098 1068 1418 804 1184 888 1690 1436 1297 1513 988 2138 1738 1117 859 1183 2046 1004 1629 1011 1209 1490 476 801 1199 1969 1772 1184 808 1361 1679 1891 835 1124 927 1428 1244 1379 933 1042 1277 733 189 1859 1348 2016 2009 1178 901 0 1810 224 1076 1263 1723 1579 1989 1202 1610 910 1345 1039 1004 1044 1400 1263 1166 1307 1791 709 1055 2078 1137 1151 1359 592 1016 2032 1429 1602 2176 419 886 1562 593 1013 1241 1114 1365 1463 973 1080 698 953 1808
1193 2093 96 2023 623 2052 793 1393 1639 1131 1325 861 667 815 1467 1564 2092 2313 2130 2482 717 2000 2302 593 2231 737 2502 1765 1509 693 1285 121 1138 1733 2374 1659 2467 1848 1299 1612 658 1191 1774 1446 1618 726 1287 1766 1813 777 1970 1963 713 1455 1810 0 1969 1038 833 1677 972 1943 648 350 1922 2358 1317 1039 2056 2633 902 1115 781 430 1957 1388 2032 1083 945 768 2214 1038 2073 1404 255 2130 1769 2378 265 1590 1042 2254 1257 1140 1788 1396 1026 2099 2094 1762
1406 2096 1917 2228 1517 2257 1227 1557 932 1343 1056 1849 1595 1456 1672 1116 2297 1866 1245 789 1342 2205 945 1788 836 1369 1618 564 969 1359 2128 1931 1343 854 1489 1807 2019 963 1253 973 1587 1382 1507 1061 1171 1436 779 235 2019 1507 2175 2169 1337 1030 224 1969 0 1235 1422 1882 1739 2148 1361 1769 1038 1474 1167 1051 1172 1325 1422 1325 1466 1951 521 1194 2237 1296 1198 1519 481 1063 2160 1569 1761 2336 398 698 1721 640 1059 1369 1242 1524 1591 1101 1239 653 1041 1967
898 1790 1120 1720 601 1749 719 1090 1008 836 712 1342 679 670 1164 1036 1789 1786 1396 1748 425 1697 1569 1214 1497 424 1769 1031 906 804 1620 1000 835 1168 1640 1356 1940 1114 905 1047 1064 895 1412 960 1091 666 605 1033 1511 656 1667 1661 421 887 1076 1038 1235 0 506 1374 1231 1640 444 1191 1189 1624 900 623 1323 1899 266 811 616 1019 1223 708 1729 788 683 602 1480 664 1770 1101 1161 1828 1036 1644 790 706 666 1520 837 1016 1485 719 731 1366 1360 1459
1085 1977 916 1908 442 1937 832 1277 1195 1023 899 1315 520 637 1352 1224 1976 1974 1583 1936 183 1884 1756 1181 1685 251 1956 1218 1094 771 1740 796 1022 1400 1827 1543 2127 1302 1092 1279 1034 1083 1599 1147 1278 633 954 1220 1698 623 1854 1848 178 1074 1263 833 1422 506 0 1562 1406 1827 187 1086 1376 1812 1088 706 1510 2087 447 998 583 815 1410 896 1916 976 611 569 1668 705 1957 1289 991 2015 1223 1831 585 1043 709 1707 1025 1203 1673 907 918 1553 1548 1647
835 433 1624 374 1656 675 934 659 1080 942 1131 1138 1734 1163 354 1010 484 1006 1595 2395 1481 1078 2028 1378 2082 1508 1968 1626 1142 1065 1417 1701 755 1968 1839 397 906 1314 808 2087 1227 807 769 887 1059 1143 1856 1680 427 1214 320 300 1476 909 1723 1677 1882 1374 1562 0 1027 280 1500 1476 1388 1824 805 1820 1522 2099 1561 999 1173 2011 1808 923 1110 860 1744 1334 2103 1837 409 654 1468 1208 1630 2229 1845 1503 1841 1719 792 812 635 962 938 1955 1560 155
686 1443 919 1373 1498 1402 675 636 1027 890 1078 278 1543 882 817 957 1442 1707 1543 2252 1326 1342 1975 519 2001 1364 1915 1534 1090 722 431 996 522 1825 1787 1009 1861 1261 756 1943 492 670 1124 834 1012 793 1713 1536 1164 849 1320 1314 1321 857 1579 972 1739 1231 1406 1027 0 1293 1345 676 1335 1771 753 1676 1469 2046 1418 947 854 1306 1727 871 1187 765 1601 1006 1984 1694 1423 648 757 1285 1539 2147 1140 1360 1698 1667 740 327 1138 909 802 1869 1507 1112
1101 664 1890 402 1922 640 1199 924 1346 1208 1396 1404 2000 1429 620 1276 294 1272 1861 2661 1747 1174 2293 1644 2348 1774 2234 1891 1408 1331 1631 1967 1020 2234 2105 663 1172 1579 1074 2353 1493 1073 1035 1152 1324 1409 2122 1945 475 1479 539 103 1742 1175 1989 1943 2148 1640 1827 280 1293 0 1766 1741 1654 2089 1071 2085 1788 2364 1827 1265 1439 2276 2073 1189 1228 1126 2010 1599 2369 2103 675 920 1734 1327 1896 2494 2110 1769 2107 1985 1058 1078 901 1227 1203 2220 1825 421
1024 1916 731 1846 257 1875 771 1216 1134 961 838 1253 335 576 1290 1162 1915 1912 1522 1874 70 1823 1694 1120 1623 131 1894 1157 1032 710 1678 611 961 1215 1766 1482 2066 1240 1031 1094 973 1021 1538 1086 1217 571 769 1158 1637 562 1793 1787 65 1013 1202 648 1361 444 187 1500 1345 1766 0 901 1314 1750 1026 521 1448 2025 313 937 521 630 1349 834 1855 914 426 507 1606 520 1896 1227 806 1954 1161 1770 400 982 524 1646 963 1142 1611 845 857 1491 1486 1585
992 1891 297 1822 876 1851 592 1144 1437 929 1123 564 920 613 1266 1362 1890 2112 1930 2282 970 1798 2102 280 2031 990 2302 1565 1308 491 989 374 936 1855 2174 1457 2266 1648 1098 1865 455 989 1573 1245 1417 525 1540 1566 1612 576 1768 1762 965 1253 1610 350 1769 1191 1086 1476 676 1741 901 0 1722 2158 1115 1292 1856 2433 1155 914 580 683 1757 1186 1744 882 1197 634 2014 1291 1871 1156 134 1843 1569 2178 518 1390 1295 2054 1056 843 1587 1195 825 1899 1894 1561
1033 1568 1871 1734 1471 1763 1174 1065 404 904 691 1446 1549 1410 1178 588 1803 1338 488 1533 1296 1711 725 1686 971 1322 871 713 609 1312 1725 1885 996 1223 742 1279 1491 208 725 1342 1528 854 979 533 643 1390 1156 934 1524 1460 1680 1674 1291 502 910 1922 1038 1189 1376 1388 1335 1654 1314 1722 0 726 639 1428 323 900 1376 860 1420 1904 930 666 1742 858 1524 1472 1225 1440 1632 1077 1715 1841 752 1351 1674 932 1436 622 714 1121 1063 573 935 736 257 1473
1469 2004 2306 2170 1906 2199 1610 1501 840 1340 1127 1882 1984 1846 1614 1024 2238 1774 628 1969 1731 2146 916 2122 1019 1758 147 1183 1045 1748 2161 2321 1431 1659 360 1715 1927 732 1160 1778 1964 1290 1415 969 1079 1825 1592 1370 1960 1896 2116 2110 1726 937 1345 2358 1474 1624 1812 1824 1771 2089 1750 2158 726 0 1075 1864 728 772 1811 1296 1856 2340 1296 1102 2178 1293 1960 1908 1661 1876 2068 1512 2151 2277 1188 1728 2110 1368 1872 417 1150 1556 1499 1009 1371 1251 849 1909
409 1175 1264 1151 1182 1180 573 482 331 286 447 863 1260 803 595 259 1220 1009 847 1662 1007 1128 1279 1104 1333 1034 1219 877 426 705 1142 1341 386 1352 1090 780 1162 565 94 1471 934 230 570 138 314 783 1286 1064 942 854 1098 1092 1002 160 1039 1317 1167 900 1088 805 753 1071 1026 1115 639 1075 0 1345 773 1350 1087 329 813 1616 1059 235 1160 233 1270 973 1354 1363 1201 494 1108 1259 881 1480 1386 1035 1367 970 110 538 654 264 311 1206 811 890
1343 2235 1122 2166 587 2195 1164 1535 1323 1281 1157 1696 665 1018 1609 1470 2234 2220 1636 1511 585 2142 1808 1513 1737 589 2008 1270 1306 1152 2066 1002 1280 718 1880 1801 2373 1354 1350 597 1415 1341 1856 1401 1525 1014 272 853 1956 1004 2112 2106 580 1332 1004 1039 1051 623 706 1820 1676 2085 521 1292 1428 1864 1345 0 1562 2139 686 1256 964 1021 1463 1154 2174 1233 210 949 1243 149 2215 1547 1197 2273 1275 1623 791 780 145 1760 1282 1461 1930 1165 1176 1591 1600 1905
1167 1702 2005 1868 1605 1897 1308 1199 538 1038 825 1580 1683 1544 1312 722 1937 1472 323 1667 1430 1845 684 1820 930 1456 872 736 744 1446 1859 2019 1130 1357 743 1413 1625 430 859 1476 1662 988 1113 667 777 1524 1290 1069 1658 1594 1814 1808 1425 636 1044 2056 1172 1323 1510 1522 1469 1788 1448 1856 323 728 773 1562 0 709 1510 994 1554 2038 942 800 1877 992 1659 1606 1359 1574 1766 1211 1849 1975 886 1374 1808 1066 1571 587 848 1255 1197 707 1069 695 170 1607
1744 2279 2581 2445 2181 2474 1885 1776 1115 1615 1402 2157 2259 2120 1888 1299 2513 2049 865 1721 2006 2421 449 2397 552 2033 886 1066 1320 2023 2436 2595 1706 1934 769 1990 2202 1005 1435 2052 2239 1565 1690 1244 1353 2100 1867 1477 2235 2171 2391 2385 2001 1212 1400 2633 1325 1899 2087 2099 2046 2364 2025 2433 900 772 1350 2139 709 0 2086 1571 2131 2615 829 1377 2453 1568 2235 2183 1413 2151 2343 1787 2425 2552 1120 1261 2385 1643 2147 686 1425 1831 1774 1284 1646 784 747 2184
1085 1977 985 1907 499 1936 906 1277 1195 1023 899 1423 577 745 1351 1223 1976 1973 1583 1935 296 1884 1755 1289 1684 280 1956 1218 1093 879 1807 865 1022 1356 1827 1543 2127 1301 1092 1235 1142 1082 1599 1147 1278 741 846 1220 1698 731 1854 1848 291 1074 1263 902 1422 266 447 1561 1418 1827 313 1155 1376 1811 1087 686 1510 2086 0 998 690 884 1410 895 1916 975 592 676 1667 685 1957 1288 1060 2015 1223 1831 654 910 689 1707 1024 1203 1672 906 918 1553 1547 1646
344 1415 1062 1345 1093 1374 363 676 572 69 304 1049 1171 601 789 549 1414 1299 1068 1838 918 1322 1500 933 1554 944 1440 1098 488 504 1336 1139 513 1411 1312 974 1452 786 325 1530 743 341 860 416 604 581 1293 1123 1136 652 1292 1286 913 387 1166 1115 1325 811 998 999 947 1265 937 914 860 1296 329 1256 994 1571 998 0 612 1449 1280 276 1354 234 1181 772 1570 1274 1395 688 906 1453 1102 1701 1283 942 1278 1192 257 732 941 326 245 1354 1032 1084
690 1589 728 1519 776 1548 296 889 1135 627 821 743 854 100 963 1060 1588 1810 1628 1980 502 1496 1800 609 1729 559 2000 1262 1005 234 1167 806 634 1553 1871 1155 1963 1346 796 1536 462 687 1270 942 1115 66 1158 1264 1310 40 1466 1460 498 951 1307 781 1466 616 583 1173 854 1439 521 580 1420 1856 813 964 1554 2131 690 612 0 1115 1454 884 1528 580 869 163 1712 962 1569 900 573 1627 1267 1875 919 1087 966 1751 753 815 1284 893 523 1597 1592 1258
1527 2426 513 2357 513 2386 1127 1726 1723 1464 1427 1194 557 1148 1801 1752 2425 2502 2112 2464 699 2333 2284 927 2213 719 2484 1746 1622 1026 1619 393 1471 1715 2356 1992 2655 1830 1620 1594 992 1524 2108 1675 1807 1060 1269 1748 2147 1111 2303 2297 694 1602 1791 430 1951 1019 815 2011 1306 2276 630 683 1904 2340 1616 1021 2038 2615 884 1449 1115 0 1939 1424 2365 1417 926 1102 2196 1020 2406 1738 588 2464 1751 2359 246 1572 1023 2236 1553 1473 2122 1435 1360 2081 2076 2096
1394 1988 1905 2154 1505 2183 1215 1485 824 1323 1105 1837 1583 1444 1598 1008 2222 1758 1137 917 1330 2130 449 1776 340 1357 1410 669 1019 1346 2116 1919 1331 1256 1293 1699 1911 855 1145 1374 1575 1274 1399 953 1063 1424 1191 720 1944 1495 2100 2094 1325 921 709 1957 521 1223 1410 1808 1727 2073 1349 1757 930 1296 1059 1463 942 829 1410 1280 1454 1939 0 1086 2162 1277 1559 1506 609 1475 2052 1496 1749 2261 456 559 1709 967 1471 1210 1134 1512 1483 993 1227 422 789 1893
485 1336 1335 1269 990 1298 639 600 381 337 260 982 1068 874 713 402 1338 1152 874 1689 815 1246 1306 1201 1360 842 1246 904 344 776 1260 1405 478 1309 1117 898 1305 592 249 1427 1010 306 752 301 457 854 1190 1020 1060 925 1216 1210 810 223 1055 1388 1194 708 896 923 871 1189 834 1186 666 1102 235 1154 800 1377 895 276 884 1424 1086 0 1278 309 1078 992 1381 1171 1319 612 1179 1377 908 1507 1194 844 1175 998 181 656 836 109 387 1233 838 1008
1190 1525 1979 1456 2011 1000 1288 1018 1434 1297 1485 1277 2089 1518 899 1365 1139 2096 1950 2750 1836 443 2382 1548 2437 1863 2323 1980 1497 1420 886 2056 1109 2323 2194 1190 2002 1668 1163 2442 1582 1162 1376 1241 1419 1498 2211 2034 849 1568 1402 1125 1831 1264 2078 2032 2237 1729 1916 1110 1187 1228 1855 1744 1742 2178 1160 2174 1877 2453 1916 1354 1528 2365 2162 1278 0 1215 2099 1688 2458 2192 1505 1018 1821 271 1985 2583 2199 1858 2196 2074 1147 1131 1390 1316 1292 2309 1914 1195
176 1276 1031 1206 1070 1235 340 498 556 165 517 876 1148 570 650 480 1275 1230 1065 1809 895 1183 1497 901 1552 922 1438 1091 537 472 1155 1108 279 1382 1309 833 1383 783 216 1501 700 107 770 362 535 550 1270 1094 996 620 1153 1146 890 371 1137 1083 1296 788 976 860 765 1126 914 882 858 1293 233 1233 992 1568 975 234 580 1417 1277 309 1215 0 1158 740 1541 1251 1256 509 875 1313 1096 1698 1251 917 1255 1189 174 550 845 349 78 1424 1030 945
1268 2160 1027 2090 493 2119 1089 1460 1378 1205 1082 1601 571 923 1534 1406 2159 2156 1732 1637 490 2067 1904 1418 1833 494 2105 1367 1276 1057 1990 907 1205 844 1976 1726 2310 1450 1275 723 1320 1265 1781 1330 1461 919 419 1000 1881 909 2037 2030 485 1257 1151 945 1198 683 611 1744 1601 2010 426 1197 1524 1960 1270 210 1659 2235 592 1181 869 926 1559 1078 2099 1158 0 855 1369 138 2140 1471 1102 2198 1372 1749 696 963 178 1856 1207 1386 1855 1089 1101 1692 1696 1829
850 1749 715 1680 762 1709 456 1049 1282 787 972 895 840 260 1123 1220 1748 1970 1680 2032 488 1656 1852 760 1781 545 2052 1314 1166 394 1320 792 794 1590 1923 1315 2123 1398 956 1522 614 847 1430 1102 1275 227 1144 1316 1470 157 1626 1620 483 1111 1359 768 1519 602 569 1334 1006 1599 507 634 1472 1908 973 949 1606 2183 676 772 163 1102 1506 992 1688 740 855 0 1764 948 1729 1061 559 1787 1319 1927 905 1140 952 1804 913 975 1444 1003 683 1649 1644 1419
