NAME: zurich_100_22
COMMENT: TSP instance with 100 nodes. City: Zurich, Switzerland, Seed: 64
TYPE: TSP
DIMENSION: 100
EDGE_WEIGHT_TYPE: EXPLICIT
EDGE_WEIGHT_FORMAT: FULL_MATRIX
NODE_COORD_SECTION:
1 47.2112616 8.7014533
2 47.3948487 8.5381248
3 47.1956832 8.718602
4 47.5114208 8.7045343
5 47.4739899 8.2963444
6 47.4982882 8.3951882
7 47.3854221 8.7545483
8 47.2971008 8.688252
9 47.4074197 8.7288207
10 47.2748104 8.6384863
11 47.5016703 8.7254552
12 47.5029622 8.7864535
13 47.3473972 8.606567
14 47.4457016 8.6530806
15 47.4314948 8.6866044
16 47.5216849 8.6903032
17 47.2391747 8.7871337
18 47.5151722 8.5251823
19 47.4760833 8.5644609
20 47.4187951 8.4159043
21 47.4326452 8.6721881
22 47.4279116 8.2961059
23 47.5026029 8.7860991
24 47.5025469 8.4949434
25 47.2688456 8.6794011
26 47.3153935 8.7956894
27 47.403467 8.5305653
28 47.3577467 8.4333085
29 47.300863 8.531009
30 47.4004304 8.43948
31 47.401945 8.4364502
32 47.3927951 8.3330929
33 47.3710922 8.5236873
34 47.2799524 8.4569851
35 47.3270168 8.6059255
36 47.2117365 8.6216867
37 47.331934 8.7738071
38 47.4105104 8.5325292
39 47.5164672 8.6875952
40 47.4970402 8.2787323
41 47.5028821 8.7669989
42 47.2864488 8.5756315
43 47.4549748 8.4398892
44 47.4844605 8.293023
45 47.2038152 8.5752902
46 47.3904541 8.7483675
47 47.3851363 8.7613927
48 47.3953874 8.4503401
49 47.2704389 8.6820761
50 47.539422 8.2839973
51 47.4184324 8.5362499
52 47.324225 8.6375323
53 47.5276601 8.6666087
54 47.3853856 8.7612605
55 47.2246386 8.6323251
56 47.4047131 8.447863
57 47.3290256 8.6247954
58 47.277304 8.41951
59 47.3633024 8.5481023
60 47.2768002 8.444161
61 47.5366676 8.7880639
62 47.3777027 8.5285264
63 47.3640873 8.79597
64 47.3692509 8.7122673
65 47.2387314 8.6558044
66 47.3355398 8.7611192
67 47.5368045 8.7343052
68 47.3619255 8.5710095
69 47.4043069 8.4938224
70 47.2845156 8.5346251
71 47.3934335 8.5392206
72 47.4014275 8.5519058
73 47.5205626 8.3294618
74 47.2486342 8.5283078
75 47.273414 8.4489601
76 47.3564396 8.5605042
77 47.3996015 8.4093063
78 47.2425632 8.7268461
79 47.3672594 8.5610683
80 47.3645922 8.5687667
81 47.3926286 8.6156791
82 47.412832 8.4653302
83 47.2020823 8.7906771
84 47.2216143 8.6745755
85 47.5226538 8.5385444
86 47.2666282 8.689026
87 47.4096717 8.5438878
88 47.2361671 8.6632492
89 47.3263453 8.7987514
90 47.2781143 8.4438075
91 47.3069375 8.523805
92 47.394719 8.4731529
93 47.2865249 8.4033086
94 47.2777569 8.7345522
95 47.3597539 8.7095158
96 47.4774143 8.3043125
97 47.3153921 8.5801863
98 47.2883526 8.6117386
99 47.5022922 8.72112
100 47.5140281 8.7189055
EDGE_WEIGHT_SECTION:
0 1266 233 2177 1963 2397 2184 2004 2084 2056 2155 2501 1551 2010 1885 2155 2594 1938 1808 1629 1903 2039 2495 2059 2288 2328 1353 1216 928 1430 1413 1778 988 1481 1641 543 2166 1409 2135 2218 2372 840 1962 2056 913 2143 2218 1500 2262 2643 1623 1757 2264 2220 381 1484 1666 1645 1153 1415 2381 1080 2307 1894 321 2234 2365 1317 1469 981 1244 1336 2382 1101 1405 1278 1457 2464 1219 1281 1702 1549 542 265 1990 2359 1403 267 2325 1419 826 1336 1622 2163 1959 1920 1558 1901 2115 2237
1266 0 1420 1024 1102 1196 1031 1111 931 1227 1002 1348 659 857 732 1002 1701 786 655 716 750 1345 1342 906 1401 1175 135 813 815 596 595 1402 317 1115 812 1147 1013 191 983 1358 1220 879 760 1196 1430 990 1065 607 1369 1783 404 864 1111 1067 1011 560 774 1278 324 1049 1228 223 1154 741 1175 1081 1212 403 362 906 44 155 1522 1295 1038 405 749 1571 311 365 549 561 1748 1229 837 1497 195 1184 1172 1053 714 459 1255 1270 806 1060 730 1072 963 1084
233 1420 0 2331 2116 2550 2338 2157 2238 2209 2309 2654 1705 2163 2039 2309 2747 2092 1961 1782 2057 2193 2649 2213 2441 2481 1507 1370 1081 1584 1567 1931 1142 1635 1795 697 2320 1563 2289 2372 2526 993 2115 2210 1067 2297 2372 1654 2416 2797 1776 1911 2418 2373 535 1638 1820 1799 1306 1569 2535 1234 2460 2048 530 2387 2518 1471 1623 1135 1398 1490 2536 1255 1559 1432 1610 2618 1373 1435 1856 1703 412 462 2144 2513 1556 476 2478 1573 979 1490 1776 2317 2113 2074 1712 2054 2269 2391
2177 1024 2331 0 1815 1809 884 1557 720 1891 176 598 1365 729 521 183 1983 1097 1028 1330 624 2058 592 1259 1847 1361 1030 1574 1726 1420 1413 2123 1231 2026 1607 2058 1200 1044 163 2070 470 1790 1381 1909 2342 837 912 1448 1815 2409 1091 1628 303 914 1922 1349 1537 2190 1241 1960 438 1145 1145 928 2087 1267 393 1317 1280 1817 1003 919 2148 2206 1949 1321 1478 1965 1228 1281 907 1385 2659 2140 983 1942 969 2095 1358 1964 1625 1377 2166 1655 992 1773 1647 1943 158 194
1963 1102 2116 1815 0 793 1822 2095 1722 2155 1793 2138 1643 1579 1523 1793 2587 1485 1354 713 1541 462 2133 1234 2384 1965 1100 911 1512 784 764 761 1082 1416 1741 1844 1804 1048 1773 420 2010 1575 764 259 2127 1781 1856 881 2354 857 1139 1848 1902 1858 1707 833 1758 1590 1252 1360 2019 1084 1945 1532 1872 1872 2002 1401 1034 1602 1104 1151 596 1731 1350 1376 744 2556 1303 1365 1347 981 2445 1926 1533 2459 1125 1881 1962 1364 1410 880 1567 2248 1597 122 1658 2000 1753 1875
2397 1196 2550 1809 793 0 1824 2129 1723 2382 1795 2140 1801 1497 1525 1788 2589 831 1103 1101 1543 1118 2134 568 2420 1967 1098 1346 1946 1192 1184 1417 1416 1850 1967 2278 1806 1042 1768 888 2012 2009 729 856 2561 1783 1857 1220 2388 695 1133 2019 1621 1859 2142 1121 1928 2024 1479 1794 2021 1365 1946 1534 2306 1873 1973 1551 988 2037 1199 1187 434 2166 1784 1559 1250 2571 1464 1513 1348 1131 2879 2360 868 2515 1119 2315 1964 1798 1844 1244 2001 2261 1598 751 1884 2227 1755 1876
2184 1031 2338 884 1822 1824 0 872 257 1207 862 1080 963 742 511 862 1247 1304 1173 1337 583 2065 1074 1424 1163 623 1037 1581 1733 1427 1419 2130 1238 2033 1193 2065 462 1051 843 2077 969 1797 1388 1916 2349 70 45 1455 1131 2423 1098 1045 971 47 1929 1356 1030 2197 1248 1967 1088 1152 271 301 2094 546 1072 1189 1287 1824 1010 926 2162 2213 1956 1304 1485 1295 1220 1202 788 1392 2666 2147 1355 1258 976 2102 601 1971 1632 1384 2173 985 370 1779 1386 1337 823 944
2004 1111 2157 1557 2095 2129 872 0 999 400 1535 1880 510 1369 1138 1535 733 1609 1478 1642 1210 2336 1874 1730 304 577 1210 1587 1553 1589 1588 2149 1066 1852 508 1884 722 1260 1515 2350 1752 1616 1694 2189 2168 884 912 1570 272 2729 1403 377 1644 914 1748 1553 345 2016 886 1786 1761 1074 945 645 1913 694 1744 815 1392 1643 1089 1176 2468 2032 1776 839 1742 474 843 829 859 1590 2486 1967 1661 399 1252 1922 692 1790 1451 1403 1993 343 594 2053 718 578 1495 1616
2084 931 2238 720 1722 1723 257 999 0 1333 698 997 989 578 347 698 1425 1204 1073 1236 419 1965 992 1324 1289 803 937 1480 1633 1327 1319 2030 1138 1933 1231 1965 642 951 679 1977 887 1696 1288 1816 2248 210 284 1355 1257 2323 998 1171 807 286 1829 1256 1156 2096 1148 1867 924 1051 517 355 1993 709 908 1215 1187 1724 910 826 2062 2113 1856 1228 1385 1407 1135 1188 778 1292 2566 2047 1255 1384 875 2002 800 1871 1532 1284 2073 1097 425 1679 1464 1463 659 780
2056 1227 2209 1891 2155 2382 1207 400 1333 0 1869 2215 722 1704 1472 1869 850 1897 1766 1862 1545 2388 2209 2018 307 912 1327 1639 1605 1649 1648 2201 1119 1905 721 1937 1056 1377 1850 2411 2087 1668 1946 2249 2220 1218 1246 1622 339 2836 1590 459 1978 1248 1801 1614 552 2068 934 1838 2095 1137 1280 980 1965 1029 2079 1016 1508 1695 1206 1293 2575 2084 1828 876 1802 609 1017 1025 1147 1669 2538 2019 1949 385 1368 1974 1026 1842 1503 1455 2045 611 929 2113 497 270 1829 1951
2155 1002 2309 176 1793 1795 862 1535 698 1869 0 432 1343 685 499 286 1961 1197 1132 1308 602 2036 426 1362 1825 1339 1008 1552 1705 1398 1391 2101 1209 2004 1585 2036 1178 1022 267 2049 304 1768 1360 1887 2320 815 890 1427 1793 2394 1069 1606 407 892 1900 1327 1516 2168 1219 1938 437 1123 1123 906 2065 1245 320 1295 1258 1795 981 898 2133 2184 1928 1300 1456 1943 1206 1259 885 1363 2637 2118 1087 1921 947 2073 1336 1942 1603 1355 2145 1634 971 1751 1625 1921 40 143
2501 1348 2654 598 2138 2140 1080 1880 997 2215 432 0 1688 1031 845 705 2307 1576 1481 1653 947 2382 6 1741 2171 1685 1354 1897 2050 1744 1736 2447 1554 2350 1930 2382 1523 1368 685 2394 128 2113 1705 2232 2665 1084 1108 1772 2139 2740 1415 1952 821 1110 2246 1673 1861 2513 1564 2283 407 1468 1340 1251 2410 1591 481 1640 1604 2140 1327 1243 2479 2529 2273 1645 1802 2289 1552 1605 1230 1709 2983 2464 1502 2266 1292 2419 1675 2287 1948 1700 2490 1979 1316 2096 1970 2266 445 527
1551 659 1705 1365 1643 1801 963 510 989 722 1343 1688 0 1152 920 1343 1100 1282 1151 1314 993 1884 1682 1402 801 904 758 1135 1101 1136 1136 1697 614 1400 242 1432 954 808 1323 1898 1560 1164 1366 1737 1716 922 997 1118 769 2323 1022 263 1451 999 1296 1101 173 1564 433 1334 1569 622 1094 682 1461 1021 1552 363 940 1191 637 724 2062 1580 1324 387 1290 971 391 377 531 1138 2034 1514 1333 896 799 1469 1019 1338 999 951 1541 669 746 1600 475 685 1303 1424
2010 857 2163 729 1579 1497 742 1369 578 1704 685 1031 1152 0 295 707 1796 823 672 1094 209 1823 1025 943 1660 1174 863 1338 1559 1184 1177 1888 1063 1831 1394 1890 1012 857 687 1835 903 1622 1146 1673 2174 695 770 1213 1628 2097 850 1415 815 772 1754 1113 1324 2004 1073 1774 933 977 1003 741 1919 1080 916 1151 1113 1649 836 752 1836 2038 1763 1154 1243 1778 1061 1116 723 1150 2492 1973 874 1755 792 1928 1171 1778 1457 1201 1980 1468 805 1537 1479 1730 646 771
1885 732 2039 521 1523 1525 511 1138 347 1472 499 845 920 295 0 499 1564 1005 874 1037 136 1766 839 1125 1429 942 738 1282 1434 1128 1120 1831 939 1734 1162 1766 781 752 480 1778 717 1498 1089 1617 2050 464 539 1156 1397 2124 799 1184 608 540 1630 1057 1093 1898 949 1668 726 853 771 509 1795 849 709 1025 988 1525 711 627 1863 1914 1657 1029 1186 1546 936 989 615 1093 2367 1848 1056 1524 677 1803 939 1672 1333 1085 1874 1237 574 1480 1355 1498 460 581
2155 1002 2309 183 1793 1788 862 1535 698 1869 286 705 1343 707 499 0 1961 1074 1037 1308 602 2037 699 1236 1825 1339 1008 1552 1705 1398 1391 2101 1209 2004 1585 2036 1178 1022 69 2049 581 1768 1360 1887 2320 815 890 1427 1793 2387 1069 1606 280 892 1900 1327 1516 2168 1219 1938 416 1123 1123 906 2065 1245 397 1295 1258 1795 981 898 2126 2184 1928 1300 1456 1943 1206 1259 885 1363 2638 2118 961 1921 947 2073 1336 1942 1603 1355 2145 1634 971 1751 1625 1921 269 282
2594 1701 2747 1983 2587 2589 1247 733 1425 850 1961 2307 1100 1796 1564 1961 0 2069 1939 2102 1637 2831 2301 2190 710 627 1789 2177 2143 2179 2174 2739 1656 2442 1098 2474 785 1817 1942 2843 2179 2206 2154 2681 2758 1313 1293 2160 726 3189 1864 967 2070 1295 2338 2121 935 2606 1476 2376 2187 1664 1210 1072 2503 905 2171 1405 1982 2233 1679 1692 2928 2622 2366 1429 2251 346 1433 1419 1475 2158 3076 2557 2121 722 1741 2511 742 2380 2041 1993 2583 525 1087 2545 1266 1044 1922 2043
1938 786 2092 1097 1485 831 1304 1609 1204 1897 1197 1576 1282 823 1005 1074 2069 0 428 1000 988 1729 1570 278 1900 1447 792 1244 1488 1090 1083 1794 992 1749 1491 1819 1286 763 1054 1624 1451 1551 832 1574 2103 1263 1337 1119 1868 1431 756 1539 905 1339 1683 1019 1449 1922 1002 1693 1314 906 1426 1014 1848 1353 1258 1082 1042 1578 765 681 1170 1967 1682 1083 1148 2051 989 1046 828 1056 2421 1902 165 1995 725 1856 1444 1696 1386 1107 1899 1742 1079 1443 1408 1750 1168 1180
1808 655 1961 1028 1354 1103 1173 1478 1073 1766 1132 1481 1151 672 874 1037 1939 428 0 869 837 1598 1476 549 1769 1317 661 1113 1357 960 952 1663 861 1618 1360 1689 1155 632 1017 1610 1353 1420 921 1448 1972 1132 1207 988 1737 1703 625 1409 867 1209 1553 888 1318 1792 871 1562 1277 775 1296 883 1717 1223 1220 951 911 1447 634 550 1442 1836 1551 952 1018 1921 859 915 698 925 2290 1771 425 1864 594 1726 1314 1566 1255 977 1768 1611 948 1312 1277 1620 1096 1142
1629 716 1782 1330 713 1101 1337 1642 1236 1862 1308 1653 1314 1094 1037 1308 2102 1000 869 0 1056 947 1647 936 1933 1480 618 577 1178 244 218 965 779 1082 1447 1510 1319 563 1288 969 1525 1241 666 807 1793 1296 1370 348 1901 1394 653 1539 1416 1372 1373 260 1448 1256 959 1026 1534 791 1459 1047 1538 1386 1517 1071 495 1268 719 705 1133 1398 1016 1073 267 2084 984 1033 861 296 2111 1592 1051 2028 640 1547 1477 1030 1076 437 1233 1774 1111 671 1365 1707 1268 1389
1903 750 2057 624 1541 1543 583 1210 419 1545 602 947 993 209 136 602 1637 988 837 1056 0 1785 942 1109 1501 1015 757 1300 1453 1146 1139 1850 957 1752 1235 1784 854 770 582 1797 819 1516 1108 1635 2068 537 611 1175 1469 2143 817 1256 711 613 1648 1075 1165 1916 967 1686 828 871 844 582 1813 921 811 1043 1007 1543 730 646 1881 1932 1676 1048 1204 1619 954 1007 623 1111 2386 1866 1039 1596 695 1821 1012 1690 1351 1103 1893 1309 646 1499 1373 1571 562 684
2039 1345 2193 2058 462 1118 2065 2336 1965 2388 2036 2382 1884 1823 1766 2037 2831 1729 1598 947 1785 0 2376 1483 2620 2209 1343 1050 1589 994 968 380 1315 1457 1973 1920 2048 1292 2017 765 2254 1652 1012 604 2204 2025 2099 1095 2594 1190 1382 2089 2145 2101 1784 1038 1999 1373 1485 1437 2263 1328 2188 1776 1949 2115 2246 1644 1278 1679 1348 1395 929 1808 1426 1610 915 2796 1547 1609 1590 1181 2522 2002 1780 2691 1369 1957 2206 1441 1487 1124 1220 2489 1840 467 1890 2233 1997 2118
2495 1342 2649 592 2133 2134 1074 1874 992 2209 426 6 1682 1025 839 699 2301 1570 1476 1647 942 2376 0 1735 2165 1679 1348 1891 2044 1738 1730 2441 1549 2344 1924 2376 1518 1362 679 2388 122 2107 1699 2226 2659 1078 1102 1766 2133 2734 1409 1946 815 1104 2240 1667 1855 2507 1559 2278 401 1462 1334 1246 2404 1585 475 1635 1598 2135 1321 1237 2473 2523 2267 1639 1796 2283 1546 1599 1225 1703 2977 2458 1496 2260 1286 2413 1669 2281 1942 1694 2484 1973 1310 2090 1964 2260 439 522
2059 906 2213 1259 1234 568 1424 1730 1324 2018 1362 1741 1402 943 1125 1236 2190 278 549 936 1109 1483 1735 0 2021 1568 910 1181 1609 1027 1019 1720 1113 1685 1611 1940 1407 871 1216 1360 1613 1672 568 1315 2224 1384 1458 1055 1989 1167 841 1660 1067 1460 1804 956 1569 1859 1123 1629 1476 1027 1547 1135 1969 1474 1420 1202 823 1699 885 802 906 2001 1619 1204 1085 2172 1110 1167 949 966 2541 2022 315 2116 840 1977 1565 1633 1507 1079 1836 1862 1199 1192 1529 1871 1339 1342
2288 1401 2441 1847 2384 2420 1163 304 1289 307 1825 2171 801 1660 1429 1825 710 1900 1769 1933 1501 2620 2165 2021 0 796 1501 1871 1837 1877 1877 2433 1351 2137 799 2169 922 1551 1806 2639 2043 1900 1985 2478 2452 1175 1203 1854 32 3019 1694 585 1934 1205 2033 1842 636 2300 1163 2070 2052 1363 1236 936 2197 889 2035 1106 1683 1927 1380 1467 2758 2316 2060 1108 2031 429 1134 1120 1150 1881 2770 2251 1951 95 1542 2206 911 2074 1735 1687 2277 449 885 2341 729 494 1786 1907
2328 1175 2481 1361 1965 1967 623 577 803 912 1339 1685 904 1174 942 1339 627 1447 1317 1480 1015 2209 1679 1568 796 0 1181 1724 1877 1571 1563 2274 1381 2177 903 2209 161 1195 1320 2221 1557 1940 1532 2059 2492 689 669 1599 764 2567 1242 771 1448 671 2073 1499 740 2340 1280 2110 1565 1295 586 450 2237 301 1549 1210 1431 1967 1154 1070 2306 2356 2100 1234 1629 784 1238 1224 948 1536 2810 2291 1499 850 1119 2246 118 2114 1775 1527 2317 474 514 1923 1112 1063 1300 1421
1353 135 1507 1030 1100 1098 1037 1210 937 1327 1008 1354 758 863 738 1008 1789 792 661 618 757 1343 1348 910 1501 1181 0 844 903 606 606 1408 369 1202 912 1234 1019 94 989 1355 1226 966 663 1193 1518 996 1071 618 1469 1697 306 964 1117 1073 1098 571 873 1366 423 1136 1235 304 1160 748 1263 1087 1218 496 373 993 144 161 1436 1382 1126 504 743 1671 409 458 555 572 1836 1317 843 1596 128 1271 1178 1140 801 469 1343 1370 812 1057 829 1172 969 1090
1216 813 1370 1574 911 1346 1581 1587 1480 1639 1552 1897 1135 1338 1282 1552 2177 1244 1113 577 1300 1050 1891 1181 1871 1724 844 0 766 379 362 790 561 641 1225 1097 1563 807 1532 1167 1769 829 910 1005 1381 1540 1614 444 1846 1592 897 1341 1660 1616 961 433 1250 834 736 604 1778 642 1703 1291 1126 1630 1761 901 790 856 808 883 1331 956 594 862 405 2048 803 865 1105 616 1699 1179 1295 1943 884 1134 1721 608 664 561 745 1747 1355 869 1142 1484 1512 1633
928 815 1081 1726 1512 1946 1733 1553 1633 1605 1705 2050 1101 1559 1434 1705 2143 1488 1357 1178 1453 1589 2044 1609 1837 1877 903 766 0 979 963 1327 538 896 1190 808 1716 959 1685 1768 1922 506 1511 1606 857 1693 1767 1050 1812 2193 1172 1307 1813 1769 672 1034 1216 1194 702 965 1931 630 1856 1444 837 1783 1914 867 1018 256 794 886 1932 714 944 828 1006 2014 769 831 1252 1099 1410 891 1539 1909 952 845 1874 969 134 885 1171 1713 1508 1470 1108 1450 1665 1786
1430 596 1584 1420 784 1192 1427 1589 1327 1649 1398 1744 1136 1184 1128 1398 2179 1090 960 244 1146 994 1738 1027 1877 1571 606 379 979 0 30 993 557 884 1234 1311 1409 653 1379 1039 1615 1043 757 878 1595 1386 1461 115 1847 1464 744 1342 1507 1463 1175 75 1251 1057 746 827 1624 578 1550 1137 1340 1477 1608 895 457 1070 598 645 1203 1199 817 870 176 2049 797 859 952 258 1912 1393 1142 1953 667 1348 1568 831 878 221 1034 1748 1202 741 1152 1494 1358 1480
1413 595 1567 1413 764 1184 1419 1588 1319 1648 1391 1736 1136 1177 1120 1391 2174 1083 952 218 1139 968 1730 1019 1877 1563 606 362 963 30 0 969 565 867 1233 1294 1402 646 1371 1019 1608 1026 749 857 1578 1379 1453 134 1846 1444 736 1341 1499 1455 1158 74 1251 1040 745 811 1617 577 1542 1130 1323 1469 1600 894 456 1053 597 644 1183 1182 800 869 159 2048 796 858 944 257 1895 1376 1134 1952 666 1331 1560 814 861 223 1017 1747 1194 721 1151 1493 1351 1472
1778 1402 1931 2123 761 1417 2130 2149 2030 2201 2101 2447 1697 1888 1831 2101 2739 1794 1663 965 1850 380 2441 1720 2433 2274 1408 790 1327 993 969 0 1134 1195 1786 1659 2112 1356 2082 1065 2319 1390 1256 903 1942 2089 2164 1085 2407 1490 1447 1902 2210 2166 1523 1039 1812 1111 1298 1175 2328 1225 2253 1841 1687 2180 2311 1462 1343 1417 1390 1457 1229 1547 1165 1423 888 2609 1365 1426 1655 1183 2260 1741 1845 2504 1433 1696 2271 1179 1225 1145 959 2308 1905 767 1703 2046 2062 2183
988 317 1142 1231 1082 1416 1238 1066 1138 1119 1209 1554 614 1063 939 1209 1656 992 861 779 957 1315 1549 1113 1351 1381 369 561 538 557 565 1134 0 837 704 869 1220 425 1189 1338 1426 601 981 1176 1153 1197 1272 519 1325 1763 639 820 1318 1274 733 530 729 1001 215 771 1435 115 1361 948 898 1288 1418 380 485 628 295 390 1502 1017 761 341 708 1527 282 344 756 565 1471 952 1044 1422 429 906 1378 775 436 352 978 1226 1013 1040 621 964 1169 1291
1481 1115 1635 2026 1416 1850 2033 1852 1933 1905 2004 2350 1400 1831 1734 2004 2442 1749 1618 1082 1752 1457 2344 1685 2137 2177 1202 641 896 884 867 1195 837 0 1490 1076 2015 1258 1984 1672 2221 1094 1415 1510 976 1992 2067 974 2111 2097 1402 1606 2113 2069 1204 938 1515 426 1001 146 2230 929 2156 1743 1391 2083 2214 1166 1302 755 1093 1185 1836 502 112 1127 910 2313 1068 1130 1551 1121 1964 1416 1800 2208 1252 1399 2174 154 768 1066 367 2012 1808 1374 1407 1750 1964 2086
1641 812 1795 1607 1741 1967 1193 508 1231 721 1585 1930 242 1394 1162 1585 1098 1491 1360 1447 1235 1973 1924 1611 799 903 912 1225 1190 1234 1233 1786 704 1490 0 1522 1047 962 1565 1996 1802 1253 1532 1834 1805 1164 1233 1207 767 2421 1175 262 1693 1235 1386 1199 171 1653 519 1424 1811 722 1266 924 1550 1020 1794 527 1094 1281 791 878 2160 1670 1413 461 1388 969 555 541 773 1254 2123 1604 1542 894 954 1559 1017 1427 1088 1040 1630 668 915 1698 286 629 1545 1666
543 1147 697 2058 1844 2278 2065 1884 1965 1937 2036 2382 1432 1890 1766 2036 2474 1819 1689 1510 1784 1920 2376 1940 2169 2209 1234 1097 808 1311 1294 1659 869 1076 1522 0 2047 1290 2016 2099 2253 714 1842 1937 436 2024 2099 1381 2143 2524 1504 1638 2145 2101 187 1365 1547 1388 1033 1134 2262 961 2188 1775 436 2115 2246 1198 1350 862 1125 1217 2263 624 1055 1159 1338 2345 1100 1162 1583 1430 1026 380 1871 2240 1284 445 2206 1141 707 1217 1365 2044 1840 1801 1439 1782 1996 2118
2166 1013 2320 1200 1804 1806 462 722 642 1056 1178 1523 954 1012 781 1178 785 1286 1155 1319 854 2048 1518 1407 922 161 1019 1563 1716 1409 1402 2112 1220 2015 1047 2047 0 1033 1158 2060 1395 1779 1371 1898 2331 528 507 1438 890 2405 1080 905 1287 509 1911 1338 884 2179 1230 1949 1404 1134 425 289 2076 140 1387 1179 1269 1806 992 909 2144 2195 1939 1288 1467 922 1204 1192 787 1374 2649 2129 1337 988 958 2084 158 1953 1614 1366 2156 612 353 1762 1247 1198 1138 1260
1409 191 1563 1044 1048 1042 1051 1260 951 1377 1022 1368 808 857 752 1022 1817 763 632 563 770 1292 1362 871 1551 1195 94 807 959 653 646 1356 425 1258 962 1290 1033 0 1003 1304 1240 1022 607 1142 1574 1010 1085 674 1519 1642 251 1014 1131 1087 1154 582 923 1422 474 1192 1248 360 1174 761 1319 1101 1232 546 335 1049 194 207 1381 1438 1182 554 711 1721 459 508 564 541 1892 1372 814 1646 77 1327 1192 1196 857 525 1399 1420 826 1006 879 1222 983 1104
2135 983 2289 163 1773 1768 843 1515 679 1850 267 685 1323 687 480 69 1942 1054 1017 1288 582 2017 679 1216 1806 1320 989 1532 1685 1379 1371 2082 1189 1984 1565 2016 1158 1003 0 2029 561 1748 1340 1867 2300 796 870 1407 1774 2367 1049 1586 261 872 1880 1307 1496 2148 1199 1918 396 1103 1103 886 2045 1226 378 1275 1239 1775 962 878 2106 2164 1908 1280 1437 1924 1186 1239 865 1344 2618 2099 941 1901 927 2053 1317 1922 1583 1335 2125 1614 951 1731 1605 1901 249 262
2218 1358 2372 2070 420 888 2077 2350 1977 2411 2049 2394 1898 1835 1778 2049 2843 1624 1610 969 1797 765 2388 1360 2639 2221 1355 1167 1768 1039 1019 1065 1338 1672 1996 2099 2060 1304 2029 0 2266 1831 1019 360 2383 2037 2111 1137 2609 849 1394 2104 2157 2113 1963 1089 2013 1845 1508 1616 2275 1340 2200 1788 2128 2127 2258 1657 1290 1858 1360 1407 588 1987 1605 1631 1000 2811 1559 1621 1602 1236 2700 2181 1661 2715 1381 2136 2218 1619 1666 1136 1822 2504 1852 298 1914 2256 2009 2130
2372 1220 2526 470 2010 2012 969 1752 887 2087 304 128 1560 903 717 581 2179 1451 1353 1525 819 2254 122 1613 2043 1557 1226 1769 1922 1615 1608 2319 1426 2221 1802 2253 1395 1240 561 2266 0 1985 1577 2104 2537 973 997 1644 2011 2612 1286 1823 700 999 2117 1544 1733 2385 1436 2155 347 1340 1229 1123 2282 1463 353 1512 1476 2012 1199 1115 2351 2401 2145 1517 1674 2161 1423 1476 1102 1581 2855 2336 1381 2138 1164 2290 1554 2159 1820 1572 2362 1851 1188 1968 1842 2138 317 399
840 879 993 1790 1575 2009 1797 1616 1696 1668 1768 2113 1164 1622 1498 1768 2206 1551 1420 1241 1516 1652 2107 1672 1900 1940 966 829 506 1043 1026 1390 601 1094 1253 714 1779 1022 1748 1831 1985 0 1574 1669 965 1756 1830 1113 1875 2256 1235 1370 1876 1832 585 1097 1279 1258 765 1028 1994 693 1919 1507 627 1846 1977 930 1082 417 857 949 1995 876 1017 891 1069 2077 832 894 1315 1162 1322 782 1603 1972 1015 626 1937 1032 428 949 1234 1776 1571 1533 1171 1513 1728 1849
1962 760 2115 1381 764 729 1388 1694 1288 1946 1360 1705 1366 1146 1089 1360 2154 832 921 666 1108 1012 1699 568 1985 1532 663 910 1511 757 749 1256 981 1415 1532 1842 1371 607 1340 1019 1577 1574 0 858 2126 1348 1422 785 1953 1329 698 1584 1468 1424 1706 686 1493 1589 1043 1359 1586 929 1511 1099 1871 1438 1569 1116 553 1601 764 752 1068 1730 1349 1124 815 2136 1029 1077 913 696 2444 1925 869 2080 684 1880 1529 1363 1409 808 1566 1826 1163 721 1449 1791 1320 1441
2056 1196 2210 1909 259 856 1916 2189 1816 2249 1887 2232 1737 1673 1617 1887 2681 1574 1448 807 1635 604 2226 1315 2478 2059 1193 1005 1606 878 857 903 1176 1510 1834 1937 1898 1142 1867 360 2104 1669 858 0 2221 1875 1949 975 2447 818 1232 1942 1996 1951 1801 927 1852 1684 1346 1454 2113 1178 2038 1626 1966 1965 2096 1495 1128 1696 1198 1245 557 1825 1443 1470 838 2649 1397 1459 1440 1075 2539 2020 1615 2553 1219 1974 2056 1458 1504 974 1660 2342 1691 136 1752 2094 1847 1968
913 1430 1067 2342 2127 2561 2349 2168 2248 2220 2320 2665 1716 2174 2050 2320 2758 2103 1972 1793 2068 2204 2659 2224 2452 2492 1518 1381 857 1595 1578 1942 1153 976 1805 436 2331 1574 2300 2383 2537 965 2126 2221 0 2308 2382 1665 2427 2808 1787 1922 2428 2384 577 1649 1831 1287 1317 1034 2546 1245 2471 2059 804 2398 2529 1482 1633 768 1409 1501 2547 523 954 1443 1621 2629 1384 1446 1867 1714 1395 776 2155 2524 1567 812 2489 1040 826 1501 1264 2328 2123 2085 1723 2065 2280 2401
2143 990 2297 837 1781 1783 70 884 210 1218 815 1084 922 695 464 815 1313 1263 1132 1296 537 2025 1078 1384 1175 689 996 1540 1693 1386 1379 2089 1197 1992 1164 2024 528 1010 796 2037 973 1756 1348 1875 2308 0 98 1415 1143 2382 1057 1056 924 100 1888 1315 1042 2156 1207 1926 1042 1111 331 287 2053 603 1025 1148 1246 1783 969 886 2121 2172 1916 1263 1444 1307 1179 1161 747 1351 2626 2106 1314 1270 935 2061 671 1930 1591 1343 2133 997 356 1739 1396 1349 776 897
2218 1065 2372 912 1856 1857 45 912 284 1246 890 1108 997 770 539 890 1293 1337 1207 1370 611 2099 1102 1458 1203 669 1071 1614 1767 1461 1453 2164 1272 2067 1233 2099 507 1085 870 2111 997 1830 1422 1949 2382 98 0 1489 1171 2457 1132 1084 999 17 1963 1390 1070 2230 1282 2001 1116 1185 306 340 2127 591 1100 1222 1321 1858 1044 960 2196 2246 1990 1337 1519 1335 1254 1235 822 1426 2700 2181 1389 1298 1009 2136 646 2004 1665 1417 2207 1025 410 1813 1426 1377 850 972
1500 607 1654 1448 881 1220 1455 1570 1355 1622 1427 1772 1118 1213 1156 1427 2160 1119 988 348 1175 1095 1766 1055 1854 1599 618 444 1050 115 134 1085 519 974 1207 1381 1438 674 1407 1137 1644 1113 785 975 1665 1415 1489 0 1829 1562 772 1323 1535 1491 1245 100 1233 1148 719 918 1653 564 1578 1166 1410 1505 1636 879 482 1140 609 656 1301 1282 907 845 267 2031 781 843 980 282 1983 1463 1170 1926 678 1418 1596 922 948 183 1124 1730 1230 839 1125 1467 1387 1508
2262 1369 2416 1815 2354 2388 1131 272 1257 339 1793 2139 769 1628 1397 1793 726 1868 1737 1901 1469 2594 2133 1989 32 764 1469 1846 1812 1847 1846 2407 1325 2111 767 2143 890 1519 1774 2609 2011 1875 1953 2447 2427 1143 1171 1829 0 2987 1662 617 1902 1173 2007 1812 604 2275 1144 2045 2020 1333 1204 904 2172 857 2003 1074 1651 1902 1348 1435 2726 2291 2035 1098 2001 461 1102 1088 1118 1849 2745 2225 1919 127 1510 2180 879 2049 1710 1662 2252 417 853 2311 761 526 1754 1875
2643 1783 2797 2409 857 695 2423 2729 2323 2836 2394 2740 2323 2097 2124 2387 3189 1431 1703 1394 2143 1190 2734 1167 3019 2567 1697 1592 2193 1464 1444 1490 1763 2097 2421 2524 2405 1642 2367 849 2612 2256 1329 818 2808 2382 2457 1562 2987 0 1732 2529 2220 2459 2388 1514 2438 2270 1933 2041 2621 1765 2546 2133 2553 2473 2573 2082 1587 2283 1785 1786 261 2412 2030 2057 1425 3171 1984 2046 1948 1662 3126 2606 1468 3114 1719 2561 2564 2044 2091 1561 2247 2861 2198 755 2339 2681 2355 2476
1623 404 1776 1091 1139 1133 1098 1403 998 1590 1069 1415 1022 850 799 1069 1864 756 625 653 817 1382 1409 841 1694 1242 306 897 1172 744 736 1447 639 1402 1175 1504 1080 251 1049 1394 1286 1235 698 1232 1787 1057 1132 772 1662 1732 0 1227 1178 1134 1368 673 1137 1576 687 1346 1295 573 1221 808 1532 1148 1279 760 425 1262 407 400 1471 1651 1336 768 802 1846 672 721 623 631 2105 1586 807 1789 318 1541 1239 1350 1070 731 1553 1536 873 1096 1093 1435 1029 1151
1757 864 1911 1628 1848 2019 1045 377 1171 459 1606 1952 263 1415 1184 1606 967 1539 1409 1539 1256 2089 1946 1660 585 771 964 1341 1307 1342 1341 1902 820 1606 262 1638 905 1014 1586 2104 1823 1370 1584 1942 1922 1056 1084 1323 617 2529 1227 0 1715 1086 1502 1307 93 1770 639 1540 1832 828 1118 818 1667 888 1816 569 1146 1397 843 930 2268 1786 1529 593 1495 837 597 583 795 1344 2239 1720 1591 665 1005 1675 886 1544 1205 1157 1746 536 767 1806 405 421 1566 1688
2264 1111 2418 303 1902 1621 971 1644 807 1978 407 821 1451 815 608 280 2070 905 867 1416 711 2145 815 1067 1934 1448 1117 1660 1813 1507 1499 2210 1318 2113 1693 2145 1287 1131 261 2157 700 1876 1468 1996 2428 924 999 1535 1902 2220 1178 1715 0 1001 2009 1436 1624 2276 1328 2047 520 1231 1231 1015 2173 1354 353 1404 1367 1904 1090 1006 1959 2293 2036 1408 1565 2052 1315 1368 994 1472 2746 2227 791 2029 1055 2182 1445 2051 1712 1464 2253 1742 1079 1859 1733 2029 389 386
2220 1067 2373 914 1858 1859 47 914 286 1248 892 1110 999 772 540 892 1295 1339 1209 1372 613 2101 1104 1460 1205 671 1073 1616 1769 1463 1455 2166 1274 2069 1235 2101 509 1087 872 2113 999 1832 1424 1951 2384 100 17 1491 1173 2459 1134 1086 1001 0 1965 1392 1072 2232 1284 2003 1118 1187 308 342 2129 593 1102 1224 1323 1860 1046 962 2198 2248 1992 1339 1521 1337 1256 1237 824 1428 2702 2183 1391 1300 1011 2138 648 2006 1667 1419 2209 1027 412 1815 1428 1379 852 974
381 1011 535 1922 1707 2142 1929 1748 1829 1801 1900 2246 1296 1754 1630 1900 2338 1683 1553 1373 1648 1784 2240 1804 2033 2073 1098 961 672 1175 1158 1523 733 1204 1386 187 1911 1154 1880 1963 2117 585 1706 1801 577 1888 1963 1245 2007 2388 1368 1502 2009 1965 0 1229 1411 1390 897 1160 2126 825 2052 1639 272 1979 2110 1062 1214 726 989 1081 2127 765 1150 1023 1202 2209 964 1026 1447 1294 863 303 1735 2104 1148 280 2070 1164 571 1081 1367 1908 1704 1665 1303 1646 1860 1982
1484 560 1638 1349 833 1121 1356 1553 1256 1614 1327 1673 1101 1113 1057 1327 2121 1019 888 260 1075 1038 1667 956 1842 1499 571 433 1034 75 74 1039 530 938 1199 1365 1338 582 1307 1089 1544 1097 686 927 1649 1315 1390 100 1812 1514 673 1307 1436 1392 1229 0 1216 1111 711 882 1553 543 1479 1066 1394 1406 1537 860 382 1124 562 610 1253 1253 871 834 230 2014 762 824 881 183 1966 1447 1071 1917 631 1402 1497 885 932 188 1088 1713 1131 791 1116 1459 1287 1409
1666 774 1820 1537 1758 1928 1030 345 1156 552 1516 1861 173 1324 1093 1516 935 1449 1318 1448 1165 1999 1855 1569 636 740 873 1250 1216 1251 1251 1812 729 1515 171 1547 884 923 1496 2013 1733 1279 1493 1852 1831 1042 1070 1233 604 2438 1137 93 1624 1072 1411 1216 0 1679 548 1449 1742 737 1103 803 1576 857 1725 478 1055 1306 752 839 2177 1695 1439 502 1405 806 506 492 704 1253 2149 1630 1500 731 915 1584 854 1453 1114 1066 1656 505 752 1715 406 514 1476 1597
1645 1278 1799 2190 1590 2024 2197 2016 2096 2068 2168 2513 1564 2004 1898 2168 2606 1922 1792 1256 1916 1373 2507 1859 2300 2340 1366 834 1194 1057 1040 1111 1001 426 1653 1388 2179 1422 2148 1845 2385 1258 1589 1684 1287 2156 2230 1148 2275 2270 1576 1770 2276 2232 1390 1111 1679 0 1165 433 2394 1093 2319 1907 1555 2246 2377 1330 1475 1122 1257 1349 2009 865 423 1291 1084 2477 1232 1294 1715 1294 2127 1608 1974 2372 1415 1563 2337 437 1093 1239 227 2176 1971 1547 1571 1913 2128 2249
1153 324 1306 1241 1252 1479 1248 886 1148 934 1219 1564 433 1073 949 1219 1476 1002 871 959 967 1485 1559 1123 1163 1280 423 736 702 746 745 1298 215 1001 519 1033 1230 474 1199 1508 1436 765 1043 1346 1317 1207 1282 719 1144 1933 687 639 1328 1284 897 711 548 1165 0 935 1445 234 1371 958 1062 1298 1428 211 605 792 302 390 1672 1181 925 151 899 1346 120 182 668 765 1635 1116 1054 1238 465 1071 1387 939 600 552 1142 1045 1023 1210 437 779 1179 1301
1415 1049 1569 1960 1360 1794 1967 1786 1867 1838 1938 2283 1334 1774 1668 1938 2376 1693 1562 1026 1686 1437 2278 1629 2070 2110 1136 604 965 827 811 1175 771 146 1424 1134 1949 1192 1918 1616 2155 1028 1359 1454 1034 1926 2001 918 2045 2041 1346 1540 2047 2003 1160 882 1449 433 935 0 2164 863 2090 1677 1325 2017 2147 1100 1245 833 1027 1119 1780 576 101 1061 854 2247 1002 1064 1485 1064 1898 1378 1744 2142 1185 1333 2107 29 851 1010 392 1946 1742 1318 1341 1683 1898 2020
2381 1228 2535 438 2019 2021 1088 1761 924 2095 437 407 1569 933 726 416 2187 1314 1277 1534 828 2263 401 1476 2052 1565 1235 1778 1931 1624 1617 2328 1435 2230 1811 2262 1404 1248 396 2275 347 1994 1586 2113 2546 1042 1116 1653 2020 2621 1295 1832 520 1118 2126 1553 1742 2394 1445 2164 0 1349 1349 1132 2291 1472 319 1521 1485 2021 1208 1124 2359 2410 2154 1526 1682 2169 1432 1485 1111 1589 2864 2344 1201 2147 1173 2299 1563 2168 1829 1581 2371 1860 1197 1977 1851 2147 420 330
1080 223 1234 1145 1084 1365 1152 1074 1051 1137 1123 1468 622 977 853 1123 1664 906 775 791 871 1328 1462 1027 1363 1295 304 642 630 578 577 1225 115 929 722 961 1134 360 1103 1340 1340 693 929 1178 1245 1111 1185 564 1333 1765 573 828 1231 1187 825 543 737 1093 234 863 1349 0 1274 862 990 1201 1332 373 439 720 201 300 1504 1109 853 355 731 1535 276 338 670 610 1562 1043 957 1440 362 998 1292 867 528 397 1070 1234 926 1042 639 982 1083 1204
2307 1154 2460 1145 1945 1946 271 945 517 1280 1123 1340 1094 1003 771 1123 1210 1426 1296 1459 844 2188 1334 1547 1236 586 1160 1703 1856 1550 1542 2253 1361 2156 1266 2188 425 1174 1103 2200 1229 1919 1511 2038 2471 331 306 1578 1204 2546 1221 1118 1231 308 2052 1479 1103 2319 1371 2090 1349 1274 0 429 2216 509 1332 1320 1410 1947 1133 1049 2285 2335 2079 1428 1608 1320 1345 1333 927 1515 2789 2270 1478 1331 1098 2225 564 2093 1754 1506 2296 1010 493 1902 1459 1410 1083 1204
1894 741 2048 928 1532 1534 301 645 355 980 906 1251 682 741 509 906 1072 1014 883 1047 582 1776 1246 1135 936 450 748 1291 1444 1137 1130 1841 948 1743 924 1775 289 761 886 1788 1123 1507 1099 1626 2059 287 340 1166 904 2133 808 818 1015 342 1639 1066 803 1907 958 1677 1132 862 429 0 1804 356 1115 907 998 1534 720 637 1872 1923 1667 1016 1195 1054 932 920 515 1102 2377 1857 1066 1031 686 1812 447 1681 1342 1094 1884 744 71 1490 1156 1110 866 988
321 1175 530 2087 1872 2306 2094 1913 1993 1965 2065 2410 1461 1919 1795 2065 2503 1848 1717 1538 1813 1949 2404 1969 2197 2237 1263 1126 837 1340 1323 1687 898 1391 1550 436 2076 1319 2045 2128 2282 627 1871 1966 804 2053 2127 1410 2172 2553 1532 1667 2173 2129 272 1394 1576 1555 1062 1325 2291 990 2216 1804 0 2143 2274 1227 1378 891 1154 1246 2292 992 1314 1188 1366 2374 1129 1191 1612 1459 837 212 1899 2269 1312 55 2234 1329 735 1245 1531 2073 1868 1830 1468 1810 2025 2146
2234 1081 2387 1267 1872 1873 546 694 709 1029 1245 1591 1021 1080 849 1245 905 1353 1223 1386 921 2115 1585 1474 889 301 1087 1630 1783 1477 1469 2180 1288 2083 1020 2115 140 1101 1226 2127 1463 1846 1438 1965 2398 603 591 1505 857 2473 1148 888 1354 593 1979 1406 857 2246 1298 2017 1472 1201 509 356 2143 0 1455 1247 1337 1874 1060 976 2212 2262 2006 1350 1535 918 1272 1260 854 1442 2716 2197 1405 983 1025 2152 298 2020 1681 1433 2223 608 420 1829 1230 1181 1206 1327
2365 1212 2518 393 2002 1973 1072 1744 908 2079 320 481 1552 916 709 397 2171 1258 1220 1517 811 2246 475 1420 2035 1549 1218 1761 1914 1608 1600 2311 1418 2214 1794 2246 1387 1232 378 2258 353 1977 1569 2096 2529 1025 1100 1636 2003 2573 1279 1816 353 1102 2110 1537 1725 2377 1428 2147 319 1332 1332 1115 2274 1455 0 1504 1468 2004 1191 1107 2312 2393 2137 1509 1666 2153 1416 1469 1094 1573 2847 2328 1144 2130 1156 2283 1546 2151 1812 1564 2354 1843 1180 1960 1834 2130 303 213
1317 403 1471 1317 1401 1551 1189 815 1215 1016 1295 1640 363 1151 1025 1295 1405 1082 951 1071 1043 1644 1635 1202 1106 1210 496 901 867 895 894 1462 380 1166 527 1198 1179 546 1275 1657 1512 930 1116 1495 1482 1148 1222 879 1074 2082 760 569 1404 1224 1062 860 478 1330 211 1100 1521 373 1320 907 1227 1247 1504 0 690 957 382 440 1821 1346 1089 185 1048 1276 98 47 609 889 1799 1280 1133 1201 528 1235 1324 1104 765 712 1307 975 972 1359 518 861 1255 1376
1469 362 1623 1280 1034 988 1287 1392 1187 1508 1258 1604 940 1113 988 1258 1982 1042 911 495 1007 1278 1598 823 1683 1431 373 790 1018 457 456 1343 485 1302 1094 1350 1269 335 1239 1290 1476 1082 553 1128 1633 1246 1321 482 1651 1587 425 1146 1367 1323 1214 382 1055 1475 605 1245 1485 439 1410 998 1378 1337 1468 690 0 1109 364 412 1326 1498 1235 686 612 1853 592 654 805 265 1951 1432 1093 1778 412 1387 1428 1249 917 373 1452 1552 1062 992 1011 1353 1219 1340
981 906 1135 1817 1602 2037 1824 1643 1724 1695 1795 2140 1191 1649 1525 1795 2233 1578 1447 1268 1543 1679 2135 1699 1927 1967 993 856 256 1070 1053 1417 628 755 1281 862 1806 1049 1775 1858 2012 417 1601 1696 768 1783 1858 1140 1902 2283 1262 1397 1904 1860 726 1124 1306 1122 792 833 2021 720 1947 1534 891 1874 2004 957 1109 0 884 976 2022 506 749 918 1096 2104 859 921 1342 1189 1463 944 1630 1999 1042 899 1964 846 198 976 1062 1803 1599 1560 1198 1540 1755 1877
1244 44 1398 1003 1104 1199 1010 1089 910 1206 981 1327 637 836 711 981 1679 765 634 719 730 1348 1321 885 1380 1154 144 808 794 598 597 1390 295 1093 791 1125 992 194 962 1360 1199 857 764 1198 1409 969 1044 609 1348 1785 407 843 1090 1046 989 562 752 1257 302 1027 1208 201 1133 720 1154 1060 1191 382 364 884 0 134 1524 1273 1017 383 751 1550 290 343 528 563 1727 1208 816 1475 193 1162 1151 1031 692 461 1234 1249 785 1062 708 1051 942 1063
1336 155 1490 919 1151 1187 926 1176 826 1293 898 1243 724 752 627 898 1692 681 550 705 646 1395 1237 802 1467 1070 161 883 886 645 644 1457 390 1185 878 1217 909 207 878 1407 1115 949 752 1245 1501 886 960 656 1435 1786 400 930 1006 962 1081 610 839 1349 390 1119 1124 300 1049 637 1246 976 1107 440 412 976 134 0 1525 1365 1109 470 798 1628 365 401 448 610 1819 1299 732 1562 145 1254 1067 1123 784 508 1326 1320 701 1109 796 1138 858 979
2382 1522 2536 2148 596 434 2162 2468 2062 2575 2133 2479 2062 1836 1863 2126 2928 1170 1442 1133 1881 929 2473 906 2758 2306 1436 1331 1932 1203 1183 1229 1502 1836 2160 2263 2144 1381 2106 588 2351 1995 1068 557 2547 2121 2196 1301 2726 261 1471 2268 1959 2198 2127 1253 2177 2009 1672 1780 2359 1504 2285 1872 2292 2212 2312 1821 1326 2022 1524 1525 0 2151 1769 1795 1164 2910 1723 1785 1687 1400 2864 2345 1207 2853 1458 2300 2303 1783 1830 1300 1986 2600 1937 494 2078 2420 2094 2215
1101 1295 1255 2206 1731 2166 2213 2032 2113 2084 2184 2529 1580 2038 1914 2184 2622 1967 1836 1398 1932 1808 2523 2001 2316 2356 1382 956 714 1199 1182 1547 1017 502 1670 624 2195 1438 2164 1987 2401 876 1730 1825 523 2172 2246 1282 2291 2412 1651 1786 2293 2248 765 1253 1695 865 1181 576 2410 1109 2335 1923 992 2262 2393 1346 1498 506 1273 1365 2151 0 492 1307 1226 2493 1248 1310 1731 1436 1583 964 2019 2388 1431 1000 2353 589 586 1331 805 2192 1988 1689 1587 1929 2144 2265
1405 1038 1559 1949 1350 1784 1956 1776 1856 1828 1928 2273 1324 1763 1657 1928 2366 1682 1551 1016 1676 1426 2267 1619 2060 2100 1126 594 944 817 800 1165 761 112 1413 1055 1939 1182 1908 1605 2145 1017 1349 1443 954 1916 1990 907 2035 2030 1336 1529 2036 1992 1150 871 1439 423 925 101 2154 853 2079 1667 1314 2006 2137 1089 1235 749 1017 1109 1769 492 0 1051 844 2237 992 1054 1475 1054 1887 1368 1734 2132 1175 1323 2097 115 826 999 382 1936 1731 1307 1331 1673 1888 2009
1278 405 1432 1321 1376 1559 1304 839 1228 876 1300 1645 387 1154 1029 1300 1429 1083 952 1073 1048 1610 1639 1204 1108 1234 504 862 828 870 869 1423 341 1127 461 1159 1288 554 1280 1631 1517 891 1124 1470 1443 1263 1337 845 1098 2057 768 593 1408 1339 1023 834 502 1291 151 1061 1526 355 1428 1016 1188 1350 1509 185 686 918 383 470 1795 1307 1051 0 1023 1300 173 182 724 883 1761 1241 1134 1179 545 1196 1349 1065 726 678 1268 999 1080 1334 378 721 1260 1381
1457 749 1610 1478 744 1250 1485 1742 1385 1802 1456 1802 1290 1243 1186 1456 2251 1148 1018 267 1204 915 1796 1085 2031 1629 743 405 1006 176 159 888 708 910 1388 1338 1467 711 1437 1000 1674 1069 815 838 1621 1444 1519 267 2001 1425 802 1495 1565 1521 1202 230 1405 1084 899 854 1682 731 1608 1195 1366 1535 1666 1048 612 1096 751 798 1164 1226 844 1023 0 2199 950 1012 1010 413 1939 1420 1200 2106 780 1375 1626 858 904 372 1061 1892 1260 702 1305 1647 1417 1538
2464 1571 2618 1965 2556 2571 1295 474 1407 609 1943 2289 971 1778 1546 1943 346 2051 1921 2084 1619 2796 2283 2172 429 784 1671 2048 2014 2049 2048 2609 1527 2313 969 2345 922 1721 1924 2811 2161 2077 2136 2649 2629 1307 1335 2031 461 3171 1846 837 2052 1337 2209 2014 806 2477 1346 2247 2169 1535 1320 1054 2374 918 2153 1276 1853 2104 1550 1628 2910 2493 2237 1300 2199 0 1304 1290 1320 2051 2947 2427 2103 422 1712 2382 898 2251 1912 1864 2454 418 1048 2513 1025 803 1904 2025
1219 311 1373 1228 1303 1464 1220 843 1135 1017 1206 1552 391 1061 936 1206 1433 989 859 984 954 1547 1546 1110 1134 1238 409 803 769 797 796 1365 282 1068 555 1100 1204 459 1186 1559 1423 832 1029 1397 1384 1179 1254 781 1102 1984 672 597 1315 1256 964 762 506 1232 120 1002 1432 276 1345 932 1129 1272 1416 98 592 859 290 365 1723 1248 992 173 950 1304 0 62 567 791 1702 1182 1041 1229 441 1137 1352 1006 667 614 1209 1003 997 1261 519 862 1166 1288
