NAME: zurich_100_2
COMMENT: TSP instance with 100 nodes. City: Zurich, Switzerland, Seed: 44
TYPE: TSP
DIMENSION: 100
EDGE_WEIGHT_TYPE: EXPLICIT
EDGE_WEIGHT_FORMAT: FULL_MATRIX
NODE_COORD_SECTION:
1 47.2679766 8.3075424
2 47.2162172 8.5736908
3 47.254448 8.7952841
4 47.2018614 8.7923198
5 47.5215311 8.3301689
6 47.3211049 8.3808532
7 47.2706706 8.716597
8 47.3321278 8.7127347
9 47.2162755 8.5738842
10 47.5118199 8.6951648
11 47.5492204 8.5708545
12 47.3319781 8.638787
13 47.5334127 8.5852677
14 47.3944721 8.5266539
15 47.4778326 8.3104862
16 47.3342684 8.61177
17 47.529561 8.3927568
18 47.4372987 8.4740226
19 47.4443016 8.3619656
20 47.3517284 8.3335895
21 47.3366594 8.4878508
22 47.3849728 8.5387084
23 47.2953692 8.3947516
24 47.4239999 8.6076972
25 47.5179113 8.5425693
26 47.3925745 8.6156029
27 47.4455144 8.3687011
28 47.4527421 8.5327112
29 47.3180859 8.4762846
30 47.2685076 8.6385373
31 47.4645136 8.5842027
32 47.2520229 8.6073191
33 47.5067427 8.4757318
34 47.3643045 8.5481081
35 47.4091317 8.6412663
36 47.2057298 8.4313573
37 47.4216731 8.4992414
38 47.3430747 8.583031
39 47.358529 8.4978358
40 47.3618316 8.5305499
41 47.249632 8.7679199
42 47.2717956 8.6414363
43 47.3908165 8.3919933
44 47.2856327 8.555092
45 47.3196296 8.491303
46 47.4250698 8.5722
47 47.3682128 8.5039427
48 47.3656548 8.7915639
49 47.2110598 8.6231465
50 47.3907234 8.7782919
51 47.1983856 8.4781198
52 47.3577956 8.3615925
53 47.2362022 8.6361437
54 47.2741844 8.6251618
55 47.4625678 8.3269569
56 47.199056 8.6775756
57 47.477608 8.7676161
58 47.534362 8.7158307
59 47.509004 8.7555095
60 47.517926 8.6617145
61 47.3886115 8.3478594
62 47.4298034 8.6420938
63 47.3797408 8.6834398
64 47.5154309 8.5371272
65 47.2708089 8.5798115
66 47.2413847 8.6559578
67 47.5056202 8.5477199
68 47.3294874 8.5143305
69 47.2853759 8.550301
70 47.3625029 8.6250199
71 47.5187858 8.6860008
72 47.4142996 8.6381735
73 47.5197814 8.5421407
74 47.2829933 8.7379067
75 47.3350139 8.7608987
76 47.4963304 8.7427434
77 47.3034808 8.4434702
78 47.3320142 8.5387782
79 47.3513641 8.3734737
80 47.4451693 8.5761754
81 47.504459 8.7294713
82 47.3440353 8.7164939
83 47.3643391 8.6992077
84 47.2156917 8.4384009
85 47.2202761 8.4648777
86 47.2167674 8.6086893
87 47.4853978 8.4520148
88 47.2018566 8.5145755
89 47.2987493 8.4464368
90 47.3238754 8.5208651
91 47.4370229 8.291425
92 47.3076501 8.5417875
93 47.4097393 8.7218444
94 47.3652963 8.5197353
95 47.3406586 8.3533992
96 47.3470732 8.5844478
97 47.5494368 8.7950671
98 47.5244713 8.3325024
99 47.4058512 8.6803855
100 47.4392762 8.4776719
EDGE_WEIGHT_SECTION:
0 1571 2973 2656 2426 752 2683 2671 1571 2652 2780 2281 2661 1754 1979 2152 2744 1738 1737 903 1423 1669 809 2186 2338 2180 1746 1978 1280 2517 2086 1853 2349 1626 2155 1105 1717 1931 1632 1517 2923 2538 1502 1621 1393 1956 1621 2762 1856 2816 1266 1154 1844 2436 1874 2040 2884 2753 2835 2726 1433 2193 2295 2341 1813 1986 2292 1567 1672 2143 2619 2136 2365 2601 2696 2745 1071 1445 1071 1947 2661 2563 2408 1001 1149 1857 2085 1388 1009 1600 1630 1543 2509 1481 918 1960 2981 2487 2345 1742
1571 0 2508 1307 2425 1290 2218 2219 3 2203 2422 1816 2303 1289 1978 1687 2743 1726 1736 1638 964 1204 1147 1733 1980 1724 1745 1743 903 2051 1728 522 2242 1161 1706 892 1597 1466 1167 1052 2458 2073 1607 595 864 1650 1156 2313 287 2367 614 1493 476 1971 1873 577 2435 2304 2386 2277 1771 1744 1846 1983 682 618 1934 885 565 1678 2170 1687 2007 2136 2246 2296 960 840 1409 1618 2212 2114 1959 783 688 288 2083 365 902 788 2085 722 2060 1016 1450 1495 2532 2486 1896 1741
2973 2508 0 3025 2790 2338 452 749 2508 1829 2373 956 2254 1644 2423 924 2935 1750 2180 2472 2200 1515 2451 1379 1931 1369 2189 1694 2175 920 1679 2222 2193 1367 1251 2792 1728 1089 1786 1543 172 886 2220 1990 2208 1608 1694 1036 2333 1206 2670 2327 2213 936 2317 2409 1804 1930 2012 1903 2601 1357 995 1934 2182 2355 1885 1834 2041 1102 1796 1232 1958 475 737 1922 2215 1762 2243 1569 1838 765 948 2684 2588 2354 2096 2752 2197 1868 2565 1912 1243 1594 2432 1159 2158 2852 1198 1753
2656 1307 3025 0 2942 2021 2735 2737 1307 2720 2940 2333 2820 1806 2496 2204 3260 2243 2253 2156 1921 1721 2134 2250 2497 2241 2262 2261 1858 2569 2245 1046 2759 1678 2223 2196 2114 1983 1685 1569 2975 2591 2125 1321 1891 2168 1673 2830 1047 2884 1919 2010 903 2488 2390 773 2952 2822 2903 2795 2288 2261 2364 2501 1236 898 2452 1560 1373 2195 2688 2204 2524 2653 2764 2814 1899 1357 1927 2135 2730 2631 2476 2088 1992 1153 2601 1670 1880 1463 2602 1239 2577 1533 2115 2013 3050 3004 2413 2258
2426 2425 2790 2942 0 1674 2656 2203 2425 2164 1714 2328 1601 1468 553 2199 580 1060 840 1632 1642 1580 1886 1726 1227 1710 910 1321 1696 2572 1437 2139 971 1681 1685 2323 1240 1986 1688 1665 2832 2594 1240 1907 1739 1486 1585 2292 2250 2346 2201 1535 2130 2491 633 2326 2414 2240 2365 1934 1291 1723 1825 1191 2099 2272 1260 1850 1958 2080 2142 1666 1233 2574 2226 2275 1737 1731 1572 1459 2191 2093 1938 2215 2119 2271 726 2284 1718 1884 845 1828 2039 1600 1633 2007 2512 81 1875 1072
752 1290 2338 2021 1674 0 2048 1921 1290 1900 2028 1646 1909 1099 1228 1517 1992 987 985 429 770 1034 218 1454 1586 1428 994 1226 619 1882 1334 1218 1597 991 1403 1009 965 1296 997 882 2288 1903 750 986 770 1204 935 2010 1329 2064 1039 402 1209 1801 1122 1405 2132 2001 2083 1975 681 1441 1543 1589 1178 1351 1540 932 1037 1508 1867 1384 1613 1966 1944 1993 495 810 319 1195 1909 1811 1656 901 922 1350 1333 1154 411 965 960 907 1757 846 166 1325 2229 1736 1593 990
2683 2218 452 2735 2656 2048 0 570 2218 1694 2239 666 2119 1365 2277 634 2800 1615 2035 2182 1910 1225 2160 1244 1797 1079 2044 1560 1885 468 1544 1932 2059 1077 1116 2502 1593 799 1496 1253 313 434 2080 1700 1918 1474 1404 1030 2043 1183 2380 2037 1923 484 2172 2119 1689 1796 1877 1769 2315 1222 861 1800 1892 2065 1751 1544 1751 812 1662 1097 1823 176 634 1788 1925 1472 1953 1434 1704 610 791 2394 2298 2064 1961 2462 1907 1578 2420 1621 1109 1304 2142 869 2024 2717 1064 1619
2671 2219 749 2737 2203 1921 570 0 2219 1241 1786 677 1666 1090 1835 644 2347 1162 1593 2055 1854 1092 2132 791 1343 824 1602 1107 1886 767 1091 1933 1605 1087 663 2503 1140 810 1455 1264 790 711 1633 1701 1919 1020 1362 610 2045 720 2381 1827 1925 760 1730 2120 1222 1343 1424 1316 2023 769 408 1347 1894 2066 1298 1545 1753 720 1209 644 1370 492 407 1335 1927 1483 1826 981 1251 112 293 2395 2299 2065 1508 2464 1908 1579 1978 1623 656 1298 2014 880 1571 2264 611 1166
1571 3 2508 1307 2425 1290 2218 2219 0 2203 2422 1816 2303 1289 1978 1687 2743 1726 1736 1637 964 1204 1147 1733 1980 1724 1745 1743 903 2051 1728 522 2242 1161 1706 892 1597 1466 1167 1052 2458 2073 1607 595 864 1650 1156 2313 287 2367 614 1493 476 1971 1873 577 2435 2304 2386 2277 1771 1744 1846 1983 682 618 1934 885 565 1678 2170 1687 2007 2136 2246 2296 960 840 1409 1618 2212 2114 1959 783 688 288 2083 365 902 788 2085 722 2060 1016 1450 1495 2532 2486 1896 1741
2652 2203 1829 2720 2164 1900 1694 1241 2203 0 838 1660 697 1069 1815 1542 2309 1141 1572 2034 1833 1071 2111 780 963 913 1581 1086 1869 1936 950 1917 1373 1233 723 2487 1119 1499 1434 1307 1870 1880 1612 1685 1903 1000 1341 1135 2028 1045 2365 1806 1908 1930 1709 2104 589 345 505 287 2002 756 864 1005 1877 2050 1030 1529 1736 1287 175 704 947 1612 1264 449 1910 1508 1805 960 275 1131 976 2378 2283 2049 1487 2447 1891 1563 1957 1606 680 1281 1994 1504 573 2226 702 1145
2780 2422 2373 2940 1714 2028 2239 1786 2422 838 0 2034 179 1288 1943 1911 1858 1270 1701 2163 1997 1290 2240 1134 513 1293 1710 1013 2050 2344 754 2136 922 1453 1268 2678 1248 1722 1654 1527 2415 2366 1740 1904 2093 1028 1561 1761 2248 1671 2556 1935 2128 2263 1811 2323 1300 892 1187 609 2131 1084 1408 555 2097 2269 580 1748 1956 1662 819 1249 497 2157 1809 1161 2091 1728 1934 919 987 1676 1521 2569 2474 2268 1097 2638 2072 1782 2086 1826 1306 1501 2122 1723 1195 1775 1328 1245
2281 1816 956 2333 2328 1646 666 677 1816 1660 2034 0 1915 963 1881 231 2562 1377 1639 1780 1508 823 1758 1162 1592 823 1648 1355 1482 726 1339 1530 1854 674 1082 2100 1219 397 1094 851 906 676 1688 1298 1516 1245 1002 1215 1641 1325 1978 1634 1521 655 1776 1717 1827 1761 1843 1734 1913 1199 880 1595 1490 1663 1546 1142 1349 538 1627 1063 1618 584 976 1753 1523 1070 1551 1230 1669 717 898 1991 1896 1662 1723 2060 1504 1176 2024 1219 1234 902 1740 467 1989 2389 1004 1380
2661 2303 2254 2820 1601 1909 2119 1666 2303 697 179 1915 0 1169 1824 1792 1746 1150 1581 2043 1877 1171 2121 1015 400 1173 1590 900 1931 2224 634 2017 810 1334 1149 2558 1128 1603 1534 1407 2296 2246 1621 1785 1974 908 1442 1619 2128 1530 2436 1815 2008 2143 1698 2204 1159 750 1046 467 2012 965 1289 442 1977 2150 467 1629 1836 1543 677 1129 384 2037 1689 1020 1972 1609 1814 800 846 1557 1401 2450 2354 2149 984 2519 1953 1663 1966 1706 1165 1381 2003 1604 1053 1662 1187 1132
1754 1289 1644 1806 1468 1099 1365 1090 1289 1069 1288 963 1169 0 1022 834 1717 527 779 1234 835 167 1231 599 846 590 788 602 955 1263 594 1003 1108 372 572 1573 375 642 465 418 1605 1285 828 771 951 491 372 1179 1114 1233 1451 1020 994 1182 917 1190 1301 1170 1252 1143 1216 610 712 849 963 1136 800 615 822 785 1036 553 873 1283 1112 1162 996 595 1005 484 1078 980 825 1464 1369 1135 878 1533 977 649 1164 692 926 355 1193 643 1398 1530 762 536
1979 1978 2423 2496 553 1228 2277 1835 1978 1815 1943 1881 1824 1022 0 1752 939 901 455 1186 1196 1133 1439 1369 1501 1342 524 1141 1249 2125 1249 1692 1303 1235 1318 1877 880 1539 1241 1218 2465 2147 794 1460 1293 1119 1138 1925 1804 1979 1755 1089 1684 2045 247 1879 2047 1916 1998 1889 844 1356 1458 1492 1653 1825 1455 1404 1511 1712 1782 1299 1528 2195 1858 1908 1290 1284 1126 1110 1824 1726 1570 1768 1673 1824 1047 1837 1271 1438 398 1382 1672 1154 1186 1561 2144 634 1508 905
2152 1687 924 2204 2199 1517 634 644 1687 1542 1911 231 1792 834 1752 0 2433 1247 1510 1651 1379 694 1629 1045 1469 705 1519 1232 1353 737 1217 1401 1731 545 964 1971 1090 268 965 722 873 687 1559 1169 1387 1122 873 1183 1512 1293 1849 1505 1392 666 1647 1588 1726 1643 1725 1617 1784 1081 762 1472 1361 1534 1424 1013 1220 420 1509 945 1496 552 943 1635 1394 941 1422 1107 1551 685 866 1862 1767 1533 1593 1931 1375 1047 1895 1090 1117 773 1611 338 1872 2260 886 1251
2744 2743 2935 3260 580 1992 2800 2347 2743 2309 1858 2562 1746 1717 939 2433 0 1205 1158 1950 1960 1766 2204 1871 1372 1854 1228 1466 2014 2862 1582 2457 1116 1971 1830 2641 1384 2241 2006 1983 2977 2884 1558 2225 2057 1631 1903 2437 2568 2491 2519 1853 2448 2781 951 2644 2559 2384 2510 2079 1609 1868 1970 1336 2417 2590 1405 2168 2276 2224 2287 1811 1378 2718 2370 2420 2055 2049 1891 1604 2336 2238 2082 2533 2437 2589 871 2602 2036 2202 1163 2146 2184 1918 1951 2241 2656 615 2020 1217
1738 1726 1750 2243 1060 987 1615 1162 1726 1141 1270 1377 1150 527 901 1247 1205 0 637 1121 955 581 1198 695 811 669 559 381 1009 1676 575 1440 630 786 644 1636 197 1055 853 859 1791 1698 693 1208 1052 445 750 1251 1551 1306 1514 893 1431 1596 736 1627 1373 1243 1324 1216 1089 682 785 798 1400 1573 720 1052 1259 1039 1109 625 835 1533 1185 1235 1049 1032 892 437 1151 1052 897 1527 1432 1572 366 1596 1030 1086 1044 1129 998 789 1080 1056 1471 1122 835 32
1737 1736 2180 2253 840 985 2035 1593 1736 1572 1701 1639 1581 779 455 1510 1158 637 0 1119 953 891 1197 1126 1258 1100 78 898 1007 1883 1006 1450 1069 992 1075 1634 637 1297 999 976 2222 1905 535 1218 1050 876 896 1682 1561 1736 1512 889 1441 1802 251 1637 1804 1674 1755 1647 885 1113 1216 1237 1410 1583 1213 1161 1269 1470 1540 1056 1279 1953 1616 1666 1048 1042 890 867 1582 1483 1328 1526 1430 1582 800 1595 1029 1195 602 1139 1429 911 1079 1318 1902 902 1266 659
903 1638 2472 2156 1632 429 2182 2055 1637 2034 2163 1780 2043 1234 1186 1651 1950 1121 1119 0 904 1168 614 1588 1720 1562 1128 1360 910 2016 1468 1352 1731 1125 1537 1338 1099 1430 1132 1016 2422 2038 728 1120 953 1338 1069 2144 1464 2198 1368 391 1344 1935 1253 1539 2266 2136 2217 2109 633 1575 1678 1723 1313 1485 1675 1066 1171 1642 2002 1518 1747 2100 2078 2128 917 944 374 1329 2044 1945 1790 1230 1251 1484 1467 1483 834 1100 800 1042 1891 980 291 1460 2364 1694 1727 1125
1423 964 2200 1921 1642 770 1910 1854 964 1833 1997 1508 1877 835 1196 1379 1960 955 953 904 0 876 753 1363 1554 1354 962 1194 392 1743 1302 1117 1565 853 1336 1242 933 1158 652 777 2150 1765 807 831 131 1172 570 1943 1217 1997 1120 758 1109 1663 1090 1305 2065 1934 2016 1908 1037 1374 1476 1557 1078 1250 1509 831 800 1365 1801 1317 1581 1828 1877 1927 518 709 675 1163 1843 1744 1589 1133 1038 1228 1301 1054 499 818 1325 791 1690 682 864 1187 2163 1704 1526 959
1669 1204 1515 1721 1580 1034 1225 1092 1204 1071 1290 823 1171 167 1133 694 1766 581 891 1168 876 0 1146 601 848 592 900 611 870 1123 596 918 1110 232 574 1488 423 502 462 308 1465 1145 940 686 904 504 369 1181 1029 1235 1366 1022 909 1042 1028 1105 1303 1172 1254 1146 1299 612 714 851 878 1051 802 530 737 669 1038 555 875 1143 1115 1164 911 509 939 486 1080 982 827 1379 1284 1050 927 1448 892 564 1276 607 928 282 1127 502 1400 1641 764 585
809 1147 2451 2134 1886 218 2160 2132 1147 2111 2240 1758 2121 1231 1439 1629 2204 1198 1197 614 753 1146 0 1636 1798 1636 1206 1438 572 1994 1545 1330 1808 1103 1615 820 1177 1408 1110 995 2400 2016 963 1098 723 1415 1071 2221 1419 2276 850 615 1322 1913 1334 1518 2343 2213 2294 2186 893 1653 1755 1801 1291 1463 1752 1044 1150 1620 2079 1595 1824 2078 2155 2205 406 922 532 1407 2121 2023 1867 711 733 1430 1544 964 321 1078 1172 1020 1969 959 378 1438 2441 1947 1805 1202
2186 1733 1379 2250 1726 1454 1244 791 1733 780 1134 1162 1015 599 1369 1045 1871 695 1126 1588 1363 601 1636 0 753 400 1135 587 1400 1486 440 1447 1015 764 273 2017 674 1006 964 837 1420 1430 1166 1215 1433 344 872 880 1558 935 1895 1361 1438 1480 1263 1634 1012 881 963 854 1557 254 414 756 1407 1580 705 1059 1266 790 747 233 779 1162 814 873 1440 1039 1359 291 789 681 526 1909 1813 1579 1042 1977 1422 1093 1511 1136 637 811 1548 1034 1109 1787 464 699
2338 1980 1931 2497 1227 1586 1797 1343 1980 963 513 1592 400 846 1501 1469 1372 811 1258 1720 1554 848 1798 753 0 850 1239 547 1608 1901 423 1694 445 1011 826 2235 806 1280 1211 1085 1973 1923 1298 1462 1651 585 1119 1433 1806 1487 2114 1493 1685 1821 1324 1881 1425 1039 1312 733 1689 811 966 42 1655 1827 111 1306 1513 1220 944 807 27 1715 1366 1286 1649 1286 1492 477 1112 1234 1078 2127 2031 1826 611 2196 1630 1340 1643 1384 1180 1058 1680 1281 1320 1289 1016 779
2180 1724 1369 2241 1710 1428 1079 824 1724 913 1293 823 1173 590 1342 705 1854 669 1100 1562 1354 592 1636 400 850 0 1109 614 1391 1232 598 1438 1112 667 325 2008 647 685 955 788 1319 1179 1140 1206 1424 510 863 914 1549 951 1886 1334 1429 1161 1237 1625 1145 1014 1096 987 1530 443 430 854 1398 1571 805 1050 1257 450 880 306 877 997 847 1006 1431 1007 1333 488 922 715 542 1900 1804 1570 1015 1968 1413 1084 1485 1127 735 802 1521 755 1242 1771 470 673
1746 1745 2189 2262 910 994 2044 1602 1745 1581 1710 1648 1590 788 524 1519 1228 559 78 1128 962 900 1206 1135 1239 1109 0 907 1016 1892 1015 1459 1035 1001 1084 1643 632 1306 1008 985 2231 1914 544 1227 1059 885 905 1691 1570 1745 1521 898 1450 1811 320 1646 1813 1683 1764 1656 894 1122 1225 1203 1419 1592 1222 1170 1278 1479 1549 1065 1245 1962 1625 1675 1057 1051 899 876 1591 1492 1337 1535 1439 1591 766 1604 1038 1204 672 1148 1438 920 1088 1327 1911 971 1275 588
1978 1743 1694 2261 1321 1226 1560 1107 1743 1086 1013 1355 900 602 1141 1232 1466 381 898 1360 1194 611 1438 587 547 614 907 0 1248 1664 458 1457 614 774 589 1875 407 1043 975 848 1736 1686 938 1225 1291 343 882 1196 1569 1250 1753 1132 1448 1584 1030 1644 1318 1187 1269 1160 1329 627 729 559 1418 1590 455 1069 1276 983 1053 570 574 1478 1129 1179 1289 1049 1131 296 1095 997 842 1767 1671 1589 626 1836 1270 1103 1283 1147 943 821 1320 1044 1415 1382 779 349
1280 903 2175 1858 1696 619 1885 1886 903 1869 2050 1482 1931 955 1249 1353 2014 1009 1007 910 392 870 572 1400 1608 1391 1016 1248 0 1718 1356 1055 1619 827 1372 1126 987 1132 834 719 2124 1740 878 770 292 1226 822 1979 1160 2034 1004 764 1046 1637 1144 1242 2101 1971 2052 1944 1042 1411 1513 1611 1015 1188 1562 768 740 1344 1837 1353 1635 1803 1913 1963 337 646 681 1217 1879 1780 1625 1018 922 1171 1355 993 318 757 1356 734 1726 683 778 1162 2199 1758 1563 1012
2517 2051 920 2569 2572 1882 468 767 2051 1936 2344 726 2224 1263 2125 737 2862 1676 1883 2016 1743 1123 1994 1486 1901 1232 1892 1664 1718 0 1649 1766 2163 919 1358 2336 1519 794 1330 1086 774 56 1932 1533 1751 1572 1237 1305 1877 1415 2214 1870 1757 89 2020 1953 1917 2038 2119 2011 2149 1464 1102 1905 1726 1898 1856 1378 1585 961 1904 1339 1928 645 1060 2030 1759 1305 1787 1539 1946 807 988 2227 2131 1898 2022 2296 1740 1412 2268 1455 1351 1137 1975 882 2266 2633 1306 1680
2086 1728 1679 2245 1437 1334 1544 1091 1728 950 754 1339 634 594 1249 1217 1582 575 1006 1468 1302 596 1545 440 423 598 1015 458 1356 1649 0 1442 685 758 573 1983 553 1028 959 832 1720 1671 1046 1210 1399 333 867 1180 1553 1235 1861 1240 1433 1568 1143 1629 1302 1092 1253 786 1437 493 714 426 1402 1575 375 1054 1261 968 996 554 450 1462 1114 1164 1397 1034 1239 225 1080 981 826 1875 1779 1574 820 1944 1378 1088 1391 1131 927 806 1428 1029 1372 1499 764 579
1853 522 2222 1046 2139 1218 1932 1933 522 1917 2136 1530 2017 1003 1692 1401 2457 1440 1450 1352 1117 918 1330 1447 1694 1438 1459 1457 1055 1766 1442 0 1956 875 1420 1411 1311 1180 881 766 2172 1787 1321 483 1088 1364 870 2027 347 2081 1133 1207 233 1685 1587 429 2149 2018 2100 1991 1485 1458 1560 1697 253 320 1648 757 534 1392 1884 1401 1721 1850 1960 2010 1095 554 1123 1332 1926 1828 1673 1302 1207 368 1797 884 1077 660 1799 436 1774 730 1312 1209 2246 2200 1610 1455
2349 2242 2193 2759 971 1597 2059 1605 2242 1373 922 1854 810 1108 1303 1731 1116 630 1069 1731 1565 1110 1808 1015 445 1112 1035 614 1619 2163 685 1956 0 1273 1088 2246 809 1542 1473 1347 2235 2185 1309 1724 1662 843 1375 1695 2067 1749 2124 1503 1947 2083 1120 2143 1810 1448 1722 1143 1700 1073 1228 435 1917 2089 508 1568 1775 1482 1353 1069 442 1977 1628 1670 1660 1548 1502 739 1521 1496 1340 2138 2042 2088 406 2207 1641 1602 1466 1646 1442 1320 1691 1543 1729 1033 1278 642
1626 1161 1367 1678 1681 991 1077 1087 1161 1233 1453 674 1334 372 1235 545 1971 786 992 1125 853 232 1103 764 1011 667 1001 774 827 919 758 875 1273 0 736 1445 628 333 439 196 1317 941 1041 643 861 681 347 1343 986 1398 1323 979 866 838 1129 1062 1465 1335 1416 1308 1258 775 877 1014 835 1008 965 487 694 548 1201 717 1037 995 1277 1327 868 415 896 649 1243 1128 989 1336 1241 1007 1132 1405 849 521 1377 564 1090 247 1085 354 1563 1743 927 790
2155 1706 1251 2223 1685 1403 1116 663 1706 723 1268 1082 1149 572 1318 964 1830 644 1075 1537 1336 574 1615 273 826 325 1084 589 1372 1358 573 1420 1088 736 0 1990 622 944 937 810 1293 1302 1115 1188 1406 503 845 753 1531 807 1868 1309 1411 1352 1212 1607 956 825 907 798 1506 244 286 829 1380 1553 780 1032 1239 709 691 74 852 1034 686 817 1413 1012 1308 464 733 554 398 1881 1786 1552 990 1950 1394 1066 1460 1109 576 784 1497 1007 1053 1746 327 648
1105 892 2792 2196 2323 1009 2502 2503 892 2487 2678 2100 2558 1573 1877 1971 2641 1636 1634 1338 1242 1488 820 2017 2235 2008 1643 1875 1126 2336 1983 1411 2246 1445 1990 0 1614 1750 1451 1336 2742 2357 1506 1304 1167 1853 1440 2597 1176 2651 364 1391 1366 2255 1771 1466 2719 2588 2670 2561 1670 2028 2130 2239 1571 1507 2190 1386 1273 1962 2454 1971 2262 2420 2530 2580 917 1264 1308 1844 2496 2398 2243 110 321 1177 1982 613 858 1354 1945 1346 2344 1300 1169 1779 2816 2385 2180 1640
1717 1597 1728 2114 1240 965 1593 1140 1597 1119 1248 1219 1128 375 880 1090 1384 197 637 1099 933 423 1177 674 806 647 632 407 987 1519 553 1311 809 628 622 1614 0 898 773 708 1769 1541 677 1079 1030 423 681 1229 1422 1284 1492 871 1302 1438 774 1498 1351 1221 1302 1194 1068 660 763 809 1271 1444 760 923 1130 1017 1087 603 832 1511 1163 1213 1028 903 870 415 1129 1030 875 1506 1410 1443 545 1575 1009 957 1022 1001 976 663 1059 898 1449 1301 813 203
1931 1466 1089 1983 1986 1296 799 810 1466 1499 1722 397 1603 642 1539 268 2241 1055 1297 1430 1158 502 1408 1006 1280 685 1306 1043 1132 794 1028 1180 1542 333 944 1750 898 0 744 500 1039 816 1346 948 1166 950 651 1232 1291 1278 1628 1284 1171 714 1434 1367 1706 1601 1682 1574 1563 1040 743 1283 1140 1313 1235 792 999 400 1467 925 1307 717 1109 1593 1173 719 1201 918 1509 850 861 1641 1546 1312 1401 1710 1154 826 1682 869 1097 551 1389 93 1829 2047 866 1059
1632 1167 1786 1685 1688 997 1496 1455 1167 1434 1654 1094 1534 465 1241 965 2006 853 999 1132 652 462 1110 964 1211 955 1008 975 834 1330 959 881 1473 439 937 1451 773 744 0 364 1736 1352 1000 649 768 880 193 1544 993 1598 1330 986 873 1249 1136 1069 1666 1536 1617 1509 1265 975 1078 1215 842 1014 1166 496 701 952 1402 918 1238 1414 1478 1528 875 473 903 849 1444 1345 1190 1343 1247 1013 1214 1412 856 530 1384 571 1291 268 1091 774 1764 1749 1128 882
1517 1052 1543 1569 1665 882 1253 1264 1052 1307 1527 851 1407 418 1218 722 1983 859 976 1016 777 308 995 837 1085 788 985 848 719 1086 832 766 1347 196 810 1336 708 500 364 0 1493 1108 985 534 752 755 292 1417 878 1471 1214 871 757 1006 1113 953 1539 1409 1490 1382 1149 848 951 1088 727 899 1039 380 585 713 1275 791 1111 1171 1351 1401 760 334 788 722 1317 1218 1063 1228 1132 898 1211 1297 741 414 1361 456 1164 169 976 530 1637 1726 1001 869
2923 2458 172 2975 2832 2288 313 790 2458 1870 2415 906 2296 1605 2465 873 2977 1791 2222 2422 2150 1465 2400 1420 1973 1319 2231 1736 2124 774 1720 2172 2235 1317 1293 2742 1769 1039 1736 1493 0 748 2262 1940 2158 1650 1644 1151 2283 1321 2620 2276 2163 797 2359 2359 1866 1972 2054 1945 2555 1398 1037 1976 2132 2305 1927 1784 1991 1052 1838 1274 1999 393 780 1964 2165 1712 2193 1611 1880 807 989 2634 2538 2304 2137 2702 2146 1818 2607 1861 1285 1544 2382 1109 2200 2893 1240 1795
2538 2073 886 2591 2594 1903 434 711 2073 1880 2366 676 2246 1285 2147 687 2884 1698 1905 2038 1765 1145 2016 1430 1923 1179 1914 1686 1740 56 1671 1787 2185 941 1302 2357 1541 816 1352 1108 748 0 1954 1555 1773 1586 1259 1249 1899 1359 2236 1892 1779 103 2042 1975 1861 1982 2063 1955 2171 1408 1047 1926 1748 1920 1878 1400 1607 912 1848 1283 1950 610 1005 1974 1781 1327 1809 1561 1890 751 932 2249 2153 1919 2044 2318 1762 1434 2290 1477 1295 1159 1997 900 2210 2655 1250 1702
1502 1607 2220 2125 1240 750 2080 1633 1607 1612 1740 1688 1621 828 794 1559 1558 693 535 728 807 940 963 1166 1298 1140 544 938 878 1932 1046 1321 1309 1041 1115 1506 677 1346 1000 985 2262 1954 0 1089 913 916 918 1722 1433 1776 1384 427 1312 1851 688 1508 1844 1713 1795 1687 526 1153 1255 1301 1282 1454 1252 1035 1140 1510 1579 1096 1325 1998 1656 1705 919 913 476 907 1621 1523 1368 1397 1302 1453 1045 1466 900 1069 884 1011 1469 937 687 1367 1941 1302 1305 702
1621 595 1990 1321 1907 986 1700 1701 595 1685 1904 1298 1785 771 1460 1169 2225 1208 1218 1120 831 686 1098 1215 1462 1206 1227 1225 770 1533 1210 483 1724 643 1188 1304 1079 948 649 534 1940 1555 1089 0 730 1132 638 1795 629 1849 1182 975 509 1453 1355 705 1917 1786 1868 1759 1253 1226 1328 1465 302 651 1416 467 51 1160 1652 1169 1489 1618 1728 1778 863 322 891 1100 1694 1596 1441 1195 1100 650 1565 958 845 369 1567 194 1542 498 1080 977 2014 1968 1378 1223
1393 864 2208 1891 1739 770 1918 1919 864 1903 2093 1516 1974 951 1293 1387 2057 1052 1050 953 131 904 723 1433 1651 1424 1059 1291 292 1751 1399 1088 1662 861 1406 1167 1030 1166 768 752 2158 1773 913 730 0 1269 687 2013 1148 2067 1045 807 1079 1671 1187 1275 2135 2004 2086 1977 1085 1444 1546 1654 1026 1221 1605 787 700 1378 1870 1387 1678 1836 1946 1996 488 680 724 1260 1912 1814 1659 1058 963 1149 1398 953 470 717 1399 718 1760 716 912 1195 2232 1801 1596 1055
1956 1650 1608 2168 1486 1204 1474 1020 1650 1000 1028 1245 908 491 1119 1122 1631 445 876 1338 1172 504 1415 344 585 510 885 343 1226 1572 333 1364 843 681 503 1853 423 950 880 755 1650 1586 916 1132 1269 0 787 1110 1476 1164 1731 1110 1356 1491 1013 1551 1232 1101 1183 1060 1307 534 643 589 1325 1497 540 976 1184 880 967 484 612 1392 1043 1093 1267 956 1109 208 1009 911 755 1745 1649 1496 791 1814 1248 1010 1261 1054 857 729 1298 951 1329 1547 693 449
1621 1156 1694 1673 1585 935 1404 1362 1156 1341 1561 1002 1442 372 1138 873 1903 750 896 1069 570 369 1071 872 1119 863 905 882 822 1237 867 870 1375 347 845 1440 681 651 193 292 1644 1259 918 638 687 787 0 1452 981 1506 1318 923 861 1156 1033 1057 1574 1443 1525 1416 1202 883 985 1122 830 1003 1073 482 689 859 1309 826 1146 1322 1385 1435 863 462 840 757 1351 1253 1097 1331 1236 1002 1111 1400 844 516 1281 559 1199 175 1028 681 1671 1646 1035 779
2762 2313 1036 2830 2292 2010 1030 610 2313 1135 1761 1215 1619 1179 1925 1183 2437 1251 1682 2144 1943 1181 2221 880 1433 914 1691 1196 1979 1305 1180 2027 1695 1343 753 2597 1229 1232 1544 1417 1151 1249 1722 1795 2013 1110 1452 0 2138 281 2475 1916 2018 1299 1819 2214 962 1236 1262 1210 2113 858 497 1436 1987 2160 1387 1639 1846 997 1102 733 1459 948 486 1201 2020 1619 1915 1070 1144 501 539 2488 2393 2159 1597 2557 2001 1673 2067 1716 514 1391 2104 1302 1464 2353 700 1255
1856 287 2333 1047 2250 1329 2043 2045 287 2028 2248 1641 2128 1114 1804 1512 2568 1551 1561 1464 1217 1029 1419 1558 1806 1549 1570 1569 1160 1877 1553 347 2067 986 1531 1176 1422 1291 993 878 2283 1899 1433 629 1148 1476 981 2138 0 2192 898 1318 218 1796 1698 290 2260 2130 2211 2103 1597 1569 1672 1809 538 359 1760 868 681 1503 1996 1512 1832 1961 2072 2122 1207 665 1235 1443 2038 1939 1784 1068 972 156 1909 650 1174 771 1910 547 1885 842 1423 1321 2358 2312 1722 1566
2816 2367 1206 2884 2346 2064 1183 720 2367 1045 1671 1325 1530 1233 1979 1293 2491 1306 1736 2198 1997 1235 2276 935 1487 951 1745 1250 2034 1415 1235 2081 1749 1398 807 2651 1284 1278 1598 1471 1321 1359 1776 1849 2067 1164 1506 281 2192 0 2529 1971 2072 1409 1873 2268 755 1147 1055 1120 2167 882 542 1490 2041 2214 1441 1693 1900 1043 1013 788 1514 1101 655 994 2074 1673 1970 1125 1055 610 599 2543 2447 2213 1652 2611 2056 1727 2121 1770 425 1445 2158 1348 1375 2408 630 1309
1266 614 2670 1919 2201 1039 2380 2381 614 2365 2556 1978 2436 1451 1755 1849 2519 1514 1512 1368 1120 1366 850 1895 2114 1886 1521 1753 1004 2214 1861 1133 2124 1323 1868 364 1492 1628 1330 1214 2620 2236 1384 1182 1045 1731 1318 2475 898 2529 0 1269 1088 2133 1650 1188 2597 2466 2548 2440 1548 1906 2008 2117 1293 1230 2068 1264 1152 1840 2332 1849 2140 2298 2409 2458 795 1142 1186 1723 2374 2276 2121 323 188 900 1860 249 736 1232 1862 1224 2222 1178 1199 1657 2694 2263 2058 1518
1154 1493 2327 2010 1535 402 2037 1827 1493 1806 1935 1634 1815 1020 1089 1505 1853 893 889 391 758 1022 615 1361 1493 1334 898 1132 764 1870 1240 1207 1503 979 1309 1391 871 1284 986 871 2276 1892 427 975 807 1110 923 1916 1318 1971 1269 0 1198 1789 1029 1394 2038 1908 1989 1881 358 1347 1450 1496 1167 1340 1447 920 1026 1496 1774 1290 1519 1955 1850 1900 805 798 128 1102 1816 1717 1562 1283 1187 1339 1239 1352 786 954 760 896 1663 835 351 1314 2136 1597 1500 897
1844 476 2213 903 2130 1209 1923 1925 476 1908 2128 1521 2008 994 1684 1392 2448 1431 1441 1344 1109 909 1322 1438 1685 1429 1450 1448 1046 1757 1433 233 1947 866 1411 1366 1302 1171 873 757 2163 1779 1312 509 1079 1356 861 2018 218 2072 1088 1198 0 1676 1578 287 2140 2010 2091 1983 1476 1449 1552 1689 424 144 1640 748 561 1383 1876 1392 1712 1841 1952 2002 1087 545 1115 1323 1918 1819 1664 1257 1161 323 1789 839 1068 651 1790 427 1765 721 1303 1201 2238 2192 1601 1446
2436 1971 936 2488 2491 1801 484 760 1971 1930 2263 655 2143 1182 2045 666 2781 1596 1802 1935 1663 1042 1913 1480 1821 1161 1811 1584 1637 89 1568 1685 2083 838 1352 2255 1438 714 1249 1006 797 103 1851 1453 1671 1491 1156 1299 1796 1409 2133 1789 1676 0 1939 1872 1911 2031 2113 2005 2068 1458 1096 1824 1645 1818 1775 1297 1504 890 1897 1333 1847 660 1055 2023 1678 1224 1706 1458 1939 800 982 2146 2051 1817 1942 2215 1659 1331 2187 1374 1344 1057 1895 801 2259 2553 1299 1599
1874 1873 2317 2390 633 1122 2172 1730 1873 1709 1811 1776 1698 917 247 1647 951 736 251 1253 1090 1028 1334 1263 1324 1237 320 1030 1144 2020 1143 1587 1120 1129 1212 1771 774 1434 1136 1113 2359 2042 688 1355 1187 1013 1033 1819 1698 1873 1650 1029 1578 1939 0 1774 1941 1811 1892 1784 911 1250 1353 1288 1547 1720 1337 1298 1406 1607 1677 1193 1330 2090 1753 1803 1185 1179 1028 1005 1719 1620 1465 1663 1567 1719 852 1732 1166 1332 466 1276 1566 1048 1216 1455 2039 694 1403 749
2040 577 2409 773 2326 1405 2119 2120 577 2104 2323 1717 2204 1190 1879 1588 2644 1627 1637 1539 1305 1105 1518 1634 1881 1625 1646 1644 1242 1953 1629 429 2143 1062 1607 1466 1498 1367 1069 953 2359 1975 1508 705 1275 1551 1057 2214 290 2268 1188 1394 287 1872 1774 0 2336 2205 2287 2179 1672 1645 1747 1884 620 428 1836 944 756 1579 2071 1588 1908 2037 2148 2197 1283 741 1311 1519 2113 2015 1860 1357 1262 445 1984 939 1264 847 1986 623 1961 917 1499 1397 2434 2387 1797 1642
2884 2435 1804 2952 2414 2132 1689 1222 2435 589 1300 1827 1159 1301 2047 1726 2559 1373 1804 2266 2065 1303 2343 1012 1425 1145 1813 1318 2101 1917 1302 2149 1810 1465 956 2719 1351 1706 1666 1539 1866 1861 1844 1917 2135 1232 1574 962 2260 755 2597 2038 2140 1911 1941 2336 0 632 328 749 2235 988 973 1468 2109 2282 1492 1761 1968 1472 630 936 1409 1607 1248 267 2142 1741 2037 1192 340 1113 1050 2610 2515 2281 1719 2679 2123 1795 2189 1838 670 1513 2226 1736 690 2475 875 1377
2753 2304 1930 2822 2240 2001 1796 1343 2304 345 892 1761 750 1170 1916 1643 2384 1243 1674 2136 1934 1172 2213 881 1039 1014 1683 1187 1971 2038 1092 2018 1448 1335 825 2588 1221 1601 1536 1409 1972 1982 1713 1786 2004 1101 1443 1236 2130 1147 2466 1908 2010 2031 1811 2205 632 0 362 392 2104 858 966 1081 1979 2151 1106 1630 1838 1389 311 806 1023 1714 1366 492 2012 1610 1907 1062 292 1233 1078 2480 2384 2150 1589 2549 1993 1664 2059 1708 782 1383 2095 1605 480 2301 804 1247
2835 2386 2012 2903 2365 2083 1877 1424 2386 505 1187 1843 1046 1252 1998 1725 2510 1324 1755 2217 2016 1254 2294 963 1312 1096 1764 1269 2052 2119 1253 2100 1722 1416 907 2670 1302 1682 1617 1490 2054 2063 1795 1868 2086 1183 1525 1262 2211 1055 2548 1989 2091 2113 1892 2287 328 362 0 636 2185 939 1047 1355 2060 2233 1379 1712 1919 1470 532 887 1296 1795 1447 221 2093 1692 1988 1143 252 1315 1159 2561 2466 2232 1670 2630 2074 1746 2140 1789 863 1464 2177 1687 419 2426 885 1328
2726 2277 1903 2795 1934 1975 1769 1316 2277 287 609 1734 467 1143 1889 1617 2079 1216 1647 2109 1908 1146 2186 854 733 987 1656 1160 1944 2011 786 1991 1143 1308 798 2561 1194 1574 1509 1382 1945 1955 1687 1759 1977 1060 1416 1210 2103 1120 2440 1881 1983 2005 1784 2179 749 392 636 0 2077 831 939 776 1952 2124 800 1603 1811 1362 267 779 717 1687 1339 610 1985 1583 1880 940 436 1206 1051 2453 2357 2123 1318 2522 1966 1637 2032 1681 755 1356 2068 1578 643 1996 777 1220
1433 1771 2601 2288 1291 681 2315 2023 1771 2002 2131 1913 2012 1216 844 1784 1609 1089 885 633 1037 1299 893 1557 1689 1530 894 1329 1042 2149 1437 1485 1700 1258 1506 1670 1068 1563 1265 1149 2555 2171 526 1253 1085 1307 1202 2113 1597 2167 1548 358 1476 2068 911 1672 2235 2104 2185 2077 0 1544 1646 1692 1446 1618 1643 1199 1304 1775 1970 1487 1716 2233 2046 2096 1083 1077 406 1298 2012 1914 1758 1561 1466 1617 1435 1630 1064 1233 516 1175 1860 1113 592 1592 2332 1352 1696 1093
2193 1744 1357 2261 1723 1441 1222 769 1744 756 1084 1199 965 610 1356 1081 1868 682 1113 1575 1374 612 1653 254 811 443 1122 627 1411 1464 493 1458 1073 775 244 2028 660 1040 975 848 1398 1408 1153 1226 1444 534 883 858 1569 882 1906 1347 1449 1458 1250 1645 988 858 939 831 1544 0 392 814 1418 1591 763 1070 1277 827 724 198 837 1140 792 850 1451 1050 1346 443 766 659 504 1920 1824 1590 1028 1988 1432 1104 1498 1147 483 822 1535 1045 1086 1785 417 686
2295 1846 995 2364 1825 1543 861 408 1846 864 1408 880 1289 712 1458 762 1970 785 1216 1678 1476 714 1755 414 966 430 1225 729 1513 1102 714 1560 1228 877 286 2130 763 743 1078 951 1037 1047 1255 1328 1546 643 985 497 1672 542 2008 1450 1552 1096 1353 1747 973 966 1047 939 1646 392 0 969 1521 1693 920 1172 1380 508 832 267 993 779 430 958 1554 1152 1449 604 874 298 125 2022 1926 1692 1131 2091 1535 1206 1601 1250 385 925 1637 813 1194 1887 220 789
2341 1983 1934 2501 1191 1589 1800 1347 1983 1005 555 1595 442 849 1492 1472 1336 798 1237 1723 1557 851 1801 756 42 854 1203 559 1611 1905 426 1697 435 1014 829 2239 809 1283 1215 1088 1976 1926 1301 1465 1654 589 1122 1436 1809 1490 2117 1496 1689 1824 1288 1884 1468 1081 1355 776 1692 814 969 0 1658 1830 123 1309 1517 1223 986 810 70 1718 1370 1328 1652 1289 1495 480 1154 1237 1082 2130 2035 1829 574 2199 1633 1343 1640 1387 1183 1062 1683 1284 1362 1253 1019 791
1813 682 2182 1236 2099 1178 1892 1894 682 1877 2097 1490 1977 963 1653 1361 2417 1400 1410 1313 1078 878 1291 1407 1655 1398 1419 1418 1015 1726 1402 253 1917 835 1380 1571 1271 1140 842 727 2132 1748 1282 302 1026 1325 830 1987 538 2041 1293 1167 424 1645 1547 620 2109 1979 2060 1952 1446 1418 1521 1658 0 495 1609 708 353 1352 1845 1361 1681 1810 1921 1971 1056 514 1084 1292 1887 1788 1633 1462 1367 558 1758 1044 1037 610 1759 387 1734 691 1272 1170 2207 2161 1571 1415
1986 618 2355 898 2272 1351 2065 2066 618 2050 2269 1663 2150 1136 1825 1534 2590 1573 1583 1485 1250 1051 1463 1580 1827 1571 1592 1590 1188 1898 1575 320 2089 1008 1553 1507 1444 1313 1014 899 2305 1920 1454 651 1221 1497 1003 2160 359 2214 1230 1340 144 1818 1720 428 2282 2151 2233 2124 1618 1591 1693 1830 495 0 1781 890 702 1525 2017 1534 1854 1983 2093 2143 1228 687 1256 1465 2059 1961 1806 1399 1303 464 1930 981 1210 793 1932 569 1907 863 1445 1342 2379 2333 1743 1588
2292 1934 1885 2452 1260 1540 1751 1298 1934 1030 580 1546 467 800 1455 1424 1405 720 1213 1675 1509 802 1752 705 111 805 1222 455 1562 1856 375 1648 508 965 780 2190 760 1235 1166 1039 1927 1878 1252 1416 1605 540 1073 1387 1760 1441 2068 1447 1640 1775 1337 1836 1492 1106 1379 800 1643 763 920 123 1609 1781 0 1260 1468 1175 1011 761 138 1669 1321 1353 1603 1240 1446 431 1179 1188 1033 2081 1986 1780 644 2150 1584 1294 1598 1338 1134 1013 1634 1235 1387 1322 970 687
1567 885 1834 1560 1850 932 1544 1545 885 1529 1748 1142 1629 615 1404 1013 2168 1052 1161 1066 831 530 1044 1059 1306 1050 1170 1069 768 1378 1054 757 1568 487 1032 1386 923 792 496 380 1784 1400 1035 467 787 976 482 1639 868 1693 1264 920 748 1297 1298 944 1761 1630 1712 1603 1199 1070 1172 1309 708 890 1260 0 436 1004 1496 1013 1333 1462 1572 1622 809 357 837 944 1538 1440 1285 1277 1181 889 1413 1192 790 133 1513 324 1386 344 1025 822 1858 1912 1222 1079
1672 565 2041 1373 1958 1037 1751 1753 565 1736 1956 1349 1836 822 1511 1220 2276 1259 1269 1171 800 737 1150 1266 1513 1257 1278 1276 740 1585 1261 534 1775 694 1239 1273 1130 999 701 585 1991 1607 1140 51 700 1184 689 1846 681 1900 1152 1026 561 1504 1406 756 1968 1838 1919 1811 1304 1277 1380 1517 353 702 1468 436 0 1211 1704 1220 1540 1669 1780 1830 915 373 943 1151 1746 1647 1492 1165 1069 701 1616 927 896 339 1618 245 1593 549 1131 1029 2066 2019 1429 1274
2143 1678 1102 2195 2080 1508 812 720 1678 1287 1662 538 1543 785 1712 420 2224 1039 1470 1642 1365 669 1620 790 1220 450 1479 983 1344 961 968 1392 1482 548 709 1962 1017 400 952 713 1052 912 1510 1160 1378 880 859 997 1503 1043 1840 1496 1383 890 1607 1579 1472 1389 1470 1362 1775 827 508 1223 1352 1525 1175 1004 1211 0 1255 690 1247 730 931 1381 1385 932 1413 858 1297 760 626 1853 1758 1524 1385 1922 1366 1038 1855 1081 862 764 1602 470 1617 2141 631 1043
2619 2170 1796 2688 2142 1867 1662 1209 2170 175 819 1627 677 1036 1782 1509 2287 1109 1540 2002 1801 1038 2079 747 944 880 1549 1053 1837 1904 996 1884 1353 1201 691 2454 1087 1467 1402 1275 1838 1848 1579 1652 1870 967 1309 1102 1996 1013 2332 1774 1876 1897 1677 2071 630 311 532 267 1970 724 832 986 1845 2017 1011 1496 1704 1255 0 672 928 1580 1232 491 1878 1476 1773 928 317 1099 944 2346 2250 2016 1455 2415 1859 1530 1925 1574 648 1249 1961 1471 541 2204 670 1113
2136 1687 1232 2204 1666 1384 1097 644 1687 704 1249 1063 1129 553 1299 945 1811 625 1056 1518 1317 555 1595 233 807 306 1065 570 1353 1339 554 1401 1069 717 74 1971 603 925 918 791 1274 1283 1096 1169 1387 484 826 733 1512 788 1849 1290 1392 1333 1193 1588 936 806 887 779 1487 198 267 810 1361 1534 761 1013 1220 690 672 0 833 1015 667 798 1394 993 1289 444 714 535 379 1862 1767 1533 971 1931 1375 1047 1441 1090 556 765 1478 988 1034 1727 317 629
2365 2007 1958 2524 1233 1613 1823 1370 2007 947 497 1618 384 873 1528 1496 1378 835 1279 1747 1581 875 1824 779 27 877 1245 574 1635 1928 450 1721 442 1037 852 2262 832 1307 1238 1111 1999 1950 1325 1489 1678 612 1146 1459 1832 1514 2140 1519 1712 1847 1330 1908 1409 1023 1296 717 1716 837 993 70 1681 1854 138 1333 1540 1247 928 833 0 1741 1393 1270 1676 1313 1518 504 1096 1260 1105 2154 2058 1853 617 2223 1657 1367 1670 1410 1206 1085 1707 1308 1304 1295 1043 807
2601 2136 475 2653 2574 1966 176 492 2136 1612 2157 584 2037 1283 2195 552 2718 1533 1953 2100 1828 1143 2078 1162 1715 997 1962 1478 1803 645 1462 1850 1977 995 1034 2420 1511 717 1414 1171 393 610 1998 1618 1836 1392 1322 948 1961 1101 2298 1955 1841 660 2090 2037 1607 1714 1795 1687 2233 1140 779 1718 1810 1983 1669 1462 1669 730 1580 1015 1741 0 552 1706 1843 1390 1871 1352 1622 532 713 2312 2216 1982 1879 2380 1825 1496 2338 1539 1027 1222 2060 787 1942 2635 982 1537
2696 2246 737 2764 2226 1944 634 407 2246 1264 1809 976 1689 1112 1858 943 2370 1185 1616 2078 1877 1115 2155 814 1366 847 1625 1129 1913 1060 1114 1960 1628 1277 686 2530 1163 1109 1478 1351 780 1005 1656 1728 1946 1043 1385 486 2072 655 2409 1850 1952 1055 1753 2148 1248 1366 1447 1339 2046 792 430 1370 1921 2093 1321 1572 1780 931 1232 667 1393 552 0 1358 1954 1552 1849 1004 1274 366 473 2422 2326 2092 1531 2491 1935 1606 2001 1650 679 1325 2037 1179 1594 2287 634 1189
2745 2296 1922 2814 2275 1993 1788 1335 2296 449 1161 1753 1020 1162 1908 1635 2420 1235 1666 2128 1927 1164 2205 873 1286 1006 1675 1179 1963 2030 1164 2010 1670 1327 817 2580 1213 1593 1528 1401 1964 1974 1705 1778 1996 1093 1435 1201 2122 994 2458 1900 2002 2023 1803 2197 267 492 221 610 2096 850 958 1328 1971 2143 1353 1622 1830 1381 491 798 1270 1706 1358 0 2004 1602 1899 1054 200 1225 1070 2472 2376 2142 1581 2541 1985 1656 2051 1700 774 1375 2087 1597 583 2337 796 1239
1071 960 2215 1899 1737 495 1925 1927 960 1910 2091 1523 1972 996 1290 1394 2055 1049 1048 917 518 911 406 1440 1649 1431 1057 1289 337 1759 1397 1095 1660 868 1413 917 1028 1173 875 760 2165 1781 919 863 488 1267 863 2020 1207 2074 795 805 1087 1678 1185 1283 2142 2012 2093 1985 1083 1451 1554 1652 1056 1228 1603 809 915 1385 1878 1394 1676 1843 1954 2004 0 687 722 1258 1920 1821 1666 809 713 1220 1395 877 88 843 1393 785 1767 724 655 1203 2240 1798 1604 1053
1445 840 1762 1357 1731 810 1472 1483 840 1508 1728 1070 1609 595 1284 941 2049 1032 1042 944 709 509 922 1039 1286 1007 1051 1049 646 1305 1034 554 1548 415 1012 1264 903 719 473 334 1712 1327 913 322 680 956 462 1619 665 1673 1142 798 545 1224 1179 741 1741 1610 1692 1583 1077 1050 1152 1289 514 687 1240 357 373 932 1476 993 1313 1390 1552 1602 687 0 715 924 1518 1420 1264 1155 1060 686 1389 1202 668 317 1391 243 1366 322 904 749 1838 1792 1202 1047
1071 1409 2243 1927 1572 319 1953 1826 1409 1805 1934 1551 1814 1005 1126 1422 1891 892 890 374 675 939 532 1359 1492 1333 899 1131 681 1787 1239 1123 1502 896 1308 1308 870 1201 903 788 2193 1809 476 891 724 1109 840 1915 1235 1970 1186 128 1115 1706 1028 1311 2037 1907 1988 1880 406 1346 1449 1495 1084 1256 1446 837 943 1413 1773 1289 1518 1871 1849 1899 722 715 0 1101 1815 1716 1561 1200 1104 1255 1238 1269 703 871 809 813 1662 752 333 1231 2135 1634 1499 896
