NAME: zurich_100_12
COMMENT: TSP instance with 100 nodes. City: Zurich, Switzerland, Seed: 54
TYPE: TSP
DIMENSION: 100
EDGE_WEIGHT_TYPE: EXPLICIT
EDGE_WEIGHT_FORMAT: FULL_MATRIX
NODE_COORD_SECTION:
1 47.3503985 8.5249834
2 47.3401549 8.2976598
3 47.5174071 8.6450982
4 47.4716406 8.3070807
5 47.4527611 8.5733121
6 47.4066284 8.2816413
7 47.4210927 8.3059604
8 47.4414261 8.5251092
9 47.3289791 8.5411551
10 47.3359307 8.2998712
11 47.3871949 8.7829032
12 47.2869704 8.4395238
13 47.2050014 8.5787428
14 47.2430747 8.6476451
15 47.3740333 8.4115753
16 47.3386745 8.6208801
17 47.2401255 8.6589993
18 47.3191429 8.5206969
19 47.3248241 8.6532285
20 47.4506893 8.3726781
21 47.2666282 8.689026
22 47.4422709 8.584597
23 47.4166199 8.44688
24 47.4602594 8.3271185
25 47.3241458 8.3789176
26 47.3898295 8.7479021
27 47.2694402 8.6472688
28 47.4954112 8.7230117
29 47.2465832 8.7565831
30 47.4311352 8.5636613
31 47.378634 8.519498
32 47.5143711 8.6414081
33 47.3866835 8.541561
34 47.2325743 8.3481473
35 47.4781108 8.3063811
36 47.3588044 8.27702
37 47.4053404 8.4478271
38 47.3747769 8.5516981
39 47.3448875 8.4707814
40 47.4369608 8.4624283
41 47.4050002 8.2758586
42 47.2925198 8.7702428
43 47.2885367 8.4314378
44 47.4269009 8.7706221
45 47.3956824 8.442861
46 47.5078957 8.7121092
47 47.2600585 8.5988803
48 47.4042894 8.7630257
49 47.2399181 8.6398366
50 47.263062 8.4236031
51 47.3716039 8.5477126
52 47.4558836 8.4376631
53 47.2011061 8.7761155
54 47.3410108 8.3961245
55 47.3153051 8.5786752
56 47.3918037 8.4752848
57 47.2961812 8.5617067
58 47.4205674 8.4109927
59 47.4309307 8.5500224
60 47.2498012 8.4957223
61 47.402503 8.4392453
62 47.5247547 8.7796146
63 47.4663943 8.6762111
64 47.2530503 8.5876247
65 47.5325966 8.7458191
66 47.400352 8.5820297
67 47.5104119 8.6421132
68 47.3644077 8.5552286
69 47.3842208 8.5485736
70 47.2878168 8.5402732
71 47.4884171 8.594891
72 47.3908931 8.7469996
73 47.5177309 8.6508999
74 47.4723305 8.7765267
75 47.4129225 8.4019847
76 47.4537921 8.4610345
77 47.3007296 8.6352919
78 47.4365362 8.5102037
79 47.2879253 8.5730372
80 47.2703105 8.5821524
81 47.4776112 8.4886579
82 47.4074653 8.3341772
83 47.5348558 8.7613853
84 47.2881019 8.6107614
85 47.2682409 8.3505491
86 47.3385648 8.2964325
87 47.449844 8.3551712
88 47.3219042 8.5420087
89 47.348465 8.7031524
90 47.4115515 8.5997764
91 47.2668447 8.6852963
92 47.1958577 8.4747496
93 47.3936525 8.5247169
94 47.399743 8.395171
95 47.3382436 8.5775773
96 47.1961935 8.680157
97 47.4093104 8.7605862
98 47.538972 8.2943267
99 47.4246585 8.6365495
100 47.4482591 8.3555506
EDGE_WEIGHT_SECTION:
0 1244 1507 1107 797 1390 1288 946 342 1275 1564 755 1148 843 710 856 864 362 972 1043 1563 841 823 1103 818 1329 1297 1324 1689 782 254 1477 391 1302 1165 1214 695 389 598 963 1386 1487 816 1486 690 1393 779 1476 761 769 340 1112 1376 597 775 540 493 909 723 1032 672 1562 1250 716 1626 699 1470 391 463 578 1064 1360 1476 1699 827 1074 1136 902 565 658 1199 1212 1594 1093 1213 1237 998 376 1299 792 1530 1148 435 800 616 899 1431 1845 887 977
1244 0 2376 1277 1654 724 834 1596 1284 92 2512 1104 2025 1785 1033 1928 1806 1380 2045 1506 2636 1699 1316 1458 726 2276 2369 2271 2762 1565 1334 2333 1471 838 1335 266 1185 1462 1154 1555 720 2560 1069 2433 1159 2340 1721 2423 1702 1041 1420 1622 2318 693 1848 1451 1435 1317 1456 1438 1124 2510 2197 1658 2574 1779 2326 1464 1543 1520 1920 2308 2409 2646 1190 1585 2209 1538 1506 1599 1719 891 2542 2166 661 29 1461 1318 2246 1713 2603 1521 1496 1062 1689 1841 2378 2014 1834 1440
1507 2376 0 1783 763 2456 2150 1167 1685 2407 1196 2072 2492 2187 1634 1593 2207 1705 1660 1718 2076 835 1383 1779 1950 960 2018 589 2047 891 1308 43 1177 2630 1841 2346 1399 1289 1923 1335 2452 1657 2134 1059 1515 374 2123 1049 2104 2097 1269 1402 2720 1730 1793 1572 1836 1415 935 2361 1467 552 631 2060 576 1076 102 1345 1189 1921 475 992 33 891 1483 1356 1830 1186 1908 2001 1138 1963 584 2064 2502 2369 1674 1720 1269 898 2043 2476 1193 1563 1626 2243 1004 2038 854 1653
1107 1277 1783 0 1061 878 497 1003 1250 1291 1919 1267 2056 1751 829 1656 1772 1345 1773 475 2372 1106 836 206 1145 1683 2105 1678 2431 971 922 1740 1045 1825 68 1012 751 1165 1120 884 874 2040 1329 1840 737 1747 1687 1830 1669 1292 1123 621 2285 925 1584 909 1401 596 863 1557 690 1917 1604 1625 1981 1232 1733 1192 1096 1486 1327 1715 1816 2053 499 806 1936 945 1473 1566 1033 605 1949 1902 1697 1249 332 1284 1653 1120 2339 1671 911 612 1425 1807 1785 740 1241 313
797 1654 763 1061 0 1733 1428 445 976 1685 1150 1350 1782 1477 911 1039 1498 996 1106 996 1658 159 660 1056 1228 915 1590 910 1663 169 599 720 468 1907 1118 1624 677 579 1203 612 1729 1272 1411 1072 792 979 1413 1062 1394 1375 559 679 2010 1007 1083 863 1127 693 212 1639 744 1148 595 1350 1213 463 713 636 480 1212 307 946 796 1285 761 642 1276 464 1198 1291 638 1241 1180 1401 1780 1647 951 1010 885 352 1625 1753 484 840 916 1533 1017 1622 473 930
1390 724 2456 878 1733 0 435 1676 1430 738 2591 1412 2236 1931 1170 2075 1952 1527 2191 1256 2782 1779 1401 1058 909 2356 2516 2350 2908 1644 1480 2413 1617 1426 935 458 1320 1608 1300 1623 62 2704 1390 2512 1305 2420 1867 2502 1849 1372 1566 1420 2464 839 1994 1569 1581 1255 1536 1728 1259 2589 2276 1804 2653 1904 2406 1610 1689 1666 1999 2387 2488 2725 1108 1598 2355 1617 1653 1746 1781 492 2621 2312 1188 695 1130 1464 2325 1793 2749 1851 1583 1104 1835 1987 2457 1615 1914 1112
1288 834 2150 497 1428 435 0 1370 1328 848 2286 1301 2134 1829 904 1972 1850 1425 2089 893 2680 1473 1133 678 798 2051 2414 2045 2780 1339 1289 2108 1412 1536 555 568 1052 1506 1198 1297 431 2408 1279 2207 1062 2115 1765 2197 1746 1351 1464 1039 2362 737 1892 1276 1479 956 1231 1617 991 2284 1971 1702 2348 1599 2100 1508 1463 1564 1694 2082 2183 2420 826 1224 2253 1312 1551 1643 1451 224 2316 2210 1298 805 750 1362 2020 1488 2647 1749 1278 838 1733 1885 2152 1234 1608 731
946 1596 1167 1003 445 1676 1370 0 1124 1627 1308 1292 1930 1625 854 1197 1646 1144 1264 795 1815 493 603 941 1170 1073 1739 1068 1821 350 706 1124 589 1850 1061 1566 619 719 1145 393 1672 1430 1354 1230 735 1137 1562 1220 1543 1317 707 416 2159 950 1232 853 1275 635 241 1582 687 1306 994 1499 1370 615 1117 784 619 1360 711 1104 1200 1443 703 369 1434 58 1347 1440 443 1183 1338 1550 1722 1589 838 1158 1042 510 1782 1696 563 783 1065 1681 1175 1446 631 819
342 1284 1685 1250 976 1430 1328 1124 0 1315 1743 795 1048 743 750 959 764 316 1076 1185 1666 1020 995 1246 858 1508 1400 1502 1793 960 433 1656 570 1342 1308 1254 864 493 638 1142 1427 1590 856 1664 838 1572 679 1654 661 810 455 1301 1277 637 878 718 360 1034 902 927 803 1741 1428 616 1805 878 1649 495 600 452 1242 1539 1655 1877 958 1264 1239 1080 465 558 1389 1268 1773 1196 1253 1277 1141 97 1477 971 1633 1188 614 862 720 799 1609 1987 1066 1120
1275 92 2407 1291 1685 738 848 1627 1315 0 2543 1061 1986 1816 1064 1959 1837 1411 2076 1537 2667 1730 1347 1472 683 2307 2400 2302 2793 1595 1365 2364 1502 802 1349 280 1216 1493 1185 1586 735 2590 1026 2464 1190 2371 1752 2454 1733 1002 1451 1653 2349 724 1879 1482 1466 1348 1487 1399 1155 2540 2228 1689 2605 1810 2357 1495 1574 1551 1951 2339 2440 2677 1221 1615 2240 1569 1537 1630 1750 906 2573 2196 625 63 1487 1349 2277 1744 2634 1482 1527 1093 1720 1872 2409 2028 1865 1465
1564 2512 1196 1919 1150 2591 2286 1308 1743 2543 0 2155 2549 2244 1769 1242 2265 1763 1110 1854 1448 1194 1518 1914 2086 238 1390 1013 1349 1137 1366 1238 1234 2703 1976 2482 1535 1346 1999 1470 2587 943 2217 406 1650 1082 2180 208 2161 2170 1326 1537 2777 1865 1589 1630 1894 1551 1076 2433 1602 1250 893 2117 1268 1133 1297 1403 1247 1979 1386 269 1165 818 1619 1500 1280 1327 1965 2058 1575 2099 1283 1515 2613 2505 1809 1777 705 951 1415 2549 1251 1698 1384 2300 269 2577 902 1788
755 1104 2072 1267 1350 1412 1301 1292 795 1061 2155 0 1050 1296 765 1439 1316 891 1556 1203 2147 1395 1012 1263 554 1920 1880 1915 2273 1261 845 2030 982 814 1325 1236 881 973 553 1252 1408 2070 61 2077 855 1984 1232 2067 1213 313 931 1318 1829 654 1358 1127 945 1051 1152 379 820 2153 1841 1169 2217 1290 2022 975 1054 852 1616 1951 2067 2290 975 1281 1719 1234 1017 1110 1415 1242 2185 1676 644 1092 1158 829 1890 1362 2113 653 1026 879 1200 1352 2022 2005 1478 1137
1148 2025 2492 2056 1782 2236 2134 1930 1048 1986 2549 1050 0 787 1556 1833 807 909 1950 1992 2540 1826 1801 2052 1541 2314 2274 2309 2666 1766 1239 2462 1376 1488 2114 2060 1670 1367 1341 1948 2233 2464 1111 2470 1644 2378 759 2461 704 1038 1325 2107 1339 1444 1752 1524 899 1840 1708 671 1609 2547 2235 554 2611 1684 2455 1369 1447 726 2048 2345 2461 2684 1764 2070 2113 1886 967 818 2195 2074 2579 2070 1536 2005 1947 1066 2283 1777 2507 691 1420 1668 1594 792 2415 2794 1872 1926
843 1785 2187 1751 1477 1931 1829 1625 743 1816 2244 1296 787 0 1251 1528 100 764 1645 1687 2235 1521 1496 1747 1359 2009 1969 2004 2361 1461 934 2157 1071 1843 1809 1755 1365 1062 1139 1643 1928 2159 1357 2165 1339 2073 350 2156 106 1311 1020 1802 840 1138 1447 1219 682 1535 1403 1090 1304 2242 1930 398 2306 1379 2150 1064 1142 799 1743 2040 2156 2379 1459 1765 1808 1581 677 491 1890 1769 2274 1765 1754 1778 1642 774 1978 1472 2202 1252 1115 1363 1289 447 2110 2489 1567 1621
710 1033 1634 829 911 1170 904 854 750 1064 1769 765 1556 1251 0 1395 1272 847 1511 764 2102 957 545 824 650 1534 1836 1529 2228 822 767 1591 902 1330 886 1003 414 928 588 813 1167 1891 826 1691 347 1598 1187 1681 1169 797 886 880 1785 430 1314 651 901 553 714 1062 353 1767 1455 1124 1831 1082 1584 930 953 986 1177 1565 1666 1904 425 842 1675 795 973 1066 976 778 1799 1632 1202 1026 720 784 1503 971 2069 1176 768 318 1155 1307 1636 1566 1092 698
856 1928 1593 1656 1039 2075 1972 1197 959 1959 1242 1439 1833 1528 1395 0 1548 1047 189 1591 810 1083 1338 1651 1502 1006 712 1410 906 1025 757 1635 676 1986 1713 1898 1207 578 1282 1337 2071 704 1500 1320 1243 1479 1464 1234 1445 1454 541 1425 2061 1282 404 1059 1177 1439 965 1717 1224 1648 1288 1401 1712 887 1691 464 661 1263 1305 1038 1562 1668 1376 1388 353 1205 1249 1342 1463 1836 1680 588 1897 1921 1547 1009 732 798 777 1833 834 1445 337 1584 1189 2393 971 1525
864 1806 2207 1772 1498 1952 1850 1646 764 1837 2265 1316 807 100 1272 1548 0 785 1665 1707 2256 1542 1517 1768 1380 2029 1990 2024 2382 1482 954 2178 1091 1864 1829 1776 1386 1082 1160 1663 1948 2180 1378 2186 1360 2093 322 2176 127 1331 1040 1823 750 1159 1468 1240 699 1555 1424 1110 1325 2263 1950 418 2327 1399 2170 1084 1163 819 1764 2061 2176 2399 1480 1785 1829 1602 648 463 1911 1789 2295 1786 1775 1799 1663 795 1999 1492 2223 1273 1135 1384 1309 438 2131 2509 1587 1642
362 1380 1705 1345 996 1527 1425 1144 316 1411 1763 891 909 764 847 1047 785 0 1164 1280 1754 1040 1043 1340 955 1528 1488 1522 1880 980 453 1676 590 1439 1402 1350 914 581 734 1161 1523 1678 953 1684 923 1592 700 1674 681 906 538 1324 1297 734 966 738 394 1130 922 718 899 1761 1448 627 1825 898 1669 583 661 235 1262 1559 1675 1897 1054 1287 1327 1100 476 568 1416 1364 1793 1284 1349 1373 1235 256 1497 990 1721 1184 634 958 808 820 1629 2082 1086 1214
972 2045 1660 1773 1106 2191 2089 1264 1076 2076 1110 1556 1950 1645 1511 189 1665 1164 0 1708 638 1150 1454 1768 1619 922 529 1477 734 1092 873 1702 793 2103 1830 2015 1323 694 1399 1426 2188 532 1617 1199 1360 1546 1581 1111 1562 1571 658 1492 2178 1398 478 1175 1294 1506 1032 1833 1341 1715 1355 1518 1779 954 1758 581 778 1379 1372 953 1629 1611 1492 1455 170 1283 1366 1459 1530 1953 1747 405 2014 2038 1663 1126 543 865 605 1949 951 1561 454 1700 1066 2510 1038 1642
1043 1506 1718 475 996 1256 893 795 1185 1537 1854 1203 1992 1687 764 1591 1707 1280 1708 0 2307 1041 673 364 1081 1618 2041 1613 2366 907 857 1676 980 1760 540 1389 674 1100 1055 611 1252 1975 1264 1775 670 1682 1623 1765 1604 1227 1058 380 2220 860 1519 844 1336 405 798 1492 612 1852 1539 1560 1916 1167 1668 1127 1031 1421 1262 1650 1751 1988 417 564 1871 740 1408 1501 791 820 1884 1837 1632 1499 183 1219 1588 1055 2274 1606 846 531 1360 1743 1720 1159 1176 162
1563 2636 2076 2372 1658 2782 2680 1815 1666 2667 1448 2147 2540 2235 2102 810 2256 1754 638 2307 0 1702 2025 2367 2210 1259 333 1893 560 1644 1464 2119 1414 2694 2429 2606 1922 1315 1990 1978 2778 729 2208 1537 1951 1962 2171 1448 2153 2161 1278 2044 2768 1989 814 1766 1885 2058 1584 2424 1940 2131 1797 2108 2196 1506 2177 1202 1399 1970 1924 1291 2045 1948 2092 2007 490 1834 1957 2050 2082 2552 2163 563 2605 2629 2263 1717 881 1416 36 2540 1572 2161 1039 2291 1403 3084 1443 2241
841 1699 835 1106 159 1779 1473 493 1020 1730 1194 1395 1826 1521 957 1083 1542 1040 1150 1041 1702 0 706 1102 1273 959 1634 954 1707 198 643 793 512 1953 1164 1669 722 623 1248 658 1775 1316 1457 1116 838 1023 1457 1106 1438 1420 603 725 2054 1053 1128 907 1171 738 261 1685 790 1192 634 1394 1257 507 785 680 524 1256 396 990 868 1329 806 687 1320 512 1243 1335 687 1286 1225 1445 1825 1692 997 1054 929 396 1669 1799 528 886 960 1577 1061 1752 492 976
823 1316 1383 836 660 1401 1133 603 995 1347 1518 1012 1801 1496 545 1338 1517 1043 1454 673 2025 706 0 818 890 1283 1787 1278 2030 571 603 1340 697 1570 893 1286 131 828 863 519 1398 1640 1074 1439 255 1347 1432 1430 1414 1037 800 628 2030 670 1265 469 1146 268 463 1302 198 1516 1204 1370 1580 831 1333 874 748 1231 926 1314 1415 1653 337 591 1618 544 1218 1311 725 909 1548 1583 1442 1309 641 1029 1252 720 1992 1416 544 420 1107 1552 1384 1573 841 620
1103 1458 1779 206 1056 1058 678 941 1246 1472 1914 1263 2052 1747 824 1651 1768 1340 1768 364 2367 1102 818 0 1141 1679 2101 1674 2426 967 917 1736 1040 1820 271 1192 746 1160 1116 788 1055 2036 1324 1835 732 1743 1683 1826 1664 1288 1119 526 2280 920 1579 904 1397 554 859 1552 685 1912 1600 1620 1976 1227 1729 1187 1092 1482 1322 1710 1811 2049 494 710 1932 886 1468 1561 937 785 1944 1897 1693 1429 221 1280 1648 1116 2334 1667 906 608 1421 1803 1780 890 1237 202
818 726 1950 1145 1228 909 798 1170 858 683 2086 554 1541 1359 650 1502 1380 955 1619 1081 2210 1273 890 1141 0 1851 1944 1845 2336 1139 908 1908 1045 841 1203 733 759 1036 728 1130 905 2134 532 2007 733 1914 1295 1997 1276 603 994 1196 1892 234 1422 1026 1009 929 1030 870 698 2084 1771 1232 2148 1353 1900 1038 1117 1094 1494 1882 1983 2220 853 1159 1783 1112 1081 1174 1293 739 2116 1740 603 714 1036 892 1820 1287 2177 1083 1070 757 1263 1415 1952 1883 1408 1015
1329 2276 960 1683 915 2356 2051 1073 1508 2307 238 1920 2314 2009 1534 1006 2029 1528 922 1618 1259 959 1283 1679 1851 0 1202 777 1245 902 1131 1003 999 2467 1741 2246 1300 1111 1763 1235 2352 854 1981 318 1415 847 1945 230 1926 1935 1091 1302 2542 1630 1399 1394 1658 1315 841 2198 1367 1016 658 1882 1080 898 1062 1167 1012 1743 1151 34 930 730 1383 1264 1092 1092 1730 1823 1340 1864 1048 1326 2378 2269 1574 1542 491 715 1226 2314 1016 1463 1148 2065 185 2341 667 1553
1297 2369 2018 2105 1590 2516 2414 1739 1400 2400 1390 1880 2274 1969 1836 712 1990 1488 529 2041 333 1634 1787 2101 1944 1202 0 1835 744 1575 1198 2061 1182 2428 2163 2339 1656 1084 1723 1842 2512 790 1942 1479 1684 1904 1905 1391 1886 1895 1046 1948 2502 1723 547 1500 1619 1923 1516 2158 1674 2074 1740 1842 2138 1448 2120 995 1191 1704 1856 1233 1987 1891 1825 1911 359 1710 1690 1783 2015 2286 2106 301 2338 2362 1996 1450 823 1359 300 2274 1340 1894 773 2025 1345 2843 1385 1975
1324 2271 589 1678 910 2350 2045 1068 1502 2302 1013 1915 2309 2004 1529 1410 2024 1522 1477 1613 1893 954 1278 1674 1845 777 1835 0 1864 896 1125 632 994 2462 1735 2241 1294 1106 1758 1230 2347 1474 1976 801 1410 244 1940 866 1921 1930 1086 1296 2537 1625 1610 1389 1653 1310 836 2192 1362 493 427 1877 500 893 603 1162 1006 1738 905 809 558 477 1378 1259 1647 1087 1725 1818 1334 1858 527 1881 2373 2264 1569 1537 1086 715 1860 2308 1010 1458 1443 2060 821 2336 671 1548
1689 2762 2047 2431 1663 2908 2780 1821 1793 2793 1349 2273 2666 2361 2228 906 2382 1880 734 2366 560 1707 2030 2426 2336 1245 744 1864 0 1649 1590 2090 1510 2820 2488 2732 2040 1411 2116 1983 2905 431 2334 1522 2077 1934 2298 1434 2279 2288 1374 2049 2895 2115 1213 1892 2011 2063 1589 2550 2058 2103 1769 2235 2167 1628 2149 1298 1495 2096 1929 1276 2017 1934 2131 2012 854 1839 2083 2176 2087 2611 2135 965 2731 2755 2322 1843 959 1463 527 2666 1668 2211 1171 2417 1389 3089 1414 2300
782 1565 891 971 169 1644 1339 350 960 1595 1137 1261 1766 1461 822 1025 1482 980 1092 907 1644 198 571 967 1139 902 1575 896 1649 0 580 848 441 1818 1029 1534 588 564 1114 523 1640 1259 1322 1058 703 966 1397 1048 1379 1285 543 590 1995 918 1068 823 1111 604 117 1550 655 1135 738 1334 1199 417 841 620 459 1196 435 933 924 1271 671 552 1262 369 1183 1276 581 1152 1167 1386 1691 1557 862 994 871 326 1611 1664 445 751 901 1517 1003 1629 460 841
254 1334 1308 922 599 1480 1289 706 433 1365 1366 845 1239 934 767 757 954 453 873 857 1464 643 603 917 908 1131 1198 1125 1590 580 0 1279 242 1392 979 1304 472 286 688 751 1477 1388 906 1287 513 1195 870 1277 851 860 228 886 1467 688 676 340 583 739 525 1122 490 1364 1051 807 1428 501 1271 292 302 668 865 1162 1278 1500 641 848 1037 648 655 748 983 1102 1396 994 1303 1327 812 467 1100 593 1431 1239 181 710 518 990 1232 1659 688 791
1477 2333 43 1740 720 2413 2108 1124 1656 2364 1238 2030 2462 2157 1591 1635 2178 1676 1702 1676 2119 793 1340 1736 1908 1003 2061 632 2090 848 1279 0 1147 2587 1798 2303 1357 1259 1883 1292 2409 1700 2091 1102 1472 417 2093 1092 2074 2054 1239 1359 2690 1687 1763 1542 1807 1372 893 2319 1424 594 616 2030 619 1119 59 1316 1160 1892 432 1034 76 934 1440 1321 1873 1143 1878 1971 1180 1921 627 2078 2460 2326 1631 1690 1312 940 2086 2433 1164 1520 1596 2213 1047 2081 896 1610
391 1471 1177 1045 468 1617 1412 589 570 1502 1234 982 1376 1071 902 676 1091 590 793 980 1414 512 697 1040 1045 999 1182 994 1510 441 242 1147 0 1529 1102 1441 595 139 825 662 1614 1308 1043 1156 661 1063 1007 1146 988 997 135 768 1604 825 660 549 720 789 393 1259 613 1232 920 944 1297 369 1140 212 86 805 734 1030 1146 1369 765 731 957 530 792 885 865 1225 1264 978 1440 1464 935 604 969 462 1381 1376 172 833 493 1127 1101 1782 557 914
1302 838 2630 1825 1907 1426 1536 1850 1342 802 2703 814 1488 1843 1330 1986 1864 1439 2103 1760 2694 1953 1570 1820 841 2467 2428 2462 2820 1818 1392 2587 1529 0 1882 1026 1438 1520 1152 1809 1422 2618 779 2624 1412 2531 1779 2614 1760 533 1478 1875 2376 1023 1906 1676 1493 1608 1710 901 1377 2701 2388 1674 2765 1837 2580 1522 1601 1465 2173 2499 2615 2837 1532 1838 2267 1791 1565 1658 1972 1501 2733 2224 317 809 1716 1376 2437 1918 2661 892 1573 1436 1747 1897 2569 2562 2025 1694
1165 1335 1841 68 1118 935 555 1061 1308 1349 1976 1325 2114 1809 886 1713 1829 1402 1830 540 2429 1164 893 271 1203 1741 2163 1735 2488 1029 979 1798 1102 1882 0 1069 808 1222 1178 949 932 2098 1386 1897 794 1805 1745 1887 1726 1350 1181 686 2342 982 1641 966 1458 653 921 1614 747 1974 1661 1682 2038 1289 1791 1249 1153 1543 1384 1772 1873 2110 556 871 1994 1002 1530 1623 1098 662 2006 1959 1755 1306 397 1342 1710 1178 2396 1728 968 670 1483 1865 1842 737 1299 378
1214 266 2346 1012 1624 458 568 1566 1254 280 2482 1236 2060 1755 1003 1898 1776 1350 2015 1389 2606 1669 1286 1192 733 2246 2339 2241 2732 1534 1304 2303 1441 1026 1069 0 1155 1432 1124 1525 455 2529 1214 2403 1129 2310 1691 2393 1672 1207 1390 1528 2288 663 1817 1421 1405 1287 1426 1551 1094 2479 2167 1628 2544 1749 2296 1434 1513 1490 1890 2277 2379 2616 1160 1554 2179 1508 1476 1569 1688 626 2512 2135 849 237 1264 1288 2216 1683 2573 1675 1466 1032 1659 1811 2348 1749 1804 1245
695 1185 1399 751 677 1320 1052 619 864 1216 1535 881 1670 1365 414 1207 1386 914 1323 674 1922 722 131 746 759 1300 1656 1294 2040 588 472 1357 595 1438 808 1155 0 715 732 535 1317 1657 943 1456 123 1364 1301 1446 1282 906 674 645 1898 538 1134 337 1015 285 480 1170 67 1533 1220 1238 1597 809 1349 742 647 1100 943 1331 1432 1669 256 608 1487 561 1087 1179 742 828 1565 1452 1311 1178 634 898 1269 737 1889 1285 461 327 976 1421 1401 1488 857 612
389 1462 1289 1165 579 1608 1506 719 493 1493 1346 973 1367 1062 928 578 1082 581 694 1100 1315 623 828 1160 1036 1111 1084 1106 1411 564 286 1259 139 1520 1222 1432 715 0 816 801 1605 1209 1034 1268 765 1175 998 1258 979 988 59 907 1595 816 562 588 711 928 505 1250 733 1344 1032 935 1408 476 1252 113 122 796 846 1142 1258 1481 885 870 858 669 783 876 995 1345 1376 880 1431 1455 1056 543 1081 569 1282 1367 311 954 394 1118 1213 1902 669 1034
598 1154 1923 1120 1203 1300 1198 1145 638 1185 1999 553 1341 1139 588 1282 1160 734 1399 1055 1990 1248 863 1116 728 1763 1723 1758 2116 1114 688 1883 825 1152 1178 1124 732 816 0 1105 1297 1914 614 1920 704 1827 1075 1910 1056 620 774 1171 1672 507 1202 796 789 904 1005 860 673 1997 1684 1012 2061 1133 1875 818 897 853 1469 1795 1910 2133 828 1134 1563 1087 860 953 1268 1138 2029 1520 1063 1147 1011 672 1733 1205 1957 998 869 732 1043 1195 1865 1858 1321 990
963 1555 1335 884 612 1623 1297 393 1142 1586 1470 1252 1948 1643 813 1337 1663 1161 1426 611 1978 658 519 788 1130 1235 1842 1230 1983 523 751 1292 662 1809 949 1525 535 801 1105 0 1619 1592 1313 1392 659 1299 1579 1382 1560 1276 796 263 2176 909 1320 691 1292 513 415 1541 603 1468 1156 1516 1533 783 1285 872 707 1377 879 1266 1368 1605 582 225 1596 337 1364 1457 462 1143 1500 1638 1682 1548 685 1176 1205 672 1945 1655 580 664 1153 1699 1337 1302 793 666
1386 720 2452 874 1729 62 431 1672 1427 735 2587 1408 2233 1928 1167 2071 1948 1523 2188 1252 2778 1775 1398 1055 905 2352 2512 2347 2905 1640 1477 2409 1614 1422 932 455 1317 1605 1297 1619 0 2701 1386 2509 1302 2416 1864 2499 1845 1369 1563 1416 2461 836 1990 1566 1577 1251 1532 1724 1256 2585 2273 1801 2650 1900 2402 1607 1686 1662 1996 2383 2485 2722 1104 1595 2351 1614 1649 1742 1777 489 2617 2308 1184 692 1127 1461 2322 1789 2745 1847 1580 1101 1832 1984 2454 1611 1910 1108
1487 2560 1657 2040 1272 2704 2408 1430 1590 2590 943 2070 2464 2159 1891 704 2180 1678 532 1975 729 1316 1640 2036 2134 854 790 1474 431 1259 1388 1700 1308 2618 2098 2529 1657 1209 1914 1592 2701 0 2132 1131 1772 1543 2095 1043 2076 2085 1172 1659 2692 1913 1010 1690 1809 1672 1198 2348 1724 1712 1378 2032 1776 1255 1758 1095 1293 1894 1538 885 1626 1543 1740 1621 702 1449 1880 1973 1697 2221 1744 937 2528 2552 1931 1640 570 1072 695 2464 1373 1820 968 2215 998 2698 1024 1910
816 1069 2134 1329 1411 1390 1279 1354 856 1026 2217 61 1111 1357 826 1500 1378 953 1617 1264 2208 1457 1074 1324 532 1981 1942 1976 2334 1322 906 2091 1043 779 1386 1214 943 1034 614 1313 1386 2132 0 2138 916 2045 1293 2128 1274 297 992 1379 1890 712 1420 1189 1007 1112 1214 440 881 2215 1902 1230 2279 1351 2084 1036 1115 913 1677 2013 2128 2351 1036 1342 1781 1295 1079 1171 1476 1220 2247 1738 608 1057 1220 890 1951 1423 2175 714 1087 940 1261 1413 2083 2066 1539 1198
1486 2433 1059 1840 1072 2512 2207 1230 1664 2464 406 2077 2470 2165 1691 1320 2186 1684 1199 1775 1537 1116 1439 1835 2007 318 1479 801 1522 1058 1287 1102 1156 2624 1897 2403 1456 1268 1920 1392 2509 1131 2138 0 1571 869 2101 203 2083 2092 1247 1458 2699 1786 1677 1551 1815 1472 998 2354 1523 902 757 2038 909 1055 1161 1324 1168 1900 1249 350 1028 459 1540 1421 1369 1248 1887 1980 1496 2020 935 1604 2535 2426 1731 1698 794 876 1503 2470 1172 1620 1462 2221 165 2498 833 1709
690 1159 1515 737 792 1305 1062 735 838 1190 1650 855 1644 1339 347 1243 1360 923 1360 670 1951 838 255 732 733 1415 1684 1410 2077 703 513 1472 661 1412 794 1129 123 765 704 659 1302 1772 916 1571 0 1479 1275 1562 1256 880 714 761 1872 512 1163 344 989 332 595 1144 76 1648 1336 1212 1712 875 1465 779 713 1074 1058 1446 1547 1785 265 723 1524 676 1060 1153 857 837 1680 1481 1285 1152 625 872 1384 852 1918 1259 527 301 1004 1395 1517 1474 973 604
1393 2340 374 1747 979 2420 2115 1137 1572 2371 1082 1984 2378 2073 1598 1479 2093 1592 1546 1682 1962 1023 1347 1743 1914 847 1904 244 1934 966 1195 417 1063 2531 1805 2310 1364 1175 1827 1299 2416 1543 2045 869 1479 0 2009 935 1990 1999 1155 1366 2606 1694 1679 1458 1722 1379 905 2261 1431 433 504 1946 397 962 476 1231 1075 1807 817 878 344 546 1447 1328 1716 1156 1794 1887 1404 1928 465 1951 2442 2333 1638 1606 1156 784 1929 2378 1080 1527 1512 2129 890 2403 740 1617
779 1721 2123 1687 1413 1867 1765 1562 679 1752 2180 1232 759 350 1187 1464 322 700 1581 1623 2171 1457 1432 1683 1295 1945 1905 1940 2298 1397 870 2093 1007 1779 1745 1691 1301 998 1075 1579 1864 2095 1293 2101 1275 2009 0 2092 325 1247 956 1738 994 1075 1383 1155 412 1471 1339 1062 1240 2178 1866 214 2242 1315 2086 1000 1079 578 1679 1976 2092 2315 1395 1701 1744 1517 326 141 1826 1705 2210 1701 1690 1714 1578 659 1914 1408 2138 1225 1051 1299 1225 517 2046 2425 1503 1557
1476 2423 1049 1830 1062 2502 2197 1220 1654 2454 208 2067 2461 2156 1681 1234 2176 1674 1111 1765 1448 1106 1430 1826 1997 230 1391 866 1434 1048 1277 1092 1146 2614 1887 2393 1446 1258 1910 1382 2499 1043 2128 203 1562 935 2092 0 2073 2082 1238 1448 2689 1777 1589 1541 1805 1462 988 2344 1514 1058 747 2029 1066 1045 1151 1314 1158 1890 1240 261 1019 615 1530 1411 1281 1239 1877 1970 1486 2010 1092 1515 2525 2416 1721 1689 705 867 1415 2460 1162 1610 1376 2212 66 2488 807 1700
761 1702 2104 1669 1394 1849 1746 1543 661 1733 2161 1213 704 106 1169 1445 127 681 1562 1604 2153 1438 1414 1664 1276 1926 1886 1921 2279 1379 851 2074 988 1760 1726 1672 1282 979 1056 1560 1845 2076 1274 2083 1256 1990 325 2073 0 1228 937 1719 841 1056 1364 1137 599 1452 1320 1007 1221 2159 1847 315 2223 1296 2067 981 1060 716 1661 1957 2073 2296 1376 1682 1725 1499 648 463 1807 1686 2191 1682 1671 1695 1559 691 1896 1389 2119 1170 1032 1280 1206 364 2028 2406 1484 1538
769 1041 2097 1292 1375 1372 1351 1317 810 1002 2170 313 1038 1311 797 1454 1331 906 1571 1227 2161 1420 1037 1288 603 1935 1895 1930 2288 1285 860 2054 997 533 1350 1207 906 988 620 1276 1369 2085 297 2092 880 1999 1247 2082 1228 0 946 1343 1844 679 1373 1143 960 1076 1177 451 845 2168 1856 1184 2232 1305 2047 990 1069 985 1641 1966 2082 2305 1000 1305 1734 1259 1032 1125 1440 1292 2200 1691 552 1021 1183 844 1904 1386 2128 566 1041 904 1215 1367 2037 2029 1493 1162
340 1420 1269 1123 559 1566 1464 707 455 1451 1326 931 1325 1020 886 541 1040 538 658 1058 1278 603 800 1119 994 1091 1046 1086 1374 543 228 1239 135 1478 1181 1390 674 59 774 796 1563 1172 992 1247 714 1155 956 1238 937 946 0 902 1553 774 524 530 669 923 485 1208 692 1324 1011 893 1388 461 1232 77 159 754 825 1122 1238 1460 843 865 821 664 741 834 984 1303 1356 842 1389 1413 1014 505 1060 554 1245 1325 294 912 357 1076 1192 1860 649 993
1112 1622 1402 621 679 1420 1039 416 1301 1653 1537 1318 2107 1802 880 1425 1823 1324 1492 380 2044 725 628 526 1196 1302 1948 1296 2049 590 886 1359 768 1875 686 1528 645 907 1171 263 1416 1659 1379 1458 761 1366 1738 1448 1719 1343 902 0 2335 975 1426 854 1452 655 482 1607 712 1535 1222 1675 1599 850 1352 979 813 1537 945 1333 1434 1671 680 185 1662 360 1524 1616 414 1029 1567 1744 1748 1615 422 1335 1271 739 2011 1722 730 788 1259 1858 1403 1251 860 403
1376 2318 2720 2285 2010 2464 2362 2159 1277 2349 2777 1829 1339 840 1785 2061 750 1297 2178 2220 2768 2054 2030 2280 1892 2542 2502 2537 2895 1995 1467 2690 1604 2376 2342 2288 1898 1595 1672 2176 2461 2692 1890 2699 1872 2606 994 2689 841 1844 1553 2335 0 1672 1980 1753 1215 2068 1936 1642 1837 2775 2463 931 2839 1912 2683 1597 1676 1332 2277 2573 2689 2912 1992 2298 2341 2115 1270 1083 2423 2302 2807 2298 2287 2311 2175 1307 2512 2005 2735 1804 1648 1896 1822 642 2644 3022 2100 2154
597 693 1730 925 1007 839 737 950 637 724 1865 654 1444 1138 430 1282 1159 734 1398 860 1989 1053 670 920 234 1630 1723 1625 2115 918 688 1687 825 1023 982 663 538 816 507 909 836 1913 712 1786 512 1694 1075 1777 1056 679 774 975 1672 0 1201 805 788 708 810 944 477 1863 1550 1012 1927 1133 1680 818 896 873 1273 1661 1762 2000 632 938 1562 891 860 953 1072 677 1895 1519 785 686 815 671 1599 1067 1956 1058 849 536 1043 1194 1731 1662 1188 794
775 1848 1793 1584 1083 1994 1892 1232 878 1879 1589 1358 1752 1447 1314 404 1468 966 478 1519 814 1128 1265 1579 1422 1399 547 1610 1213 1068 676 1763 660 1906 1641 1817 1134 562 1202 1320 1990 1010 1420 1677 1163 1679 1383 1589 1364 1373 524 1426 1980 1201 0 978 1097 1401 1009 1636 1152 1848 1536 1320 1912 985 1756 473 669 1182 1350 1429 1762 1985 1303 1389 424 1188 1168 1261 1508 1764 1880 343 1816 1840 1474 928 1021 1078 781 1752 818 1372 251 1503 1544 2321 1173 1453
540 1451 1572 909 863 1569 1276 853 718 1482 1630 1127 1524 1219 651 1059 1240 738 1175 844 1766 907 469 904 1026 1394 1500 1389 1892 823 340 1542 549 1676 966 1421 337 588 796 691 1566 1690 1189 1551 344 1458 1155 1541 1137 1143 530 854 1753 805 978 0 869 611 755 1391 355 1627 1315 1092 1692 764 1535 594 602 954 1129 1426 1541 1764 544 817 1339 795 941 1034 961 1077 1660 1296 1568 1444 800 752 1364 857 1733 1522 417 601 819 1275 1496 1646 952 778
493 1435 1836 1401 1127 1581 1479 1275 360 1466 1894 945 899 682 901 1177 699 394 1294 1336 1885 1171 1146 1397 1009 1658 1619 1653 2011 1111 583 1807 720 1493 1458 1405 1015 711 789 1292 1577 1809 1007 1815 989 1722 412 1805 599 960 669 1452 1215 788 1097 869 0 1184 1053 850 954 1892 1579 458 1956 1028 1799 713 792 275 1393 1690 1805 2028 1109 1414 1458 1231 167 271 1540 1418 1924 1415 1404 1428 1292 311 1628 1121 1852 1316 764 1013 938 738 1760 2138 1216 1271
909 1317 1415 596 693 1255 956 635 1034 1348 1551 1051 1840 1535 553 1439 1555 1130 1506 405 2058 738 268 554 929 1315 1923 1310 2063 604 739 1372 789 1608 653 1287 285 928 904 513 1251 1672 1112 1472 332 1379 1471 1462 1452 1076 923 655 2068 708 1401 611 1184 0 495 1340 262 1549 1236 1408 1613 864 1365 1000 834 1270 959 1347 1448 1685 207 623 1676 577 1256 1349 758 763 1581 1719 1481 1310 373 1068 1285 752 2025 1454 694 290 1243 1591 1417 1333 873 352
723 1456 935 863 212 1536 1231 241 902 1487 1076 1152 1708 1403 714 965 1424 922 1032 798 1584 261 463 859 1030 841 1516 836 1589 117 525 893 393 1710 921 1426 480 505 1005 415 1532 1198 1214 998 595 905 1339 988 1320 1177 485 482 1936 810 1009 755 1053 495 0 1442 547 1074 762 1276 1138 389 885 562 406 1138 479 872 968 1211 563 444 1202 260 1124 1217 508 1044 1106 1327 1582 1449 754 936 811 278 1551 1556 408 643 842 1459 943 1521 399 733
1032 1438 2361 1557 1639 1728 1617 1582 927 1399 2433 379 671 1090 1062 1717 1110 718 1833 1492 2424 1685 1302 1552 870 2198 2158 2192 2550 1550 1122 2319 1259 901 1614 1551 1170 1250 860 1541 1724 2348 440 2354 1144 2261 1062 2344 1007 451 1208 1607 1642 944 1636 1391 850 1340 1442 0 1109 2431 2118 857 2495 1567 2311 1252 1331 587 1905 2229 2345 2567 1264 1570 1997 1523 918 1011 1704 1558 2463 1954 949 1418 1447 867 2167 1650 2391 489 1304 1168 1477 1095 2299 2294 1755 1426
672 1124 1467 690 744 1259 991 687 803 1155 1602 820 1609 1304 353 1224 1325 899 1341 612 1940 790 198 685 698 1367 1674 1362 2058 655 490 1424 613 1377 747 1094 67 733 673 603 1256 1724 881 1523 76 1431 1240 1514 1221 845 692 712 1837 477 1152 355 954 262 547 1109 0 1600 1288 1177 1664 827 1417 760 664 1039 1010 1398 1499 1737 195 675 1505 628 1025 1118 809 767 1632 1470 1250 1117 572 837 1336 804 1907 1223 479 266 994 1360 1468 1427 925 551
1562 2510 552 1917 1148 2589 2284 1306 1741 2540 1250 2153 2547 2242 1767 1648 2263 1761 1715 1852 2131 1192 1516 1912 2084 1016 2074 493 2103 1135 1364 594 1232 2701 1974 2479 1533 1344 1997 1468 2585 1712 2215 902 1648 433 2178 1058 2159 2168 1324 1535 2775 1863 1848 1627 1892 1549 1074 2431 1600 0 686 2115 205 1131 653 1401 1245 1977 1026 1047 521 578 1617 1497 1885 1325 1963 2056 1573 2097 136 2120 2611 2502 1807 1775 1325 953 2098 2547 1249 1696 1681 2298 1020 2574 909 1786
1250 2197 631 1604 595 2276 1971 994 1428 2228 893 1841 2235 1930 1455 1288 1950 1448 1355 1539 1797 634 1204 1600 1771 658 1740 427 1769 738 1051 616 920 2388 1661 2167 1220 1032 1684 1156 2273 1378 1902 757 1336 504 1866 747 1847 1856 1011 1222 2463 1550 1536 1315 1579 1236 762 2118 1288 686 0 1803 751 819 596 1088 932 1664 493 689 600 802 1304 1185 1525 1013 1651 1744 1212 1784 719 1760 2299 2190 1495 1462 980 641 1764 2234 936 1384 1369 1985 702 2208 493 1474
716 1658 2060 1625 1350 1804 1702 1499 616 1689 2117 1169 554 398 1124 1401 418 627 1518 1560 2108 1394 1370 1620 1232 1882 1842 1877 2235 1334 807 2030 944 1674 1682 1628 1238 935 1012 1516 1801 2032 1230 2038 1212 1946 214 2029 315 1184 893 1675 931 1012 1320 1092 458 1408 1276 857 1177 2115 1803 0 2179 1252 2023 937 1016 448 1616 1913 2029 2252 1332 1638 1681 1454 451 264 1763 1642 2147 1638 1627 1651 1515 647 1851 1345 2075 1020 988 1236 1162 454 1984 2362 1440 1494
1626 2574 576 1981 1213 2653 2348 1370 1805 2605 1268 2217 2611 2306 1831 1712 2327 1825 1779 1916 2196 1257 1580 1976 2148 1080 2138 500 2167 1199 1428 619 1297 2765 2038 2544 1597 1408 2061 1533 2650 1776 2279 909 1712 397 2242 1066 2223 2232 1388 1599 2839 1927 1912 1692 1956 1613 1138 2495 1664 205 751 2179 0 1195 677 1465 1309 2041 1050 1111 545 586 1681 1562 1949 1389 2028 2120 1637 2161 76 2184 2676 2567 1872 1839 1389 1017 2162 2611 1313 1760 1745 2362 1027 2608 973 1850
699 1779 1076 1232 463 1904 1599 615 878 1810 1133 1290 1684 1379 1082 887 1399 898 954 1167 1506 507 831 1227 1353 898 1448 893 1628 417 501 1119 369 1837 1289 1749 809 476 1133 783 1900 1255 1351 1055 875 962 1315 1045 1296 1305 461 850 1912 1133 985 764 1028 864 389 1567 827 1131 819 1252 1195 0 1136 537 380 1113 730 929 1045 1268 932 813 1124 634 1100 1193 888 1412 1163 1303 1748 1772 1122 912 868 255 1473 1684 386 1011 818 1435 1000 1890 452 1101
1470 2326 102 1733 713 2406 2100 1117 1649 2357 1297 2022 2455 2150 1584 1691 2170 1669 1758 1668 2177 785 1333 1729 1900 1062 2120 603 2149 841 1271 59 1140 2580 1791 2296 1349 1252 1875 1285 2402 1758 2084 1161 1465 476 2086 1151 2067 2047 1232 1352 2683 1680 1756 1535 1799 1365 885 2311 1417 653 596 2023 677 1136 0 1308 1152 1884 425 1093 135 957 1433 1314 1928 1136 1871 1964 1203 1913 685 2074 2452 2319 1624 1683 1371 965 2144 2426 1157 1513 1589 2206 1106 2139 897 1603
391 1464 1345 1192 636 1610 1508 784 495 1495 1403 975 1369 1064 930 464 1084 583 581 1127 1202 680 874 1187 1038 1167 995 1162 1298 620 292 1316 212 1522 1249 1434 742 113 818 872 1607 1095 1036 1324 779 1231 1000 1314 981 990 77 979 1597 818 473 594 713 1000 562 1252 760 1401 1088 937 1465 537 1308 0 221 798 902 1199 1314 1537 912 941 745 741 785 878 1060 1372 1433 791 1433 1457 1083 545 1099 630 1169 1369 370 981 281 1120 1269 1929 725 1061
463 1543 1189 1096 480 1689 1463 619 600 1574 1247 1054 1447 1142 953 661 1163 661 778 1031 1399 524 748 1092 1117 1012 1191 1006 1495 459 302 1160 86 1601 1153 1513 647 122 897 707 1686 1293 1115 1168 713 1075 1079 1158 1060 1069 159 813 1676 896 669 602 792 834 406 1331 664 1245 932 1016 1309 380 1152 221 0 877 746 1043 1159 1381 816 775 942 575 864 957 899 1276 1277 987 1512 1536 987 650 981 471 1366 1447 223 885 478 1198 1113 1833 569 965
578 1520 1921 1486 1212 1666 1564 1360 452 1551 1979 852 726 799 986 1263 819 235 1379 1421 1970 1256 1231 1482 1094 1743 1704 1738 2096 1196 668 1892 805 1465 1543 1490 1100 796 853 1377 1662 1894 913 1900 1074 1807 578 1890 716 985 754 1537 1332 873 1182 954 275 1270 1138 587 1039 1977 1664 448 2041 1113 1884 798 877 0 1478 1775 1891 2113 1194 1499 1543 1316 343 436 1625 1503 2009 1500 1428 1513 1377 392 1713 1206 1937 1053 849 1098 1023 855 1845 2223 1301 1356
1064 1920 475 1327 307 1999 1694 711 1242 1951 1386 1616 2048 1743 1177 1305 1764 1262 1372 1262 1924 396 926 1322 1494 1151 1856 905 1929 435 865 432 734 2173 1384 1890 943 846 1469 879 1996 1538 1677 1249 1058 817 1679 1240 1661 1641 825 945 2277 1273 1350 1129 1393 959 479 1905 1010 1026 493 1616 1050 730 425 902 746 1478 0 1182 507 1259 1027 908 1542 730 1465 1558 797 1507 1058 1668 2046 1913 1218 1276 1151 618 1891 2020 750 1107 1183 1799 1195 1804 693 1196
1360 2308 992 1715 946 2387 2082 1104 1539 2339 269 1951 2345 2040 1565 1038 2061 1559 953 1650 1291 990 1314 1710 1882 34 1233 809 1276 933 1162 1034 1030 2499 1772 2277 1331 1142 1795 1266 2383 885 2013 350 1446 878 1976 261 1957 1966 1122 1333 2573 1661 1429 1426 1690 1347 872 2229 1398 1047 689 1913 1111 929 1093 1199 1043 1775 1182 0 961 761 1415 1295 1123 1123 1761 1854 1371 1895 1079 1358 2409 2300 1605 1573 522 747 1257 2345 1047 1494 1179 2096 216 2372 698 1584
1476 2409 33 1816 796 2488 2183 1200 1655 2440 1165 2067 2461 2156 1666 1562 2176 1675 1629 1751 2045 868 1415 1811 1983 930 1987 558 2017 924 1278 76 1146 2615 1873 2379 1432 1258 1910 1368 2485 1626 2128 1028 1547 344 2092 1019 2073 2082 1238 1434 2689 1762 1762 1541 1805 1448 968 2345 1499 521 600 2029 545 1045 135 1314 1159 1891 507 961 0 861 1516 1383 1799 1219 1877 1970 1165 1996 553 2034 2525 2402 1707 1689 1239 867 2012 2461 1163 1596 1595 2212 973 2065 823 1685
1699 2646 891 2053 1285 2725 2420 1443 1877 2677 818 2290 2684 2379 1904 1668 2399 1897 1611 1988 1948 1329 1653 2049 2220 730 1891 477 1934 1271 1500 934 1369 2837 2110 2616 1669 1481 2133 1605 2722 1543 2351 459 1785 546 2315 615 2296 2305 1460 1671 2912 2000 1985 1764 2028 1685 1211 2567 1737 578 802 2252 586 1268 957 1537 1381 2113 1259 761 861 0 1753 1634 1781 1462 2100 2193 1709 2233 612 2015 2748 2639 1944 1911 1155 1090 1915 2683 1385 1833 1799 2435 577 2711 1046 1923
827 1190 1483 499 761 1108 826 703 958 1221 1619 975 1764 1459 425 1376 1480 1054 1492 417 2092 806 337 494 853 1383 1825 1378 2131 671 641 1440 765 1532 556 1160 256 885 828 582 1104 1740 1036 1540 265 1447 1395 1530 1376 1000 843 680 1992 632 1303 544 1109 207 563 1264 195 1617 1304 1332 1681 932 1433 912 816 1194 1027 1415 1516 1753 0 691 1656 645 1180 1273 826 615 1649 1621 1405 1183 381 992 1353 820 2059 1379 631 163 1145 1515 1485 1236 941 360
1074 1585 1356 806 642 1598 1224 369 1264 1615 1500 1281 2070 1765 842 1388 1785 1287 1455 564 2007 687 591 710 1159 1264 1911 1259 2012 552 848 1321 731 1838 871 1554 608 870 1134 225 1595 1621 1342 1421 723 1328 1701 1411 1682 1305 865 185 2298 938 1389 817 1414 623 444 1570 675 1497 1185 1638 1562 813 1314 941 775 1499 908 1295 1383 1634 691 0 1625 313 1486 1579 348 1172 1530 1707 1711 1577 607 1298 1234 701 1974 1684 693 771 1222 1821 1366 1189 822 588
1136 2209 1830 1936 1276 2355 2253 1434 1239 2240 1280 1719 2113 1808 1675 353 1829 1327 170 1871 490 1320 1618 1932 1783 1092 359 1647 854 1262 1037 1873 957 2267 1994 2179 1487 858 1563 1596 2351 702 1781 1369 1524 1716 1744 1281 1725 1734 821 1662 2341 1562 424 1339 1458 1676 1202 1997 1505 1885 1525 1681 1949 1124 1928 745 942 1543 1542 1123 1799 1781 1656 1625 0 1453 1530 1622 1700 2117 1917 235 2178 2202 1827 1289 713 1035 457 2113 1115 1725 595 1864 1236 2673 1208 1806
902 1538 1186 945 464 1617 1312 58 1080 1569 1327 1234 1886 1581 795 1205 1602 1100 1283 740 1834 512 544 886 1112 1092 1710 1087 1839 369 648 1143 530 1791 1002 1508 561 669 1087 337 1614 1449 1295 1248 676 1156 1517 1239 1499 1259 664 360 2115 891 1188 795 1231 577 260 1523 628 1325 1013 1454 1389 634 1136 741 575 1316 730 1123 1219 1462 645 313 1453 0 1303 1396 393 1125 1357 1506 1664 1531 782 1114 1061 529 1801 1638 505 725 1021 1637 1193 1390 650 764
565 1506 1908 1473 1198 1653 1551 1347 465 1537 1965 1017 967 677 973 1249 648 476 1366 1408 1957 1243 1218 1468 1081 1730 1690 1725 2083 1183 655 1878 792 1565 1530 1476 1087 783 860 1364 1649 1880 1079 1887 1060 1794 326 1877 648 1032 741 1524 1270 860 1168 941 167 1256 1124 918 1025 1963 1651 451 2028 1100 1871 785 864 343 1465 1761 1877 2100 1180 1486 1530 1303 0 187 1611 1490 1995 1486 1475 1499 1364 438 1700 1193 1924 1384 836 1084 1010 793 1832 2210 1288 1342
