NAME: zurich_100_26
COMMENT: TSP instance with 100 nodes. City: Zurich, Switzerland, Seed: 68
TYPE: TSP
DIMENSION: 100
EDGE_WEIGHT_TYPE: EXPLICIT
EDGE_WEIGHT_FORMAT: FULL_MATRIX
NODE_COORD_SECTION:
1 47.3310772 8.5394213
2 47.3518181 8.2778155
3 47.3936988 8.5389476
4 47.3256869 8.80537
5 47.3053751 8.6848462
6 47.380599 8.3198098
7 47.4296784 8.5739791
8 47.3657646 8.508015
9 47.4188115 8.3615413
10 47.3690377 8.3390785
11 47.1991605 8.5263439
12 47.3915533 8.4838777
13 47.4986808 8.7965766
14 47.3324243 8.4417869
15 47.3837827 8.2984191
16 47.4075907 8.5860348
17 47.2110997 8.7039738
18 47.5194727 8.5162214
19 47.3195325 8.7953098
20 47.2271321 8.6645351
21 47.3054385 8.7622497
22 47.5082209 8.720865
23 47.3623316 8.5504782
24 47.2078467 8.5266122
25 47.3748293 8.296903
26 47.4089614 8.4684944
27 47.359198 8.6272232
28 47.2060484 8.5203977
29 47.2316845 8.6341165
30 47.3551255 8.6267313
31 47.4570023 8.5266495
32 47.4954531 8.7327103
33 47.4059098 8.5483728
34 47.3301758 8.2963669
35 47.5224738 8.7878121
36 47.4457206 8.6938104
37 47.2600419 8.4266833
38 47.3443172 8.7015845
39 47.3946912 8.4191852
40 47.3447724 8.2797161
41 47.5020543 8.7258135
42 47.5174062 8.5435554
43 47.4299125 8.3704747
44 47.259516 8.6995571
45 47.392238 8.6311972
46 47.3298714 8.6229119
47 47.3789453 8.5291124
48 47.3053 8.3158142
49 47.2218391 8.3441081
50 47.3280682 8.6230061
51 47.4864842 8.3348477
52 47.3445871 8.6185577
53 47.423384 8.3171209
54 47.3654739 8.3641328
55 47.3607684 8.623216
56 47.5201308 8.3308768
57 47.2652329 8.6595809
58 47.3732747 8.3025333
59 47.3935699 8.4147968
60 47.4081312 8.60117
61 47.4090241 8.4629221
62 47.358404 8.5837022
63 47.4043899 8.2790554
64 47.5176833 8.6406828
65 47.4783622 8.7679918
66 47.350782 8.569192
67 47.3943869 8.5370355
68 47.5255657 8.516302
69 47.2656198 8.7316269
70 47.3766216 8.5183265
71 47.4125257 8.4492111
72 47.3945708 8.3883369
73 47.4172339 8.5441018
74 47.4216602 8.4359083
75 47.516118 8.5403662
76 47.3443004 8.701542
77 47.3544974 8.5553725
78 47.3130584 8.4670889
79 47.1990944 8.3593467
80 47.4110734 8.6354984
81 47.3215304 8.5866754
82 47.4515173 8.4381056
83 47.3138541 8.5945394
84 47.3845272 8.5483377
85 47.4454023 8.5870128
86 47.3579425 8.5088676
87 47.4246058 8.3002296
88 47.4606672 8.5844122
89 47.3573892 8.7293896
90 47.1971766 8.7308658
91 47.3784462 8.4320458
92 47.4847918 8.4977864
93 47.2019947 8.7891089
94 47.4829371 8.4623532
95 47.486403 8.4520604
96 47.5256347 8.5787917
97 47.3952888 8.7794565
98 47.2999006 8.6852274
99 47.5103646 8.5941687
100 47.405176 8.3045533
EDGE_WEIGHT_SECTION:
0 1163 611 1709 1243 1115 927 450 1101 951 1167 649 1891 675 1155 856 871 1336 1656 739 1591 1532 482 1186 1133 895 983 1217 534 1016 1136 1519 687 1315 1773 1195 805 1448 799 1239 1497 1323 1082 1663 1097 977 441 1313 1419 1011 1434 971 1328 861 971 1734 1510 1091 794 922 858 721 1409 1648 1771 682 598 1421 1562 386 894 926 798 1023 1298 1448 547 610 1541 970 858 1260 977 600 1006 365 1344 1030 1312 996 748 1435 1315 1395 1414 1537 1683 1296 1380 1268
1163 0 1451 2416 2117 651 1543 1289 1060 532 1792 1327 2598 942 274 1661 1851 1951 2363 1719 2448 2239 1357 1855 237 1277 1858 1739 1514 1891 1629 2226 1527 243 2480 1901 1191 2154 1119 101 2204 1939 1182 2538 1803 1851 1281 476 1071 1885 1286 1846 659 625 1845 1586 2385 290 1117 1597 1242 1596 528 2263 2478 1557 1437 2037 2436 1225 1153 951 1513 1253 1913 2154 1422 1054 1194 1677 1733 1562 1852 1454 1621 1204 657 1646 2018 1975 1007 1758 2295 1654 1673 2153 2389 2170 1995 490
611 1451 0 1190 1040 1403 397 405 895 1239 1595 473 1372 963 1443 337 1299 817 1137 1167 1223 1013 332 1614 1421 561 740 1573 962 774 617 1000 141 1603 1254 675 1092 929 635 1527 978 804 876 1460 577 774 195 1601 1707 807 1228 768 1318 1056 728 1519 1372 1379 635 403 524 497 1686 1128 1252 521 21 902 1359 271 608 897 237 672 778 929 408 898 1829 451 720 743 838 134 486 466 1352 511 792 1424 813 916 1743 835 854 1018 1164 1093 861 1515
1709 2416 1190 0 698 2368 1139 1513 1795 2204 2693 1577 1674 1954 2408 1016 2397 1535 116 2265 427 1407 1432 2712 2386 1577 1037 2671 2060 1047 1336 1394 1108 2568 1648 1065 2190 604 1529 2492 1372 1523 1776 833 930 936 1303 2566 2805 925 2127 1047 2217 1949 1040 2349 1044 2344 1529 931 1543 1223 2595 1553 1368 1299 1193 1621 716 1379 1471 1787 1208 1486 1497 604 1391 1996 2927 807 1172 1565 1131 1241 1134 1574 2252 1230 459 2522 1706 1635 2841 1656 1675 1737 764 713 1580 2415
1243 2117 1040 698 0 2070 1176 1129 1817 1905 2261 1295 1826 1629 2110 1005 1966 1577 588 1834 427 1533 819 2281 2087 1519 482 2239 1629 492 1378 1520 1117 2269 1774 1191 1759 413 1557 2194 1498 1564 1798 433 850 317 987 2267 2374 306 2150 427 2239 1815 505 2390 447 2045 1557 914 1482 700 2363 1679 1521 679 1026 1662 398 1036 1513 1819 1231 1528 1539 411 772 1564 2495 933 552 1607 512 945 1241 1140 2256 1271 539 2090 1702 1676 2410 1698 1717 1779 998 66 1621 2222
1115 651 1403 2368 2070 0 1495 1241 699 221 1744 1280 2550 895 377 1614 1803 1904 2315 1671 2401 2191 1309 1807 482 1229 1810 1691 1466 1843 1581 2178 1479 848 2432 1854 1204 2107 987 747 2156 1891 822 2490 1756 1804 1233 904 1483 1837 1042 1798 415 577 1797 1342 2337 473 971 1549 1194 1548 464 2215 2430 1509 1389 1989 2389 1177 1105 903 1465 1134 1865 2107 1374 1006 1606 1629 1685 1398 1804 1407 1574 1156 431 1598 1970 1928 959 1710 2247 1606 1625 2105 2342 2123 1948 311
927 1543 397 1139 1176 1495 0 731 922 1331 1908 783 1320 1082 1535 219 1614 541 1086 1482 1171 961 653 1929 1513 705 819 1861 1277 828 379 948 267 1695 1203 624 1380 877 656 1620 926 528 903 1602 521 1088 521 1693 1995 1121 1255 948 1345 1077 822 1476 1623 1471 656 269 670 816 1722 853 1201 842 399 626 1485 596 599 915 228 613 503 877 729 1175 2116 399 1040 692 1159 453 211 791 1379 235 741 1739 834 677 2058 753 803 743 1112 1242 585 1542
450 1289 405 1513 1129 1241 731 0 950 1077 1433 365 1695 753 1281 660 1137 1140 1460 1006 1477 1336 368 1453 1259 612 865 1411 801 899 935 1323 483 1441 1577 999 931 1252 674 1365 1301 1127 931 1550 901 863 223 1439 1545 897 1283 857 1373 987 852 1583 1396 1217 687 726 575 603 1535 1452 1575 569 391 1225 1448 140 641 939 563 767 1102 1252 433 736 1667 774 745 976 863 445 810 85 1395 834 1116 1262 715 1221 1582 1115 1134 1341 1487 1182 1184 1394
1101 1060 895 1795 1817 699 922 950 0 718 1730 743 1976 899 786 1040 1789 1330 1742 1657 1827 1618 1064 1793 890 673 1479 1677 1452 1488 1007 1605 946 1303 1859 1280 1197 1533 473 1161 1583 1317 158 2238 1182 1551 850 1401 1812 1585 708 1546 502 698 1482 1009 2093 882 457 976 638 1288 873 1642 1857 1265 874 1415 2130 820 567 422 892 507 1292 1533 1130 992 1933 1056 1441 773 1559 974 1000 998 616 1024 1397 1914 648 1137 2233 1021 1038 1532 1768 1870 1374 698
951 532 1239 2204 1905 221 1331 1077 718 0 1580 1115 2385 730 461 1449 1639 1739 2151 1507 2236 2027 1145 1642 501 1065 1646 1527 1302 1679 1417 2014 1315 684 2268 1689 1040 1942 907 608 1992 1726 840 2326 1591 1639 1069 740 1318 1673 1060 1634 434 413 1633 1361 2173 460 892 1385 1030 1384 549 2051 2266 1345 1225 1824 2224 1013 941 738 1301 1041 1701 1942 1210 842 1441 1465 1521 1350 1639 1242 1409 992 450 1434 1806 1763 794 1546 2083 1442 1461 1941 2177 1958 1783 373
1167 1792 1595 2693 2261 1744 1908 1433 1730 1580 0 1633 2874 1294 1784 1840 1110 2314 2640 960 2609 2516 1500 126 1761 1646 2002 166 755 2035 1998 2503 1671 1676 2757 2178 769 2431 1489 1854 2481 2301 1711 2682 2080 1995 1425 1517 1297 2029 2062 1990 1957 1490 1989 2363 2529 1720 1486 1905 1612 1739 2037 2625 2755 1701 1581 2399 2580 1369 1522 1554 1781 1652 2275 2431 1566 1084 1291 1954 1877 1932 1995 1598 1983 1348 1973 2008 2295 1235 1376 2128 1555 2024 2043 2515 2666 2314 2358 1897
649 1327 473 1577 1295 1280 783 365 743 1115 1633 0 1759 800 1320 724 1337 1204 1524 1205 1610 1400 534 1652 1297 428 1030 1611 1000 1064 954 1387 528 1479 1641 1063 1130 1316 463 1404 1365 1191 724 1715 965 1029 339 1478 1745 1062 1075 1023 1165 851 1017 1376 1562 1255 431 790 391 768 1543 1516 1639 734 451 1289 1614 287 364 661 599 493 1166 1316 599 931 1867 838 910 792 1029 552 874 410 1200 898 1180 1461 559 1046 1781 932 950 1405 1551 1347 1248 1363
1891 2598 1372 1674 1826 2550 1320 1695 1976 2385 2874 1759 0 2136 2590 1197 2579 1669 1640 2447 1747 529 1617 2894 2567 1759 1619 2852 2242 1628 1518 405 1290 2749 281 854 2372 1452 1710 2674 475 1502 1957 2178 1299 1906 1485 2748 2987 1940 2309 1748 2399 2131 1622 2530 2223 2525 1710 1112 1724 1656 2776 886 460 1807 1374 1677 2061 1561 1653 1969 1390 1668 1510 1452 1694 2177 3108 1027 2005 1746 2123 1422 1324 1756 2434 1411 1303 2703 1888 1816 3023 1838 1857 1227 1049 1842 1160 2596
675 942 963 1954 1629 895 1082 753 899 730 1294 800 2136 0 935 1195 1363 1490 1902 1231 1964 1777 869 1357 912 815 1370 1241 1026 1403 1167 1764 1039 1094 2019 1440 761 1693 658 1019 1742 1477 879 2050 1342 1363 793 963 1347 1397 1231 1358 1107 640 1357 1532 1897 870 655 1135 781 1108 1188 1802 2017 1069 949 1575 1948 737 691 723 1051 821 1452 1693 934 403 1470 1215 1245 1101 1364 966 1160 716 1124 1184 1557 1487 524 1297 1807 1193 1212 1691 1928 1682 1534 1047
1155 274 1443 2408 2110 377 1535 1281 786 461 1784 1320 2590 935 0 1654 1843 1944 2355 1711 2441 2231 1349 1847 105 1269 1850 1731 1506 1883 1621 2218 1519 518 2472 1894 1171 2147 1058 376 2196 1931 908 2530 1796 1844 1273 708 1287 1878 1012 1838 385 618 1838 1312 2377 96 1026 1589 1234 1588 256 2255 2470 1549 1429 2029 2429 1217 1145 943 1505 1220 1905 2147 1414 1046 1410 1669 1725 1422 1844 1447 1614 1196 383 1638 2010 1968 999 1751 2287 1617 1634 2145 2382 2163 1988 216
856 1661 337 1016 1005 1614 219 660 1040 1449 1840 724 1197 1195 1654 0 1544 745 963 1412 1048 839 582 1859 1631 810 648 1818 1207 657 581 826 251 1813 1080 501 1337 754 774 1738 804 733 1021 1439 351 934 450 1811 1952 968 1373 777 1463 1195 651 1594 1452 1589 774 148 774 685 1840 984 1078 772 339 831 1359 526 717 1033 301 732 707 754 659 1142 2074 277 970 810 1088 383 415 721 1498 440 618 1668 952 880 1988 902 921 947 989 1071 790 1660
871 1851 1299 2397 1966 1803 1614 1137 1789 1639 1110 1337 2579 1363 1843 1544 0 2024 2344 274 2314 2220 1205 1130 1820 1583 1706 1226 368 1739 1824 2207 1375 2003 2461 1882 1492 2136 1486 1927 2185 2011 1770 2386 1784 1700 1129 2001 2107 1733 2122 1694 2016 1549 1693 2422 2233 1779 1482 1610 1546 1444 2096 2335 2459 1405 1285 2109 2285 1073 1582 1613 1485 1711 1985 2136 1270 1297 2179 1658 1581 1947 1700 1303 1693 1052 2032 1718 1999 202 1435 2123 512 2083 2102 2225 2370 2019 2068 1956
1336 1951 817 1535 1577 1904 541 1140 1330 1739 2314 1204 1669 1490 1944 745 2024 0 1482 1892 1568 1275 1062 2339 1921 1113 1219 2269 1687 1229 616 1339 735 2103 1419 1021 1788 1274 1064 2028 1255 236 1256 1999 923 1501 930 2101 2403 1534 1142 1349 1692 1485 1223 1101 2024 1879 1064 716 1078 1227 2090 783 1592 1252 819 101 1882 1006 1007 1323 726 1001 196 1274 1139 1584 2525 796 1450 756 1568 867 590 1201 1677 432 1138 2148 1242 369 2468 395 500 508 1509 1643 515 1889
1656 2363 1137 116 588 2315 1086 1460 1742 2151 2640 1524 1640 1902 2355 963 2344 1482 0 2212 317 1354 1329 2659 2333 1524 984 2618 2007 994 1283 1341 1055 2515 1595 1012 2137 551 1476 2439 1319 1470 1723 723 877 826 1250 2513 2752 815 2074 937 2164 1896 987 2296 934 2291 1476 878 1490 1170 2542 1500 1335 1189 1140 1568 606 1326 1418 1734 1155 1433 1444 551 1281 1943 2874 754 1062 1512 1021 1188 1081 1521 2199 1177 406 2469 1653 1582 2788 1603 1622 1684 730 603 1527 2362
739 1719 1167 2265 1834 1671 1482 1006 1657 1507 960 1205 2447 1231 1711 1412 274 1892 2212 0 2182 2088 1073 979 1689 1451 1574 1075 207 1608 1692 2075 1243 1871 2329 1751 1361 2004 1355 1795 2053 1879 1638 2255 1653 1568 997 1869 1975 1602 1990 1562 1884 1417 1562 2290 2102 1647 1350 1478 1414 1312 1965 2204 2327 1274 1154 1977 2153 942 1450 1482 1353 1579 1854 2004 1138 1166 2029 1526 1450 1815 1568 1171 1562 921 1900 1586 1868 476 1304 1991 786 1951 1970 2093 2239 1887 1936 1824
1591 2448 1223 427 427 2401 1171 1477 1827 2236 2609 1610 1747 1964 2441 1048 2314 1568 317 2182 0 1440 1167 2629 2418 1610 830 2587 1977 839 1369 1427 1141 2600 1681 1098 2107 427 1561 2525 1405 1555 1808 556 963 665 1320 2599 2722 654 2160 775 2250 1982 853 2381 767 2376 1561 963 1575 1048 2627 1585 1442 1027 1225 1653 438 1383 1504 1820 1241 1519 1530 426 1119 1912 2843 840 900 1597 860 1273 1166 1488 2285 1262 474 2438 1739 1667 2758 1689 1708 1769 907 441 1612 2447
1532 2239 1013 1407 1533 2191 961 1336 1618 2027 2516 1400 529 1777 2231 839 2220 1275 1354 2088 1440 0 1259 2535 2209 1400 1260 2494 1883 1270 1159 183 931 2391 436 495 2013 1146 1352 2315 86 1108 1598 1871 940 1547 1126 2389 2628 1581 1950 1389 2040 1772 1263 2172 1929 2167 1352 754 1366 1297 2418 492 426 1448 1016 1283 1753 1202 1294 1610 1031 1309 1116 1146 1335 1819 2750 668 1646 1388 1765 1064 966 1397 2075 1053 1009 2345 1529 1458 2664 1479 1498 833 1041 1548 765 2238
482 1357 332 1432 819 1309 653 368 1064 1145 1500 534 1617 869 1349 582 1205 1062 1329 1073 1167 1259 0 1520 1326 784 572 1479 868 598 863 1246 412 1509 1500 921 998 1148 805 1433 1224 1049 1045 1240 747 553 250 1507 1613 587 1397 548 1487 1054 559 1698 1070 1285 805 648 747 309 1602 1374 1498 237 318 1147 1138 275 794 1066 524 923 1024 1148 107 803 1735 697 418 1048 537 261 732 379 1496 756 1038 1329 941 1161 1649 1140 1158 1263 1409 872 1106 1461
1186 1855 1614 2712 2281 1807 1929 1453 1793 1642 126 1652 2894 1357 1847 1859 1130 2339 2659 979 2629 2535 1520 0 1824 1709 2021 229 774 2054 2061 2522 1690 1739 2776 2198 832 2451 1552 1917 2500 2326 1773 2701 2100 2015 1444 1580 1360 2049 2125 2009 2020 1552 2009 2426 2548 1782 1549 1925 1675 1759 2100 2650 2774 1720 1600 2424 2600 1388 1585 1617 1800 1715 2300 2451 1585 1147 1354 1973 1896 1995 2015 1618 2009 1367 2036 2033 2314 1254 1439 2191 1574 2087 2106 2540 2686 2334 2383 1959
1133 237 1421 2386 2087 482 1513 1259 890 501 1761 1297 2567 912 105 1631 1820 1921 2333 1689 2418 2209 1326 1824 0 1246 1828 1709 1484 1861 1598 2195 1496 480 2450 1871 1149 2124 1089 338 2173 1908 1013 2508 1773 1821 1250 686 1264 1855 1116 1816 490 595 1815 1417 2355 73 1068 1567 1212 1565 358 2233 2448 1527 1407 2006 2406 1195 1122 920 1483 1222 1883 2124 1392 1024 1387 1647 1703 1484 1821 1424 1591 1174 488 1615 1988 1945 976 1728 2265 1624 1643 2122 2359 2140 1965 321
895 1277 561 1577 1519 1229 705 612 673 1065 1646 428 1759 815 1269 810 1583 1113 1524 1451 1610 1400 784 1709 1246 0 1240 1594 1246 1262 790 1387 617 1429 1641 1063 1113 1316 493 1353 1365 1100 670 1940 965 1253 582 1427 1728 1287 1112 1248 1102 793 1229 1413 1813 1205 488 758 37 982 1473 1425 1639 985 539 1198 1838 533 124 576 651 235 1075 1316 850 909 1850 838 1161 645 1279 640 783 656 1179 807 1180 1707 538 899 2027 784 803 1314 1551 1572 1157 1297
983 1858 740 1037 482 1810 819 865 1479 1646 2002 1030 1619 1370 1850 648 1706 1219 984 1574 830 1260 572 2021 1828 1240 0 1980 1369 70 1020 1247 780 2010 1501 914 1499 661 1213 1934 1225 1207 1460 903 493 347 713 2008 2114 381 1811 189 1901 1556 58 2033 916 1786 1213 557 1204 262 2104 1406 1452 472 727 1305 801 772 1155 1471 883 1170 1181 661 561 1305 2236 648 532 1249 638 608 889 880 1936 914 640 1831 1390 1319 2150 1340 1359 1421 1002 535 1264 1963
1217 1739 1573 2671 2239 1691 1861 1411 1677 1527 166 1611 2852 1241 1731 1818 1226 2269 2618 1075 2587 2494 1479 229 1709 1594 1980 0 870 2013 1946 2481 1649 1624 2735 2156 716 2409 1436 1801 2459 2256 1658 2660 2058 1973 1403 1465 1244 2007 2010 1968 1904 1437 1967 2311 2507 1667 1434 1867 1559 1718 1985 2580 2733 1679 1559 2354 2558 1347 1470 1502 1759 1599 2231 2409 1544 966 1239 1932 1855 1880 1974 1576 1939 1326 1920 1963 2273 1350 1324 2076 1670 1971 1990 2470 2644 2292 2313 1844
534 1514 962 2060 1629 1466 1277 801 1452 1302 755 1000 2242 1026 1506 1207 368 1687 2007 207 1977 1883 868 774 1484 1246 1369 870 0 1403 1487 1870 1038 1666 2124 1546 1156 1799 1150 1590 1848 1674 1433 2050 1448 1363 792 1664 1770 1397 1785 1357 1679 1212 1357 2085 1897 1442 1145 1273 1209 1107 1760 1999 2122 1069 949 1772 1948 737 1245 1277 1148 1374 1649 1799 933 961 1824 1321 1245 1610 1363 966 1357 716 1695 1381 1663 493 1099 1786 813 1746 1765 1888 2034 1682 1731 1619
1016 1891 774 1047 492 1843 828 899 1488 1679 2035 1064 1628 1403 1883 657 1739 1229 994 1608 839 1270 598 2054 1861 1262 70 2013 1403 0 1029 1257 790 2043 1511 924 1533 670 1222 1967 1235 1216 1469 912 502 333 747 2041 2147 367 1821 175 1911 1589 92 2042 925 1819 1222 566 1226 296 2137 1415 1461 458 761 1314 811 806 1165 1481 893 1180 1191 670 551 1338 2269 658 518 1258 624 642 899 913 1946 923 649 1864 1400 1328 2184 1350 1369 1430 1012 544 1273 1996
1136 1629 617 1336 1378 1581 379 935 1007 1417 1998 954 1518 1167 1621 581 1824 616 1283 1692 1369 1159 863 2061 1598 790 1020 1946 1487 1029 0 1146 499 1781 1400 821 1465 1074 741 1705 1124 585 988 1800 723 1301 730 1779 2080 1335 1267 1149 1430 1162 1023 1226 1824 1557 741 517 755 1028 1807 1086 1398 1052 620 717 1682 802 684 1000 403 690 560 1074 939 1261 2202 597 1250 595 1369 668 463 995 1465 504 938 1949 919 395 2268 442 547 845 1309 1443 819 1627
1519 2226 1000 1394 1520 2178 948 1323 1605 2014 2503 1387 405 1764 2218 826 2207 1339 1341 2075 1427 183 1246 2522 2195 1387 1247 2481 1870 1257 1146 0 918 2378 416 482 2000 1132 1339 2302 129 1192 1585 1858 927 1534 1113 2376 2615 1568 1937 1376 2027 1759 1250 2159 1916 2154 1339 740 1353 1284 2405 575 273 1435 1002 1367 1740 1189 1281 1597 1018 1296 1199 1132 1322 1805 2737 655 1633 1375 1751 1050 953 1384 2062 1040 996 2332 1516 1444 2651 1466 1485 916 966 1535 849 2225
687 1527 141 1108 1117 1479 267 483 946 1315 1671 528 1290 1039 1519 251 1375 735 1055 1243 1141 931 412 1690 1496 617 780 1649 1038 790 499 918 0 1679 1173 594 1168 847 683 1603 896 722 927 1540 496 854 277 1677 1783 887 1279 848 1369 1104 784 1514 1452 1455 683 316 580 560 1746 1047 1171 601 143 820 1433 351 645 944 130 659 697 847 489 973 1905 369 800 730 918 197 405 544 1403 429 711 1500 861 817 1819 822 841 936 1082 1172 779 1566
1315 243 1603 2568 2269 848 1695 1441 1303 684 1676 1479 2749 1094 518 1813 2003 2103 2515 1871 2600 2391 1509 1739 480 1429 2010 1624 1666 2043 1781 2378 1679 0 2632 2053 1031 2306 1271 234 2356 2090 1425 2690 1955 2003 1433 272 866 2037 1529 1998 903 777 1997 1830 2537 533 1269 1749 1394 1748 771 2415 2630 1709 1589 2188 2588 1377 1305 1102 1665 1405 2065 2306 1574 1206 989 1829 1885 1714 2004 1606 1773 1356 900 1798 2170 2127 1158 1910 2447 1806 1825 2305 2541 2322 2147 734
1773 2480 1254 1648 1774 2432 1203 1577 1859 2268 2757 1641 281 2019 2472 1080 2461 1419 1595 2329 1681 436 1500 2776 2450 1641 1501 2735 2124 1511 1400 416 1173 2632 0 736 2255 1387 1593 2556 463 1252 1840 2112 1181 1788 1368 2630 2869 1822 2191 1631 2281 2014 1505 2413 2170 2408 1593 995 1607 1539 2659 636 531 1689 1257 1427 1995 1443 1536 1851 1272 1550 1260 1387 1576 2060 2991 909 1887 1629 2006 1305 1207 1638 2316 1294 1251 2586 1771 1683 2905 1715 1739 977 1224 1789 909 2479
1195 1901 675 1065 1191 1854 624 999 1280 1689 2178 1063 854 1440 1894 501 1882 1021 1012 1751 1098 495 921 2198 1871 1063 914 2156 1546 924 821 482 594 2053 736 0 1676 796 1014 1978 460 1008 1261 1529 603 1201 789 2051 2290 1235 1613 1043 1703 1435 917 1834 1587 1829 1014 416 1028 960 2080 641 727 1110 678 1106 1412 865 957 1273 693 972 983 796 997 1481 2412 331 1309 1050 1427 726 628 1060 1737 715 668 2007 1192 1120 2327 1142 1161 939 658 1206 782 1900
805 1191 1092 2190 1759 1204 1380 931 1197 1040 769 1130 2372 761 1171 1337 1492 1788 2137 1361 2107 2013 998 832 1149 1113 1499 716 1156 1533 1465 2000 1168 1031 2255 1676 0 1929 956 1212 1978 1775 1178 2180 1578 1493 922 872 660 1527 1530 1488 1417 957 1487 1830 2027 1107 953 1386 1079 1237 1425 2100 2252 1199 1079 1873 2078 867 990 1021 1279 1119 1750 1929 1063 643 781 1451 1375 1399 1493 1096 1458 846 1433 1482 1793 1617 843 1595 1937 1491 1510 1990 2164 1812 1832 1357
1448 2154 929 604 413 2107 877 1252 1533 1942 2431 1316 1452 1693 2147 754 2136 1274 551 2004 427 1146 1148 2451 2124 1316 661 2409 1799 670 1074 1132 847 2306 1387 796 1929 0 1267 2231 1111 1261 1514 794 632 647 1042 2304 2544 636 1866 757 1956 1688 664 2087 809 2082 1267 669 1281 846 2333 1291 1147 1009 931 1359 678 1118 1210 1526 947 1225 1236 1 1101 1734 2665 546 882 1303 824 979 872 1313 1991 968 209 2260 1445 1373 2580 1395 1414 1475 668 428 1318 2153
799 1119 635 1529 1557 987 656 674 473 907 1489 463 1710 658 1058 774 1486 1064 1476 1355 1561 1352 805 1552 1089 493 1213 1436 1150 1222 741 1339 683 1271 1593 1014 956 1267 0 1195 1317 1051 454 1978 916 1291 590 1269 1571 1325 805 1286 895 620 1216 1106 1833 1047 221 710 457 1028 1227 1376 1591 1005 614 1149 1866 560 397 401 626 453 1026 1267 870 751 1692 790 1181 675 1300 715 734 708 930 758 1131 1611 399 871 1931 767 786 1265 1502 1610 1108 1068
1239 101 1527 2492 2194 747 1620 1365 1161 608 1854 1404 2674 1019 376 1738 1927 2028 2439 1795 2525 2315 1433 1917 338 1353 1934 1801 1590 1967 1705 2302 1603 234 2556 1978 1212 2231 1195 0 2280 2015 1283 2614 1880 1928 1357 467 1062 1962 1387 1922 760 702 1922 1688 2461 391 1193 1673 1318 1672 629 2339 2554 1633 1513 2113 2513 1301 1229 1027 1589 1329 1990 2231 1498 1130 1185 1753 1810 1639 1928 1531 1698 1280 758 1722 2094 2052 1083 1835 2371 1730 1749 2229 2466 2247 2072 591
1497 2204 978 1372 1498 2156 926 1301 1583 1992 2481 1365 475 1742 2196 804 2185 1255 1319 2053 1405 86 1224 2500 2173 1365 1225 2459 1848 1235 1124 129 896 2356 463 460 1978 1111 1317 2280 0 1088 1563 1836 905 1512 1091 2354 2593 1546 1915 1354 2005 1737 1228 2137 1894 2132 1317 719 1331 1262 2383 472 372 1413 980 1263 1718 1167 1259 1575 996 1274 1096 1111 1300 1783 2715 633 1611 1353 1730 1028 931 1362 2040 1018 974 2310 1494 1423 2629 1444 1463 813 1006 1513 745 2203
1323 1939 804 1523 1564 1891 528 1127 1317 1726 2301 1191 1502 1477 1931 733 2011 236 1470 1879 1555 1108 1049 2326 1908 1100 1207 2256 1674 1216 585 1192 722 2090 1252 1008 1775 1261 1051 2015 1088 0 1298 1986 910 1488 917 2089 2390 1522 1272 1336 1740 1472 1210 1230 2011 1866 1051 704 1065 1214 2117 616 1453 1239 806 244 1869 993 994 1310 713 1009 42 1261 1126 1571 2512 784 1437 886 1555 854 578 1188 1775 419 1125 2135 1229 491 2455 525 629 341 1496 1630 349 1937
1082 1182 876 1776 1798 822 903 931 158 840 1711 724 1957 879 908 1021 1770 1256 1723 1638 1808 1598 1045 1773 1013 670 1460 1658 1433 1469 988 1585 927 1425 1840 1261 1178 1514 454 1283 1563 1298 0 2218 1163 1532 830 1477 1792 1566 582 1526 624 696 1463 883 2074 1004 447 956 636 1269 995 1623 1838 1246 854 1329 2111 800 564 419 872 505 1273 1514 1111 973 1914 1036 1422 632 1540 955 981 979 669 1005 1378 1894 631 1087 2214 887 901 1512 1749 1851 1355 820
1663 2538 1460 833 433 2490 1602 1550 2238 2326 2682 1715 2178 2050 2530 1439 2386 1999 723 2255 556 1871 1240 2701 2508 1940 903 2660 2050 912 1800 1858 1540 2690 2112 1529 2180 794 1978 2614 1836 1986 2218 0 1284 738 1408 2688 2794 727 2570 848 2660 2236 925 2812 244 2466 1978 1348 1903 1121 2784 2016 1873 1100 1447 2084 219 1457 1935 2239 1652 1950 1961 792 1186 1985 2916 1271 954 2028 858 1366 1597 1561 2677 1693 905 2511 2123 2098 2831 2120 2139 2200 1350 411 2043 2643
1097 1803 577 930 850 1756 521 901 1182 1591 2080 965 1299 1342 1796 351 1784 923 877 1653 963 940 747 2100 1773 965 493 2058 1448 502 723 927 496 1955 1181 603 1578 632 916 1880 905 910 1163 1284 0 779 691 1953 2192 813 1515 622 1605 1337 496 1736 1297 1731 916 259 930 544 1982 1086 1179 860 580 1008 1208 767 859 1175 587 874 885 632 821 1383 2314 332 964 952 1070 628 593 961 1640 617 533 1909 1094 1022 2229 1044 1063 1124 887 916 967 1802
977 1851 774 936 317 1804 1088 863 1551 1639 1995 1029 1906 1363 1844 934 1700 1501 826 1568 665 1547 553 2015 1821 1253 347 1973 1363 333 1301 1534 854 2003 1788 1201 1493 647 1291 1928 1512 1488 1532 738 779 0 721 2002 2108 85 1884 161 1974 1549 370 2184 739 1779 1291 843 1216 480 2097 1693 1722 413 760 1586 636 770 1280 1553 965 1407 1462 645 506 1298 2229 935 287 1490 342 679 1170 874 1991 1195 773 1824 1436 1600 2144 1581 1600 1702 1232 370 1545 1956
441 1281 195 1303 987 1233 521 223 850 1069 1425 339 1485 793 1273 450 1129 930 1250 997 1320 1126 250 1444 1250 582 713 1403 792 747 730 1113 277 1433 1368 789 922 1042 590 1357 1091 917 830 1408 691 721 0 1431 1537 755 1182 716 1272 979 700 1483 1279 1209 590 516 545 450 1526 1242 1365 451 181 1015 1306 95 579 851 379 709 892 1042 316 727 1659 564 627 897 745 242 600 284 1307 624 906 1253 768 1029 1573 990 1009 1131 1277 1040 974 1386
1313 476 1601 2566 2267 904 1693 1439 1401 740 1517 1478 2748 963 708 1811 2001 2101 2513 1869 2599 2389 1507 1580 686 1427 2008 1465 1664 2041 1779 2376 1677 272 2630 2051 872 2304 1269 467 2354 2089 1477 2688 1953 2002 1431 0 710 2035 1720 1996 1093 837 1995 2020 2535 644 1267 1747 1392 1746 962 2413 2628 1707 1587 2187 2586 1375 1303 1163 1663 1432 2063 2304 1572 1028 833 1827 1883 1713 2002 1604 1771 1354 1091 1796 2168 2125 1157 1908 2445 1804 1823 2303 2539 2320 2146 924
1419 1071 1707 2805 2374 1483 1995 1545 1812 1318 1297 1745 2987 1347 1287 1952 2107 2403 2752 1975 2722 2628 1613 1360 1264 1728 2114 1244 1770 2147 2080 2615 1783 866 2869 2290 660 2544 1571 1062 2593 2390 1792 2794 2192 2108 1537 710 0 2141 2144 2102 1672 1342 2101 2445 2641 1222 1568 2001 1694 1852 1540 2715 2867 1813 1693 2488 2693 1481 1604 1636 1893 1734 2365 2544 1678 1257 261 2066 1989 2014 2108 1711 2073 1460 1669 2097 2407 2232 1458 2210 2551 2106 2124 2604 2778 2426 2447 1503
1011 1885 807 925 306 1837 1121 897 1585 1673 2029 1062 1940 1397 1878 968 1733 1534 815 1602 654 1581 587 2049 1855 1287 381 2007 1397 367 1335 1568 887 2037 1822 1235 1527 636 1325 1962 1546 1522 1566 727 813 85 755 2035 2141 0 1917 195 2007 1583 403 2218 725 1813 1325 877 1250 514 2131 1727 1744 447 794 1620 625 804 1314 1586 999 1441 1496 634 539 1332 2263 969 320 1523 322 713 1204 908 2024 1229 763 1858 1470 1634 2178 1615 1634 1736 1221 359 1578 1990
1434 1286 1228 2127 2150 1042 1255 1283 708 1060 2062 1075 2309 1231 1012 1373 2122 1142 2074 1990 2160 1950 1397 2125 1116 1112 1811 2010 1785 1821 1267 1937 1279 1529 2191 1613 1530 1866 805 1387 1915 1272 582 2570 1515 1884 1182 1720 2144 1917 0 1878 676 1119 1814 301 2426 1108 805 1308 1077 1620 1099 1828 2189 1598 1206 1185 2462 1152 1006 918 1224 947 1230 1866 1462 1325 2266 1388 1774 862 1892 1307 1333 1330 642 1357 1730 2246 983 1067 2566 831 726 1552 2101 2202 1560 874
971 1846 768 1047 427 1798 948 857 1546 1634 1990 1023 1748 1358 1838 777 1694 1349 937 1562 775 1389 548 2009 1816 1248 189 1968 1357 175 1149 1376 848 1998 1631 1043 1488 757 1286 1922 1354 1336 1526 848 622 161 716 1996 2102 195 1878 0 1968 1544 212 2162 850 1774 1286 686 1211 416 2092 1535 1581 408 754 1434 746 765 1273 1547 960 1299 1310 756 500 1293 2224 777 346 1378 452 674 1018 868 1985 1043 769 1819 1431 1448 2138 1470 1488 1550 1131 480 1393 1951
1328 659 1318 2217 2239 415 1345 1373 502 434 1957 1165 2399 1107 385 1463 2016 1692 2164 1884 2250 2040 1487 2020 490 1102 1901 1904 1679 1911 1430 2027 1369 903 2281 1703 1417 1956 895 760 2005 1740 624 2660 1605 1974 1272 1093 1672 2007 676 1968 0 492 1904 976 2516 481 878 1398 1067 1710 472 2064 2279 1688 1296 1780 2552 1242 996 784 1314 937 1715 1956 1552 1219 1795 1478 1864 1086 1982 1397 1423 1369 166 1447 1820 2140 1070 1519 2460 1341 1344 1954 2191 2292 1797 274
861 625 1056 1949 1815 577 1077 987 698 413 1490 851 2131 640 618 1195 1549 1485 1896 1417 1982 1772 1054 1552 595 793 1556 1437 1212 1589 1162 1759 1104 777 2014 1435 957 1688 620 702 1737 1472 696 2236 1337 1549 979 837 1342 1583 1119 1544 492 0 1543 1420 2083 553 597 1130 759 1293 800 1797 2011 1255 1035 1570 2134 923 669 350 1046 687 1447 1688 1120 752 1465 1210 1431 1096 1549 1135 1155 902 544 1179 1552 1673 612 1292 1993 1188 1206 1686 1923 1868 1529 625
971 1845 728 1040 505 1797 822 852 1482 1633 1989 1017 1622 1357 1838 651 1693 1223 987 1562 853 1263 559 2009 1815 1229 58 1967 1357 92 1023 1250 784 1997 1505 917 1487 664 1216 1922 1228 1210 1463 925 496 370 700 1995 2101 403 1814 212 1904 1543 0 2036 939 1773 1216 560 1192 250 2091 1409 1455 495 714 1308 824 759 1159 1474 886 1173 1184 664 554 1292 2223 651 554 1252 661 595 892 868 1939 917 643 1818 1394 1322 2138 1344 1362 1424 1005 558 1267 1950
1734 1586 1519 2349 2390 1342 1476 1583 1009 1361 2363 1376 2530 1532 1312 1594 2422 1101 2296 2290 2381 2172 1698 2426 1417 1413 2033 2311 2085 2042 1226 2159 1514 1830 2413 1834 1830 2087 1106 1688 2137 1230 883 2812 1736 2184 1483 2020 2445 2218 301 2162 976 1420 2036 0 2726 1408 1106 1530 1378 1921 1399 1786 2411 1898 1507 1143 2695 1453 1307 1219 1446 1247 1189 2087 1763 1625 2566 1610 2074 1079 2193 1607 1542 1631 943 1400 1951 2547 1284 1025 2866 790 685 1511 2322 2456 1519 1174
1510 2385 1372 1044 447 2337 1623 1396 2093 2173 2529 1562 2223 1897 2377 1452 2233 2024 934 2102 767 1929 1070 2548 2355 1813 916 2507 1897 925 1824 1916 1452 2537 2170 1587 2027 809 1833 2461 1894 2011 2074 244 1297 739 1279 2535 2641 725 2426 850 2516 2083 939 2726 0 2313 1833 1361 1776 1134 2631 2075 1917 1030 1358 2109 450 1304 1822 2095 1563 1952 1986 807 993 1832 2763 1329 761 2053 694 1301 1656 1407 2524 1718 936 2358 1970 2123 2678 2145 2164 2225 1394 381 2068 2490
1091 290 1379 2344 2045 473 1471 1217 882 460 1720 1255 2525 870 96 1589 1779 1879 2291 1647 2376 2167 1285 1782 73 1205 1786 1667 1442 1819 1557 2154 1455 533 2408 1829 1107 2082 1047 391 2132 1866 1004 2466 1731 1779 1209 644 1222 1813 1108 1774 481 553 1773 1408 2313 0 1042 1525 1170 1523 349 2191 2406 1485 1365 1964 2364 1153 1081 878 1441 1181 1841 2082 1350 982 1345 1605 1661 1458 1779 1382 1549 1132 479 1574 1946 1903 934 1686 2223 1582 1601 2081 2317 2098 1923 312
794 1117 635 1529 1557 971 656 687 457 892 1486 431 1710 655 1026 774 1482 1064 1476 1350 1561 1352 805 1549 1068 488 1213 1434 1145 1222 741 1339 683 1269 1593 1014 953 1267 221 1193 1317 1051 447 1978 916 1291 590 1267 1568 1325 805 1286 878 597 1216 1106 1833 1042 0 710 453 1028 1197 1376 1591 1005 614 1149 1866 560 364 379 626 453 1026 1267 870 749 1690 790 1181 675 1300 715 734 711 887 758 1131 1606 399 871 1926 767 786 1265 1502 1610 1108 1036
922 1597 403 931 914 1549 269 726 976 1385 1905 790 1112 1135 1589 148 1610 716 878 1478 963 754 648 1925 1567 758 557 1867 1273 566 517 740 316 1749 995 416 1386 669 710 1673 719 704 956 1348 259 843 516 1747 2001 877 1308 686 1398 1130 560 1530 1361 1525 710 0 724 594 1776 899 993 794 405 801 1254 592 652 968 363 667 678 669 723 1183 2123 192 1006 746 1124 454 368 787 1433 411 533 1734 887 816 2054 837 856 918 904 980 760 1596
858 1242 524 1543 1482 1194 670 575 638 1030 1612 391 1724 781 1234 774 1546 1078 1490 1414 1575 1366 747 1675 1212 37 1204 1559 1209 1226 755 1353 580 1394 1607 1028 1079 1281 457 1318 1331 1065 636 1903 930 1216 545 1392 1694 1250 1077 1211 1067 759 1192 1378 1776 1170 453 724 0 945 1438 1390 1605 948 502 1163 1801 496 89 542 614 201 1040 1281 813 874 1815 804 1124 608 1242 603 748 619 1144 772 1145 1670 503 862 1990 747 766 1280 1516 1535 1122 1263
721 1596 497 1223 700 1548 816 603 1288 1384 1739 768 1656 1108 1588 685 1444 1227 1170 1312 1048 1297 309 1759 1565 982 262 1718 1107 296 1028 1284 560 1748 1539 960 1237 846 1028 1672 1262 1214 1269 1121 544 480 450 1746 1852 514 1620 416 1710 1293 250 1921 1134 1523 1028 594 945 0 1841 1443 1537 322 483 1312 1019 509 1014 1289 681 1135 1189 846 304 1042 1974 690 533 1206 652 364 897 618 1730 921 825 1568 1180 1326 1888 1297 1316 1428 1187 753 1271 1700
1409 528 1686 2595 2363 464 1722 1535 873 549 2037 1543 2776 1188 256 1840 2096 2090 2542 1965 2627 2418 1602 2100 358 1473 2104 1985 1760 2137 1807 2405 1746 771 2659 2080 1425 2333 1227 629 2383 2117 995 2784 1982 2097 1526 962 1540 2131 1099 2092 472 800 2091 1399 2631 349 1197 1776 1438 1841 0 2442 2657 1803 1672 2178 2682 1471 1367 1092 1692 1307 2092 2333 1668 1300 1663 1856 1979 1509 2097 1700 1800 1450 470 1825 2197 2221 1252 1917 2541 1764 1767 2332 2568 2416 2174 303
1648 2263 1128 1553 1679 2215 853 1452 1642 2051 2625 1516 886 1802 2255 984 2335 783 1500 2204 1585 492 1374 2650 2233 1425 1406 2580 1999 1415 1086 575 1047 2415 636 641 2100 1291 1376 2339 472 616 1623 2016 1086 1693 1242 2413 2715 1727 1828 1535 2064 1797 1409 1786 2075 2191 1376 899 1390 1443 2442 0 837 1563 1131 791 1899 1317 1319 1635 1038 1333 624 1291 1450 1895 2836 814 1762 1412 1880 1179 842 1512 2099 662 1155 2460 1554 1047 2780 1081 1185 341 1187 1694 274 2262
1771 2478 1252 1368 1521 2430 1201 1575 1857 2266 2755 1639 460 2017 2470 1078 2459 1592 1335 2327 1442 426 1498 2774 2448 1639 1452 2733 2122 1461 1398 273 1171 2630 531 727 2252 1147 1591 2554 372 1453 1838 1873 1179 1722 1365 2628 2867 1744 2189 1581 2279 2011 1455 2411 1917 2406 1591 993 1605 1537 2657 837 0 1687 1255 1628 1756 1441 1534 1849 1270 1548 1461 1147 1574 2058 2989 907 1885 1627 1933 1303 1205 1636 2314 1292 998 2584 1769 1697 2903 1719 1737 1178 744 1536 1110 2477
682 1557 521 1299 679 1509 842 569 1265 1345 1701 734 1807 1069 1549 772 1405 1252 1189 1274 1027 1448 237 1720 1527 985 472 1679 1069 458 1052 1435 601 1709 1689 1110 1199 1009 1005 1633 1413 1239 1246 1100 860 413 451 1707 1813 447 1598 408 1688 1255 495 1898 1030 1485 1005 794 948 322 1803 1563 1687 0 508 1337 998 476 994 1267 713 1124 1213 1008 165 1004 1935 886 333 1237 451 429 921 580 1696 946 1052 1530 1142 1351 1850 1329 1348 1453 1415 732 1296 1662
598 1437 21 1193 1026 1389 399 391 874 1225 1581 451 1374 949 1429 339 1285 819 1140 1154 1225 1016 318 1600 1407 539 727 1559 949 761 620 1002 143 1589 1257 678 1079 931 614 1513 980 806 854 1447 580 760 181 1587 1693 794 1206 754 1296 1035 714 1507 1358 1365 614 405 502 483 1672 1131 1255 508 0 904 1345 257 586 875 229 664 781 931 395 884 1815 454 706 736 824 120 489 452 1331 513 795 1410 792 918 1730 827 846 1020 1166 1079 863 1494
1421 2037 902 1621 1662 1989 626 1225 1415 1824 2399 1289 1677 1575 2029 831 2109 101 1568 1977 1653 1283 1147 2424 2006 1198 1305 2354 1772 1314 717 1367 820 2188 1427 1106 1873 1359 1149 2113 1263 244 1329 2084 1008 1586 1015 2187 2488 1620 1185 1434 1780 1570 1308 1143 2109 1964 1149 801 1163 1312 2178 791 1628 1337 904 0 1967 1091 1092 1408 811 1088 204 1359 1224 1669 2610 881 1535 828 1653 952 676 1286 1750 517 1223 2233 1327 467 2553 467 572 516 1594 1728 524 1977
1562 2436 1359 716 398 2389 1485 1448 2130 2224 2580 1614 2061 1948 2429 1359 2285 1882 606 2153 438 1753 1138 2600 2406 1838 801 2558 1948 811 1682 1740 1433 2588 1995 1412 2078 678 1866 2513 1718 1869 2111 219 1208 636 1306 2586 2693 625 2462 746 2552 2134 824 2695 450 2364 1866 1254 1801 1019 2682 1899 1756 998 1345 1967 0 1355 1818 2128 1547 1832 1844 677 1091 1883 2814 1153 871 1911 831 1264 1480 1459 2569 1576 787 2409 2021 1981 2729 2003 2022 2083 1232 404 1926 2541
386 1225 271 1379 1036 1177 596 140 820 1013 1369 287 1561 737 1217 526 1073 1006 1326 942 1383 1202 275 1388 1195 533 772 1347 737 806 802 1189 351 1377 1443 865 867 1118 560 1301 1167 993 800 1457 767 770 95 1375 1481 804 1152 765 1242 923 759 1453 1304 1153 560 592 496 509 1471 1317 1441 476 257 1091 1355 0 549 821 429 679 968 1118 341 672 1603 640 652 898 770 318 676 201 1277 700 982 1198 738 1105 1518 1027 1046 1207 1353 1089 1050 1330
894 1153 608 1471 1513 1105 599 641 567 941 1522 364 1653 691 1145 717 1582 1007 1418 1450 1504 1294 794 1585 1122 124 1155 1470 1245 1165 684 1281 645 1305 1536 957 990 1210 397 1229 1259 994 564 1935 859 1280 579 1303 1604 1314 1006 1273 996 669 1159 1307 1822 1081 364 652 89 1014 1367 1319 1534 994 586 1092 1818 549 0 470 568 130 969 1210 859 785 1726 732 1171 608 1289 687 677 686 1073 701 1074 1706 414 814 2026 710 729 1208 1445 1579 1051 1192
926 951 897 1787 1819 903 915 939 422 738 1554 661 1969 723 943 1033 1613 1323 1734 1482 1820 1610 1066 1617 920 576 1471 1502 1277 1481 1000 1597 944 1102 1851 1273 1021 1526 401 1027 1575 1310 419 2239 1175 1553 851 1163 1636 1586 918 1547 784 350 1474 1219 2095 878 379 968 542 1289 1092 1635 1849 1267 875 1408 2128 821 470 0 884 411 1285 1526 1131 817 1758 1048 1443 905 1561 976 993 959 836 1017 1390 1738 453 1130 2058 1026 1044 1524 1761 1871 1367 917
798 1513 237 1208 1231 1465 228 563 892 1301 1781 599 1390 1051 1505 301 1485 726 1155 1353 1241 1031 524 1800 1483 651 883 1759 1148 893 403 1018 130 1665 1272 693 1279 947 626 1589 996 713 872 1652 587 965 379 1663 1893 999 1224 960 1314 1046 886 1446 1563 1441 626 363 614 681 1692 1038 1270 713 229 811 1547 429 568 884 0 583 688 947 600 1084 2015 469 911 662 1030 318 381 624 1349 420 810 1610 803 720 1930 753 772 927 1182 1284 770 1512
1023 1253 672 1486 1528 1134 613 767 507 1041 1652 493 1668 821 1220 732 1711 1001 1433 1579 1519 1309 923 1715 1222 235 1170 1599 1374 1180 690 1296 659 1405 1550 972 1119 1225 453 1329 1274 1009 505 1950 874 1407 709 1432 1734 1441 947 1299 937 687 1173 1247 1952 1181 453 667 201 1135 1307 1333 1548 1124 664 1088 1832 679 130 411 583 0 983 1225 989 914 1855 747 1300 507 1418 772 692 812 1013 716 1088 1836 543 760 2155 646 665 1223 1460 1594 1066 1132
1298 1913 778 1497 1539 1865 503 1102 1292 1701 2275 1166 1510 1452 1905 707 1985 196 1444 1854 1530 1116 1024 2300 1883 1075 1181 2231 1649 1191 560 1199 697 2065 1260 983 1750 1236 1026 1990 1096 42 1273 1961 885 1462 892 2063 2365 1496 1230 1310 1715 1447 1184 1189 1986 1841 1026 678 1040 1189 2092 624 1461 1213 781 204 1844 968 969 1285 688 983 0 1236 1100 1545 2486 758 1412 844 1530 829 552 1162 1749 393 1100 2110 1204 450 2430 483 588 349 1471 1605 356 1912
1448 2154 929 604 411 2107 877 1252 1533 1942 2431 1316 1452 1693 2147 754 2136 1274 551 2004 426 1146 1148 2451 2124 1316 661 2409 1799 670 1074 1132 847 2306 1387 796 1929 1 1267 2231 1111 1261 1514 792 632 645 1042 2304 2544 634 1866 756 1956 1688 664 2087 807 2082 1267 669 1281 846 2333 1291 1147 1008 931 1359 677 1118 1210 1526 947 1225 1236 0 1100 1734 2665 546 881 1303 823 979 872 1313 1991 968 209 2260 1445 1373 2580 1395 1414 1475 668 426 1318 2153
547 1422 408 1391 772 1374 729 433 1130 1210 1566 599 1694 934 1414 659 1270 1139 1281 1138 1119 1335 107 1585 1392 850 561 1544 933 551 939 1322 489 1574 1576 997 1063 1101 870 1498 1300 1126 1111 1186 821 506 316 1572 1678 539 1462 500 1552 1120 554 1763 993 1350 870 723 813 304 1668 1450 1574 165 395 1224 1091 341 859 1131 600 989 1100 1100 0 869 1800 773 341 1124 459 338 808 444 1561 833 1103 1395 1007 1238 1714 1216 1235 1340 1473 824 1183 1527
610 1054 898 1996 1564 1006 1175 736 992 842 1084 931 2177 403 1046 1142 1297 1584 1943 1166 1912 1819 803 1147 1024 909 1305 966 961 1338 1261 1805 973 1206 2060 1481 643 1734 751 1130 1783 1571 973 1985 1383 1298 727 1028 1257 1332 1325 1293 1219 752 1292 1625 1832 982 749 1183 874 1042 1300 1895 2058 1004 884 1669 1883 672 785 817 1084 914 1545 1734 869 0 1379 1257 1180 1195 1298 901 1254 651 1235 1278 1598 1422 639 1390 1742 1286 1305 1785 1969 1617 1628 1159
1541 1194 1829 2927 2495 1606 2116 1667 1933 1441 1291 1867 3108 1470 1410 2074 2179 2525 2874 2029 2843 2750 1735 1354 1387 1850 2236 1239 1824 2269 2202 2737 1905 989 2991 2412 781 2665 1692 1185 2715 2512 1914 2916 2314 2229 1659 833 261 2263 2266 2224 1795 1465 2223 2566 2763 1345 1690 2123 1815 1974 1663 2836 2989 1935 1815 2610 2814 1603 1726 1758 2015 1855 2486 2665 1800 1379 0 2188 2111 2136 2229 1832 2195 1582 1792 2219 2529 2304 1580 2332 2624 2227 2246 2726 2900 2548 2569 1626
970 1677 451 807 933 1629 399 774 1056 1465 1954 838 1027 1215 1669 277 1658 796 754 1526 840 668 697 1973 1647 838 648 1932 1321 658 597 655 369 1829 909 331 1451 546 790 1753 633 784 1036 1271 332 935 564 1827 2066 969 1388 777 1478 1210 651 1610 1329 1605 790 192 804 690 1856 814 907 886 454 881 1153 640 732 1048 469 747 758 546 773 1257 2188 0 1064 826 1176 501 394 835 1513 491 409 1783 967 896 2102 917 936 998 781 948 840 1676
