NAME: zurich_100_24
COMMENT: TSP instance with 100 nodes. City: Zurich, Switzerland, Seed: 66
TYPE: TSP
DIMENSION: 100
EDGE_WEIGHT_TYPE: EXPLICIT
EDGE_WEIGHT_FORMAT: FULL_MATRIX
NODE_COORD_SECTION:
1 47.4138547 8.5454219
2 47.4115131 8.6099663
3 47.2281602 8.6628905
4 47.5538723 8.3335934
5 47.5532068 8.3311879
6 47.3889609 8.3305063
7 47.3514929 8.6328777
8 47.3940298 8.5353232
9 47.5343535 8.8005627
10 47.4623454 8.2790043
11 47.3289139 8.5991851
12 47.4314515 8.6449504
13 47.3680648 8.5411275
14 47.3707642 8.4514825
15 47.3992739 8.5019164
16 47.3471873 8.6167263
17 47.2958024 8.6889197
18 47.4427033 8.6290109
19 47.3777798 8.5377353
20 47.5087291 8.5457646
21 47.3121331 8.3283353
22 47.3660851 8.545137
23 47.3096638 8.3602368
24 47.3618419 8.5476541
25 47.4899005 8.7130268
26 47.2690162 8.7727823
27 47.3192354 8.7923808
28 47.1976474 8.7814771
29 47.4229395 8.4100242
30 47.4239467 8.3690678
31 47.496904 8.4484786
32 47.3882627 8.7493248
33 47.3231207 8.4393583
34 47.3600511 8.5506771
35 47.3346013 8.4763636
36 47.4264915 8.4574707
37 47.3646218 8.3610575
38 47.3655739 8.7812949
39 47.4222995 8.6188301
40 47.3121985 8.4257224
41 47.3915842 8.6970287
42 47.3855569 8.718465
43 47.4362725 8.360012
44 47.5060203 8.7517283
45 47.4590499 8.2875919
46 47.4368271 8.3530331
47 47.3255522 8.5142379
48 47.2769554 8.4097125
49 47.2530328 8.602231
50 47.4360559 8.3645841
51 47.3921383 8.5431613
52 47.5234193 8.5843509
53 47.494228 8.5540312
54 47.455864 8.7741795
55 47.2822656 8.5500416
56 47.3762406 8.5150677
57 47.3651408 8.8003119
58 47.4712783 8.3014971
59 47.5200131 8.7520643
60 47.3194717 8.423092
61 47.3596185 8.5561047
62 47.525869 8.7300337
63 47.3477406 8.337124
64 47.4006019 8.570195
65 47.3830463 8.4221484
66 47.3155598 8.7957261
67 47.5217212 8.5416735
68 47.2492699 8.6335676
69 47.5151722 8.5251823
70 47.5190062 8.3706942
71 47.3588407 8.7086794
72 47.4525637 8.5856649
73 47.2262954 8.6686927
74 47.2581698 8.5971857
75 47.4017041 8.3073915
76 47.4725777 8.6781343
77 47.5075563 8.7254087
78 47.4603091 8.31601
79 47.3542821 8.5736155
80 47.4214729 8.361439
81 47.1978825 8.7232487
82 47.3911855 8.5389136
83 47.3765156 8.4910054
84 47.3597423 8.5258532
85 47.3853911 8.7152113
86 47.3940799 8.5418429
87 47.4415107 8.4835431
88 47.3569593 8.557845
89 47.4579244 8.435022
90 47.3561094 8.5093355
91 47.3721148 8.5104224
92 47.2530167 8.6186291
93 47.5478301 8.4830508
94 47.2892854 8.5351011
95 47.3332255 8.2811779
96 47.4203932 8.4342813
97 47.4420763 8.5691621
98 47.5208584 8.5305939
99 47.3604953 8.5613248
100 47.4363888 8.2902952
EDGE_WEIGHT_SECTION:
0 451 1351 1823 1832 1382 894 238 1233 1161 972 577 464 822 437 901 1286 593 379 638 1615 443 1365 479 872 1514 1134 1936 689 817 899 964 1043 510 1032 514 1085 1023 472 1187 749 790 922 1137 1086 957 863 1287 1199 920 224 885 632 1200 998 425 1135 1058 1309 1104 539 1122 1367 253 730 1146 715 1325 663 1316 788 374 1378 1251 1489 948 1002 1013 615 897 1541 229 531 570 777 224 482 567 667 624 483 1259 995 1065 1752 580 279 679 537 1255
451 0 1607 2013 2022 1572 725 532 1092 1351 1055 405 720 1105 762 773 1130 405 635 754 1804 700 1555 736 731 1368 988 2192 879 1007 1089 818 1247 767 1267 725 1275 877 277 1377 603 645 1112 995 1276 1147 1119 1531 1455 1109 498 1002 748 1058 1254 738 989 1248 1168 1294 797 981 1557 364 920 1000 831 1581 779 1506 642 490 1634 1506 1679 785 861 1203 840 1087 1797 512 846 826 631 502 682 816 857 910 794 1515 1111 1321 1942 770 438 796 785 1445
1351 1607 0 2680 2689 1634 1679 1196 2337 1939 1554 1681 1001 1286 1370 1548 1935 1760 1011 1836 1833 1025 1583 1062 1976 2289 2238 837 1617 1594 2109 2068 1169 1092 1157 1615 1468 2126 1577 1337 1853 1894 1699 2240 1863 1734 959 1412 464 1697 1181 2083 1830 2304 771 987 2239 1835 2413 1254 1161 2226 1585 1367 1244 2250 1913 310 1860 2366 1891 1572 68 516 1809 2053 2106 1790 1262 1675 462 1145 1149 891 1880 1203 1702 1172 1876 935 1019 388 2192 922 1970 1588 1519 1877 1171 1991
1823 2013 2680 0 27 1566 2447 1901 2769 1142 2527 2113 1970 1848 1794 2496 2853 2050 1940 1614 2318 1998 2205 2035 2408 3049 2669 3265 1501 1310 1052 2500 1913 2065 1974 1548 1818 2558 2009 2027 2284 2326 1316 2672 1035 1352 2290 2230 2527 1314 1930 1920 1684 2735 2326 1851 2671 931 2845 1944 2134 2657 2027 1977 1571 2681 1587 2654 1545 664 2323 1829 2707 2579 1534 2426 2538 955 2227 1350 2869 1888 1845 2019 2312 1908 1433 2144 1391 2022 1906 2587 1503 2394 2277 1604 1778 1551 2136 1209
1832 2022 2689 27 0 1575 2457 1910 2778 1152 2536 2122 1980 1858 1803 2505 2862 2059 1949 1624 2327 2008 2215 2044 2417 3059 2679 3274 1511 1319 1061 2509 1923 2074 1984 1558 1828 2567 2018 2037 2294 2335 1326 2681 1045 1361 2300 2239 2537 1324 1939 1929 1694 2745 2336 1860 2680 940 2854 1954 2143 2667 2036 1986 1580 2691 1596 2663 1555 673 2332 1838 2716 2588 1543 2435 2547 965 2236 1359 2878 1897 1855 2029 2321 1918 1443 2154 1400 2032 1915 2597 1512 2403 2286 1613 1788 1561 2145 1219
1382 1572 1634 1566 1575 0 1837 1354 2328 627 1712 1672 1159 873 1286 1706 2093 1693 1169 1735 776 1183 729 1220 1967 2447 2228 2220 968 631 1621 2058 850 1250 929 1135 511 2117 1568 871 1843 1885 800 2231 531 802 1247 1018 1482 835 1339 1982 1729 2294 1281 1145 2230 674 2404 822 1319 2216 480 1525 821 2240 1812 1608 1760 1253 1882 1471 1661 1534 174 2044 2097 803 1420 562 1824 1303 1134 1049 1871 1361 1245 1330 1176 1093 1177 1542 1935 1348 869 977 1337 1776 1329 401
894 725 1679 2447 2457 1837 0 833 1535 1786 459 877 710 1267 1100 223 556 954 742 1189 2035 663 1786 657 1174 910 983 2264 1313 1441 1523 857 1371 646 1359 1159 1670 924 749 1539 634 683 1546 1438 1710 1582 1191 1615 1527 1544 799 1436 1183 1270 1326 881 1037 1682 1611 1456 609 1423 1787 772 1355 941 1266 1653 1214 1940 689 925 1706 1578 2011 1203 1304 1637 479 1522 1869 782 1043 839 669 828 1117 620 1291 959 919 1587 1546 1393 2173 1204 873 1230 572 1880
238 532 1196 1901 1910 1354 833 0 1263 1160 812 606 308 715 339 742 1129 685 224 761 1552 283 1303 320 901 1483 1163 1782 787 815 989 993 888 350 877 573 1090 1052 502 1057 778 820 920 1166 1084 956 708 1132 1044 918 108 1008 755 1229 843 306 1164 1057 1338 973 380 1151 1305 292 735 1175 838 1170 786 1406 817 497 1223 1096 1488 978 1032 1012 456 896 1386 54 424 415 806 109 583 408 757 496 377 1104 1118 910 1690 678 445 802 378 1254
1233 1092 2337 2769 2778 2328 1535 1263 0 2107 1865 1025 1450 1868 1492 1583 1805 1060 1365 1325 2560 1430 2311 1467 597 1967 1587 2922 1635 1762 1770 1102 2014 1497 2018 1481 2031 1336 923 2133 1128 1077 1868 370 2031 1903 1849 2273 2185 1865 1231 933 1246 786 1984 1468 1393 2004 406 2050 1527 284 2313 1201 1676 1599 1216 2311 1348 2262 1241 1246 2364 2237 2435 749 414 1959 1603 1843 2527 1242 1576 1556 1100 1231 1438 1555 1613 1640 1525 2245 1635 2051 2698 1526 1194 1294 1525 2201
1161 1351 1939 1142 1152 627 1786 1160 2107 0 1786 1451 1229 1108 1065 1772 2159 1472 1199 1515 1379 1257 1339 1294 1746 2387 2008 2524 760 569 1172 1838 1172 1324 1234 1021 879 1896 1347 1287 1623 1664 642 2010 107 677 1550 1489 1786 639 1201 1762 1508 2074 1586 1110 2009 250 2183 1203 1393 1996 1088 1315 830 2020 1592 1913 1539 829 1661 1251 1966 1838 595 1823 1876 353 1486 624 2128 1147 1105 1279 1650 1186 1024 1404 779 1282 1165 1846 1544 1653 1338 863 1117 1556 1395 270
972 1055 1554 2527 2536 1712 459 812 1865 1786 0 1207 586 1146 1058 300 538 1285 673 1457 1910 529 1661 492 1504 892 965 2139 1488 1441 1748 1187 1246 483 1235 1332 1545 1184 1080 1414 965 1014 1547 1768 1710 1582 1066 1490 1402 1544 787 1705 1451 1601 1201 761 1297 1683 1941 1331 474 1754 1663 988 1322 923 1534 1528 1482 2165 931 1193 1581 1454 1886 1534 1634 1638 392 1522 1744 763 923 715 1000 815 1342 447 1516 834 799 1462 1814 1268 2048 1372 1141 1498 488 1880
577 405 1681 2113 2122 1672 877 606 1025 1451 1207 0 794 1211 836 925 1135 160 709 796 1904 774 1655 810 664 1298 918 2266 978 1106 1178 741 1358 841 1361 824 1375 807 201 1477 533 575 1211 929 1375 1247 1193 1617 1529 1209 575 875 770 919 1328 812 919 1348 1101 1394 871 914 1656 541 1020 930 873 1655 821 1605 572 381 1708 1580 1779 556 794 1303 946 1187 1870 586 920 900 561 575 782 898 956 984 868 1589 1153 1395 2042 870 521 837 868 1545
464 720 1001 1970 1980 1159 710 308 1450 1229 586 794 0 590 525 580 967 873 137 949 1357 57 1107 93 1089 1321 1350 1586 931 885 1244 1181 693 124 681 818 992 1239 690 861 965 1007 990 1353 1153 1025 513 936 849 987 289 1196 942 1416 648 204 1352 1126 1526 778 192 1339 1109 479 768 1344 1025 975 973 1657 1004 685 1028 900 1333 1166 1219 1081 294 965 1190 258 366 173 993 314 838 203 1012 291 242 908 1305 715 1495 815 632 990 203 1323
822 1105 1286 1848 1858 873 1267 715 1868 1108 1146 1211 590 0 645 1140 1528 1257 584 1305 1071 618 822 654 1507 1881 1768 1871 625 734 1221 1598 434 684 444 650 706 1657 1107 549 1383 1425 868 1771 1032 903 865 827 1134 866 736 1552 1299 1834 933 470 1770 1004 1944 466 753 1756 823 897 356 1780 1382 1260 1330 1535 1422 1041 1313 1185 1047 1584 1637 959 854 791 1476 681 343 568 1411 738 815 764 989 435 395 1194 1517 1000 1209 492 907 1346 764 1193
437 762 1370 1794 1803 1286 1100 339 1492 1065 1058 836 525 645 0 988 1375 914 437 990 1525 529 1275 566 1131 1729 1392 1955 578 720 870 1222 983 596 975 373 995 1281 732 1097 1007 1049 825 1395 989 861 881 1299 1217 823 381 1237 984 1458 1017 413 1394 962 1568 1014 626 1380 1277 521 640 1404 1067 1344 1015 1287 1046 726 1397 1269 1393 1208 1261 917 702 801 1559 326 407 606 1035 365 474 654 638 584 466 1277 1166 1084 1662 433 653 1031 624 1159
901 773 1548 2496 2505 1706 223 742 1583 1772 300 925 580 1140 988 0 558 1003 627 1237 1904 525 1655 514 1222 912 984 2134 1362 1427 1572 905 1240 502 1229 1208 1539 972 798 1409 683 732 1532 1486 1696 1568 1060 1484 1396 1530 716 1485 1231 1319 1195 755 1085 1669 1659 1325 465 1472 1657 821 1316 943 1314 1522 1262 1989 737 973 1575 1448 1880 1252 1352 1624 312 1508 1738 693 917 709 718 745 1165 475 1340 828 793 1456 1594 1262 2042 1253 921 1279 427 1866
1286 1130 1935 2853 2862 2093 556 1129 1805 2159 538 1135 967 1528 1375 558 0 1228 1014 1594 2291 912 2042 901 1444 556 629 2521 1719 1814 1929 864 1627 889 1616 1565 1927 853 1031 1796 857 771 1919 1708 2083 1955 1447 1871 1783 1917 1104 1842 1588 1337 1582 1142 966 2056 1881 1713 852 1693 2044 1178 1703 587 1671 1909 1619 2346 599 1330 1962 1835 2268 1499 1574 2011 699 1895 2125 1080 1304 1096 781 1132 1522 863 1697 1215 1180 1843 1951 1649 2429 1610 1278 1636 814 2253
593 405 1760 2050 2059 1693 954 685 1060 1472 1285 160 873 1257 914 1003 1228 0 788 637 1925 853 1676 889 678 1390 1010 2345 999 1127 1042 833 1383 919 1418 845 1396 899 205 1498 625 667 1232 942 1396 1268 1271 1682 1607 1230 654 716 610 1005 1407 890 1012 1369 1115 1415 949 949 1677 586 1041 1022 714 1734 661 1543 664 221 1787 1659 1800 397 808 1324 1025 1208 1949 665 999 979 653 654 803 977 977 1063 947 1667 993 1474 2063 891 361 678 947 1566
379 635 1011 1940 1949 1169 742 224 1365 1199 673 709 137 584 437 627 1014 788 0 864 1368 144 1118 181 1004 1368 1266 1597 901 854 1160 1096 704 211 692 731 1003 1154 605 872 881 922 959 1268 1123 994 523 947 859 957 209 1111 858 1332 658 198 1267 1095 1441 789 260 1254 1120 395 774 1278 941 985 888 1577 919 600 1038 911 1344 1081 1134 1050 341 935 1201 173 360 233 908 231 754 277 928 314 235 919 1220 725 1505 785 547 905 257 1292
638 754 1836 1614 1624 1735 1189 761 1325 1515 1457 796 949 1305 990 1237 1594 637 864 0 1968 929 1718 965 1149 1791 1411 2421 1042 1170 606 1241 1426 995 1487 875 1439 1300 750 1540 1026 1067 1275 1396 1439 1310 1347 1743 1683 1273 730 466 174 1477 1483 966 1412 1411 1486 1457 1025 1213 1720 718 1084 1423 143 1810 219 1107 1064 416 1863 1735 1843 957 1205 1366 1101 1251 2025 741 1075 1055 1053 730 701 1053 848 1139 1023 1743 529 1550 2106 933 421 188 1023 1609
1615 1804 1833 2318 2327 776 2035 1552 2560 1379 1910 1904 1357 1071 1525 1904 2291 1925 1368 1968 0 1381 269 1418 2199 2645 2461 2418 1387 1346 1884 2291 764 1448 1108 1514 757 2350 1800 728 2076 2117 1475 2464 1283 1510 1446 746 1680 1472 1538 2215 1962 2527 1479 1343 2462 1426 2636 679 1517 2449 358 1723 1019 2473 2045 1807 1993 2005 2115 1704 1860 1732 840 2276 2329 1542 1618 1337 2022 1502 1332 1247 2103 1559 1478 1528 1652 1291 1375 1740 2180 1518 369 1359 1570 2009 1528 1132
443 700 1025 1998 2008 1183 663 283 1430 1257 529 774 57 618 529 525 912 853 144 929 1381 0 1132 37 1069 1266 1325 1611 959 913 1219 1161 717 67 706 803 1017 1219 670 886 945 987 1018 1333 1182 1053 537 961 873 1015 258 1176 922 1396 672 232 1332 1154 1506 803 136 1319 1134 459 793 1296 1005 999 953 1636 984 664 1052 925 1358 1146 1199 1109 238 993 1215 234 394 186 973 286 813 146 987 305 270 933 1285 739 1519 843 612 970 148 1351
1365 1555 1583 2205 2215 729 1786 1303 2311 1339 1661 1655 1107 822 1275 1655 2042 1676 1118 1718 269 1132 0 1168 1950 2396 2211 2168 1143 1120 1634 2041 534 1199 876 1268 654 2100 1551 497 1826 1868 1225 2214 1243 1260 1196 526 1430 1223 1288 1965 1712 2277 1230 1094 2213 1361 2387 448 1267 2199 318 1473 770 2223 1795 1557 1743 1892 1865 1454 1610 1482 800 2027 2080 1316 1369 1200 1772 1252 1083 998 1854 1310 1228 1278 1402 1042 1125 1490 1931 1279 580 1114 1320 1759 1278 1092
479 736 1062 2035 2044 1220 657 320 1467 1294 492 810 93 654 566 514 901 889 181 965 1418 37 1168 0 1105 1255 1327 1647 996 949 1256 1197 754 30 742 840 1053 1256 706 922 982 1024 1054 1370 1218 1090 574 998 910 1052 294 1212 959 1433 709 269 1368 1191 1542 839 103 1355 1170 496 829 1286 1042 1036 990 1673 1021 701 1089 961 1394 1182 1236 1146 228 1030 1251 271 431 222 1010 323 849 114 1024 342 307 970 1322 776 1556 880 649 1006 119 1388
872 731 1976 2408 2417 1967 1174 901 597 1746 1504 664 1089 1507 1131 1222 1444 678 1004 1149 2199 1069 1950 1105 0 1606 1226 2561 1273 1401 1484 741 1653 1136 1657 1119 1670 975 562 1772 767 716 1507 333 1670 1542 1488 1912 1824 1504 870 847 1111 614 1623 1107 1032 1643 506 1689 1166 486 1952 840 1315 1238 1130 1950 1174 1901 880 881 2003 1875 2074 367 213 1598 1241 1482 2166 881 1215 1195 739 870 1077 1194 1251 1279 1163 1884 1506 1690 2337 1165 833 1190 1163 1840
1514 1368 2289 3049 3059 2447 910 1483 1967 2387 892 1298 1321 1881 1729 912 556 1390 1368 1791 2645 1266 2396 1255 1606 0 480 2875 1915 2043 2125 1040 1981 1242 1970 1761 2280 919 1194 2150 1019 934 2148 1870 2312 2183 1801 2225 2137 2146 1457 2038 1784 1513 1936 1496 1032 2284 2043 2066 1206 1856 2398 1481 1956 439 1868 2263 1815 2542 827 1527 2316 2189 2621 1662 1736 2239 1052 2123 2479 1434 1658 1450 944 1486 1718 1216 1893 1569 1534 2197 2147 2003 2783 1806 1474 1832 1168 2481
1134 988 2238 2669 2679 2228 983 1163 1587 2008 965 918 1350 1768 1392 984 629 1010 1266 1411 2461 1325 2211 1327 1226 480 0 2823 1535 1663 1745 653 1915 1315 1918 1381 1931 472 814 2033 639 554 1768 1491 1932 1803 1749 2173 2085 1766 1132 1658 1404 1112 1884 1368 584 1904 1663 1950 1278 1476 2213 1101 1576 45 1488 2212 1435 2162 512 1147 2265 2137 2336 1282 1356 1859 1125 1743 2427 1143 1477 1457 564 1132 1339 1289 1513 1540 1425 2145 1767 1952 2598 1426 1094 1452 1241 2101
1936 2192 837 3265 3274 2220 2264 1782 2922 2524 2139 2266 1586 1871 1955 2134 2521 2345 1597 2421 2418 1611 2168 1647 2561 2875 2823 0 2203 2179 2694 2653 1754 1677 1742 2200 2053 2712 2162 1922 2438 2479 2284 2826 2448 2320 1545 1997 1049 2282 1767 2668 2415 2889 1357 1573 2824 2421 2998 1839 1746 2811 2170 1952 1829 2835 2498 977 2446 2952 2477 2157 804 1101 2394 2638 2692 2376 1847 2260 411 1731 1735 1477 2466 1789 2287 1757 2462 1521 1604 1013 2778 1507 2555 2173 2105 2462 1757 2576
689 879 1617 1501 1511 968 1313 787 1635 760 1488 978 931 625 578 1362 1719 999 901 1042 1387 959 1143 996 1273 1915 1535 2203 0 402 958 1365 851 1026 912 349 727 1424 874 965 1150 1192 395 1538 685 430 1230 1168 1465 392 811 1289 1036 1601 1264 800 1536 657 1710 882 1095 1523 1107 842 479 1547 1119 1591 1067 1188 1189 778 1644 1517 1075 1350 1404 612 1186 483 1807 787 767 975 1178 781 552 1106 695 960 843 1525 1254 1331 1493 191 644 1083 1097 854
817 1007 1594 1310 1319 631 1441 815 1762 569 1441 1106 885 734 720 1427 1814 1127 854 1170 1346 913 1120 949 1401 2043 1663 2179 402 0 1073 1493 828 979 889 593 668 1552 1002 942 1278 1319 251 1666 493 254 1205 1144 1442 286 857 1417 1164 1729 1241 765 1664 466 1838 859 1048 1651 1069 970 485 1675 1247 1568 1195 997 1317 906 1621 1493 739 1478 1532 415 1141 127 1783 802 760 934 1306 841 680 1059 613 937 820 1502 1371 1308 1455 435 772 1211 1050 663
899 1089 2109 1052 1061 1621 1523 989 1770 1172 1748 1178 1244 1221 870 1572 1929 1042 1160 606 1884 1219 1634 1256 1484 2125 1745 2694 958 1073 0 1575 1342 1286 1403 624 1355 1634 1085 1456 1360 1402 1031 1748 1090 1067 1623 1659 1956 1029 1014 912 676 1811 1756 1159 1747 986 1921 1373 1316 1659 1636 1053 1000 1757 579 2083 537 545 1399 821 2136 2008 1589 1418 1614 1011 1392 1133 2298 990 1142 1348 1388 984 509 1344 467 1319 1202 2016 495 1823 2022 797 815 544 1314 1264
964 818 2068 2500 2509 2058 857 993 1102 1838 1187 741 1181 1598 1222 905 864 833 1096 1241 2291 1161 2041 1197 741 1040 653 2653 1365 1493 1575 0 1745 1228 1748 1211 1762 277 644 1864 338 174 1598 1006 1762 1634 1579 2003 1916 1596 962 1330 1235 499 1715 1198 334 1735 1142 1780 1250 991 2043 931 1407 665 1318 2042 1266 1992 362 977 2095 1967 2166 773 871 1690 1162 1574 2257 973 1307 1287 197 962 1169 1261 1343 1371 1255 1975 1598 1782 2429 1256 925 1282 1221 1932
1043 1247 1169 1913 1923 850 1371 888 2014 1172 1246 1358 693 434 983 1240 1627 1383 704 1426 764 717 534 754 1653 1981 1915 1754 851 828 1342 1745 0 784 343 976 683 1804 1254 169 1530 1571 933 1918 1097 968 782 638 1016 930 874 1673 1420 1981 815 679 1916 1069 2090 86 853 1903 777 1059 456 1927 1503 1143 1451 1600 1569 1162 1196 1068 1024 1730 1784 1024 954 908 1358 838 706 583 1558 895 936 864 1110 627 711 1076 1638 753 1076 822 1028 1467 864 1213
510 767 1092 2065 2074 1250 646 350 1497 1324 483 841 124 684 596 502 889 919 211 995 1448 67 1199 30 1136 1242 1315 1677 1026 979 1286 1228 784 0 773 870 1083 1286 737 952 1012 1054 1085 1400 1248 1120 604 1028 940 1082 325 1243 989 1463 739 299 1399 1221 1573 869 80 1385 1201 526 860 1273 1072 1066 1020 1703 1051 731 1119 992 1424 1213 1266 1176 215 1060 1282 301 461 253 1040 353 880 90 1054 372 337 1000 1352 806 1586 910 679 1036 95 1418
1032 1267 1157 1974 1984 929 1359 877 2018 1234 1235 1361 681 444 975 1229 1616 1418 692 1487 1108 706 876 742 1657 1970 1918 1742 912 889 1403 1748 343 773 0 1037 762 1807 1257 512 1533 1575 994 1921 1158 1029 770 647 1004 992 862 1734 1481 1984 804 668 1920 1130 2094 429 841 1906 880 1047 539 1930 1564 1131 1512 1661 1572 1223 1184 1056 1103 1734 1787 1085 943 969 1346 826 673 572 1561 884 997 852 1171 616 699 1064 1700 733 1265 883 1089 1528 852 1286
514 725 1615 1548 1558 1135 1159 573 1481 1021 1332 824 818 650 373 1208 1565 845 731 875 1514 803 1268 840 1119 1761 1381 2200 349 593 624 1211 976 870 1037 0 864 1270 720 1090 996 1038 683 1384 945 719 1127 1293 1463 681 598 1135 869 1447 1262 662 1382 918 1556 1007 900 1369 1244 688 607 1393 963 1589 913 1041 1035 624 1642 1514 1242 1196 1250 873 976 650 1805 574 645 851 1024 568 228 928 392 823 706 1523 920 1329 1629 173 490 928 898 1115
1085 1275 1468 1818 1828 511 1670 1090 2031 879 1545 1375 992 706 995 1539 1927 1396 1003 1439 757 1017 654 1053 1670 2280 1931 2053 727 668 1355 1762 683 1083 762 864 0 1820 1271 790 1546 1588 885 1934 783 888 1081 936 1315 895 1132 1686 1432 1998 1114 978 1933 926 2107 714 1152 1920 462 1239 560 1943 1515 1442 1463 1505 1585 1175 1495 1367 620 1747 1800 1005 1253 725 1657 1077 967 883 1574 1116 948 1163 1122 927 1010 1375 1651 1182 847 706 1041 1480 1163 689
1023 877 2126 2558 2567 2117 924 1052 1336 1896 1184 807 1239 1657 1281 972 853 899 1154 1300 2350 1219 2100 1256 975 919 472 2712 1424 1552 1634 277 1804 1286 1807 1270 1820 0 703 1922 528 428 1657 1239 1821 1692 1638 2062 1974 1655 1021 1547 1293 714 1773 1257 113 1793 1357 1839 1310 1225 2102 990 1465 484 1376 2100 1324 2051 401 1036 2153 2026 2224 1007 1105 1748 1229 1632 2316 1032 1366 1346 444 1021 1227 1321 1402 1429 1314 2034 1656 1840 2487 1315 983 1341 1282 1990
472 277 1577 2009 2018 1568 749 502 923 1347 1080 201 690 1107 732 798 1031 205 605 750 1800 670 1551 706 562 1194 814 2162 874 1002 1085 644 1254 737 1257 720 1271 703 0 1373 429 471 1107 826 1271 1143 1089 1513 1425 1105 471 920 738 889 1224 708 815 1244 999 1290 767 811 1552 416 916 826 827 1551 775 1502 468 384 1604 1476 1675 602 692 1199 842 1083 1766 482 816 796 457 471 678 794 852 880 764 1485 1107 1291 1938 766 405 791 764 1441
1187 1377 1337 2027 2037 871 1539 1057 2133 1287 1414 1477 861 549 1097 1409 1796 1498 872 1540 728 886 497 922 1772 2150 2033 1922 965 942 1456 1864 169 952 512 1090 790 1922 1373 0 1648 1690 1047 2036 1211 1082 950 601 1184 1045 1042 1788 1534 2099 984 848 2035 1183 2209 83 1021 2021 740 1227 570 2045 1617 1311 1565 1714 1687 1276 1364 1236 1046 1849 1902 1138 1122 1022 1526 1006 821 752 1676 1064 1050 1032 1224 796 870 1244 1753 922 1039 936 1142 1581 1032 1273
749 603 1853 2284 2294 1843 634 778 1128 1623 965 533 965 1383 1007 683 857 625 881 1026 2076 945 1826 982 767 1019 639 2438 1150 1278 1360 338 1530 1012 1533 996 1546 528 429 1648 0 164 1383 1031 1547 1418 1364 1788 1700 1381 747 1273 1020 667 1500 983 641 1519 1204 1565 1028 1016 1828 716 1191 651 1103 1827 1050 1777 293 762 1880 1752 1951 766 897 1474 939 1358 2042 758 1092 1072 150 747 954 1039 1128 1155 1040 1760 1382 1567 2213 1041 709 1067 999 1716
790 645 1894 2326 2335 1885 683 820 1077 1664 1014 575 1007 1425 1049 732 771 667 922 1067 2117 987 1868 1024 716 934 554 2479 1192 1319 1402 174 1571 1054 1575 1038 1588 428 471 1690 164 0 1425 980 1588 1460 1406 1830 1742 1422 788 1305 1061 589 1541 1025 489 1561 1153 1607 1076 966 1870 758 1233 566 1144 1868 1092 1819 198 803 1921 1794 1992 747 846 1516 988 1400 2084 799 1133 1113 23 788 995 1087 1170 1197 1082 1802 1424 1608 2255 1083 751 1108 1047 1758
922 1112 1699 1316 1326 800 1546 920 1868 642 1547 1211 990 868 825 1532 1919 1232 959 1275 1475 1018 1225 1054 1507 2148 1768 2284 395 251 1031 1598 933 1085 994 683 885 1657 1107 1047 1383 1425 0 1771 566 61 1310 1249 1547 111 962 1522 1269 1834 1346 870 1770 533 1944 964 1153 1756 1227 1075 590 1780 1352 1673 1300 1003 1422 1011 1726 1598 907 1583 1637 429 1246 253 1889 907 865 1039 1411 946 782 1164 566 1042 925 1607 1332 1413 1612 526 877 1316 1155 735
1137 995 2240 2672 2681 2231 1438 1166 370 2010 1768 929 1353 1771 1395 1486 1708 942 1268 1396 2464 1333 2214 1370 333 1870 1491 2826 1538 1666 1748 1006 1918 1400 1921 1384 1934 1239 826 2036 1031 980 1771 0 1935 1806 1752 2176 2088 1769 1135 1004 1318 542 1887 1371 1296 1907 219 1953 1430 399 2216 1104 1579 1503 1288 2214 1386 2165 1144 1145 2267 2140 2338 631 239 1862 1506 1746 2430 1146 1480 1460 1003 1134 1341 1458 1516 1543 1428 2148 1706 1954 2601 1429 1097 1365 1428 2104
1086 1276 1863 1035 1045 531 1710 1084 2031 107 1710 1375 1153 1032 989 1696 2083 1396 1123 1439 1283 1182 1243 1218 1670 2312 1932 2448 685 493 1090 1762 1097 1248 1158 945 783 1821 1271 1211 1547 1588 566 1935 0 601 1474 1413 1711 564 1126 1686 1433 1998 1510 1034 1933 143 2107 1128 1317 1920 992 1239 754 1944 1516 1837 1464 722 1586 1175 1890 1762 499 1747 1801 277 1410 548 2052 1071 1029 1203 1575 1110 949 1328 703 1206 1089 1771 1469 1577 1242 787 1041 1480 1319 174
957 1147 1734 1352 1361 802 1582 956 1903 677 1582 1247 1025 903 861 1568 1955 1268 994 1310 1510 1053 1260 1090 1542 2183 1803 2320 430 254 1067 1634 968 1120 1029 719 888 1692 1143 1082 1418 1460 61 1806 601 0 1345 1285 1582 113 997 1558 1304 1869 1381 906 1805 569 1979 999 1189 1791 1262 1111 625 1815 1387 1708 1335 1039 1457 1046 1761 1634 910 1619 1672 464 1281 255 1924 943 900 1074 1446 981 817 1199 601 1077 961 1642 1367 1448 1630 561 912 1352 1191 771
863 1119 959 2290 2300 1247 1191 708 1849 1550 1066 1193 513 865 881 1060 1447 1271 523 1347 1446 537 1196 574 1488 1801 1749 1545 1230 1205 1623 1579 782 604 770 1127 1081 1638 1089 950 1364 1406 1310 1752 1474 1345 0 1025 807 1308 693 1594 1341 1815 455 499 1751 1446 1925 867 673 1737 1198 878 857 1761 1424 933 1372 1977 1403 1083 986 859 1422 1565 1618 1401 774 1286 1149 657 661 405 1392 715 1226 683 1391 449 530 867 1704 427 1583 1127 1031 1388 683 1604
1287 1531 1412 2230 2239 1018 1615 1132 2273 1489 1490 1617 936 827 1299 1484 1871 1682 947 1743 746 961 526 998 1912 2225 2173 1997 1168 1144 1659 2003 638 1028 647 1293 936 2062 1513 601 1788 1830 1249 2176 1413 1285 1025 0 1260 1247 1117 1990 1736 2239 1059 923 2175 1386 2349 552 1096 2161 796 1302 794 2185 1820 1386 1767 1917 1827 1479 1439 1311 1192 1989 2042 1341 1198 1225 1601 1081 1085 827 1816 1139 1252 1107 1427 871 954 1320 1955 1017 958 1138 1345 1784 1107 1419
1199 1455 464 2527 2537 1482 1527 1044 2185 1786 1402 1529 849 1134 1217 1396 1783 1607 859 1683 1680 873 1430 910 1824 2137 2085 1049 1465 1442 1956 1916 1016 940 1004 1463 1315 1974 1425 1184 1700 1742 1547 2088 1711 1582 807 1260 0 1544 1029 1931 1677 2151 569 835 2087 1683 2261 1101 1008 2073 1432 1214 1091 2097 1760 196 1708 2214 1739 1419 491 112 1656 1901 1954 1638 1110 1522 654 993 997 739 1728 1051 1550 1019 1724 783 866 129 2040 721 1818 1436 1367 1724 1019 1839
920 1109 1697 1314 1324 835 1544 918 1865 639 1544 1209 987 866 823 1530 1917 1230 957 1273 1472 1015 1223 1052 1504 2146 1766 2282 392 286 1029 1596 930 1082 992 681 895 1655 1105 1045 1381 1422 111 1769 564 113 1308 1247 1544 0 960 1520 1267 1832 1344 868 1767 531 1941 962 1151 1754 1225 1073 588 1778 1350 1671 1297 1001 1419 1009 1724 1596 943 1581 1634 427 1244 288 1886 905 863 1037 1408 944 780 1162 564 1040 923 1604 1329 1411 1610 523 875 1314 1153 733
224 498 1181 1930 1939 1339 799 108 1231 1201 787 575 289 736 381 716 1104 654 209 730 1538 258 1288 294 870 1457 1132 1767 811 857 1014 962 874 325 862 598 1132 1021 471 1042 747 788 962 1135 1126 997 693 1117 1029 960 0 977 724 1198 828 328 1133 1098 1307 959 355 1120 1290 259 776 1144 807 1155 754 1431 785 466 1208 1081 1514 947 1000 1053 430 937 1371 58 465 401 774 41 607 383 782 484 387 1089 1086 895 1675 702 414 771 352 1295
885 1002 2083 1920 1929 1982 1436 1008 933 1762 1705 875 1196 1552 1237 1485 1842 716 1111 466 2215 1176 1965 1212 847 2038 1658 2668 1289 1417 912 1330 1673 1243 1734 1135 1686 1547 920 1788 1273 1305 1522 1004 1686 1558 1594 1990 1931 1520 977 0 483 1327 1730 1213 1621 1659 1095 1704 1272 822 1967 965 1331 1670 358 2057 489 1413 1312 598 2110 1982 2090 729 814 1614 1348 1498 2272 988 1322 1302 1301 977 1086 1300 1154 1386 1270 1990 777 1797 2353 1180 668 435 1270 1856
632 748 1830 1684 1694 1729 1183 755 1246 1508 1451 770 942 1299 984 1231 1588 610 858 174 1962 922 1712 959 1111 1784 1404 2415 1036 1164 676 1235 1420 989 1481 869 1432 1293 738 1534 1020 1061 1269 1318 1433 1304 1341 1736 1677 1267 724 483 0 1471 1476 960 1406 1405 1408 1451 1019 1135 1714 712 1077 1417 274 1804 296 1177 1058 389 1857 1729 1837 809 1127 1360 1095 1244 2019 735 1069 1049 1047 724 690 1047 897 1132 1017 1737 628 1544 2099 927 415 309 1017 1602
1200 1058 2304 2735 2745 2294 1270 1229 786 2074 1601 919 1416 1834 1458 1319 1337 1005 1332 1477 2527 1396 2277 1433 614 1513 1112 2889 1601 1729 1811 499 1981 1463 1984 1447 1998 714 889 2099 667 589 1834 542 1998 1869 1815 2239 2151 1832 1198 1327 1471 0 1951 1434 771 1970 646 2016 1493 770 2279 1167 1642 1124 1554 2278 1501 2228 784 1206 2331 2203 2402 882 566 1925 1558 1810 2493 1209 1543 1523 612 1198 1405 1521 1579 1607 1491 2211 1833 2018 2664 1492 1161 1518 1491 2167
998 1254 771 2326 2336 1281 1326 843 1984 1586 1201 1328 648 933 1017 1195 1582 1407 658 1483 1479 672 1230 709 1623 1936 1884 1357 1264 1241 1756 1715 815 739 804 1262 1114 1773 1224 984 1500 1541 1346 1887 1510 1381 455 1059 569 1344 828 1730 1476 1951 0 634 1886 1482 2060 900 808 1873 1232 1014 891 1897 1560 697 1507 2013 1538 1219 798 544 1456 1700 1753 1437 909 1322 961 792 796 538 1527 850 1349 819 1523 582 666 630 1839 192 1617 1235 1166 1524 818 1638
425 738 987 1851 1860 1145 881 306 1468 1110 761 812 204 470 413 755 1142 890 198 966 1343 232 1094 269 1107 1496 1368 1573 800 765 1159 1198 679 299 668 662 978 1257 708 848 983 1025 870 1371 1034 906 499 923 835 868 328 1213 960 1434 634 0 1370 1007 1544 764 368 1356 1096 497 662 1380 1043 961 991 1538 1022 702 1014 887 1319 1184 1237 962 469 846 1177 273 196 223 1011 325 763 378 927 245 113 895 1323 701 1481 662 650 1007 378 1204
1135 989 2239 2671 2680 2230 1037 1164 1393 2009 1297 919 1352 1770 1394 1085 966 1012 1267 1412 2462 1332 2213 1368 1032 1032 584 2824 1536 1664 1747 334 1916 1399 1920 1382 1933 113 815 2035 641 489 1770 1296 1933 1805 1751 2175 2087 1767 1133 1621 1406 771 1886 1370 0 1906 1414 1952 1423 1282 2215 1103 1578 597 1489 2213 1437 2164 514 1148 2266 2138 2337 1064 1162 1861 1341 1745 2429 1144 1478 1458 512 1133 1340 1434 1514 1542 1426 2147 1769 1953 2600 1428 1096 1453 1394 2103
1058 1248 1835 931 940 674 1682 1057 2004 250 1683 1348 1126 1004 962 1669 2056 1369 1095 1411 1426 1154 1361 1191 1643 2284 1904 2421 657 466 986 1735 1069 1221 1130 918 926 1793 1244 1183 1519 1561 533 1907 143 569 1446 1386 1683 531 1098 1659 1405 1970 1482 1007 1906 0 2080 1100 1289 1892 1135 1212 726 1916 1488 1809 1436 617 1558 1147 1862 1735 642 1720 1773 172 1382 520 2025 1043 1001 1175 1547 1082 921 1300 670 1178 1061 1743 1432 1549 1385 760 1013 1452 1292 317
1309 1168 2413 2845 2854 2404 1611 1338 406 2183 1941 1101 1526 1944 1568 1659 1881 1115 1441 1486 2636 1506 2387 1542 506 2043 1663 2998 1710 1838 1921 1142 2090 1573 2094 1556 2107 1357 999 2209 1204 1153 1944 219 2107 1979 1925 2349 2261 1941 1307 1095 1408 646 2060 1544 1414 2080 0 2126 1603 454 2389 1277 1752 1675 1378 2387 1510 2338 1317 1318 2440 2312 2511 804 411 2035 1678 1919 2603 1318 1652 1632 1176 1307 1514 1631 1688 1716 1600 2321 1797 2127 2774 1602 1270 1455 1600 2277
1104 1294 1254 1944 1954 822 1456 973 2050 1203 1331 1394 778 466 1014 1325 1713 1415 789 1457 679 803 448 839 1689 2066 1950 1839 882 859 1373 1780 86 869 429 1007 714 1839 1290 83 1565 1607 964 1953 1128 999 867 552 1101 962 959 1704 1451 2016 900 764 1952 1100 2126 0 938 1938 691 1144 487 1962 1534 1228 1482 1631 1604 1193 1281 1153 996 1766 1819 1055 1039 939 1443 923 738 669 1593 980 967 949 1141 713 787 1161 1669 839 990 853 1059 1498 949 1215
539 797 1161 2134 2143 1319 609 380 1527 1393 474 871 192 753 626 465 852 949 260 1025 1517 136 1267 103 1166 1206 1278 1746 1095 1048 1316 1250 853 80 841 900 1152 1310 767 1021 1028 1076 1153 1430 1317 1189 673 1096 1008 1151 355 1272 1019 1493 808 368 1423 1289 1603 938 0 1415 1269 556 928 1236 1102 1135 1050 1733 1075 761 1188 1060 1493 1243 1296 1244 178 1129 1350 331 530 321 1062 383 910 53 1084 440 406 1068 1382 875 1655 979 709 1066 52 1487
1122 981 2226 2657 2667 2216 1423 1151 284 1996 1754 914 1339 1756 1380 1472 1693 949 1254 1213 2449 1319 2199 1355 486 1856 1476 2811 1523 1651 1659 991 1903 1385 1906 1369 1920 1225 811 2021 1016 966 1756 399 1920 1791 1737 2161 2073 1754 1120 822 1135 770 1873 1356 1282 1892 454 1938 1415 0 2201 1089 1565 1488 1105 2200 1237 2150 1130 1135 2253 2125 2324 638 302 1847 1491 1732 2415 1131 1465 1445 989 1120 1327 1443 1501 1529 1413 2133 1524 1940 2587 1414 1083 1182 1413 2090
1367 1557 1585 2027 2036 480 1787 1305 2313 1088 1663 1656 1109 823 1277 1657 2044 1677 1120 1720 358 1134 318 1170 1952 2398 2213 2170 1107 1069 1636 2043 777 1201 880 1244 462 2102 1552 740 1828 1870 1227 2216 992 1262 1198 796 1432 1225 1290 1967 1714 2279 1232 1096 2215 1135 2389 691 1269 2201 0 1475 772 2225 1797 1559 1745 1714 1867 1456 1612 1484 561 2029 2082 1264 1371 1042 1774 1254 1085 1000 1856 1312 1230 1280 1404 1044 1127 1492 1932 1299 471 1086 1322 1761 1280 851
253 364 1367 1977 1986 1525 772 292 1201 1315 988 541 479 897 521 821 1178 586 395 718 1723 459 1473 496 840 1481 1101 1952 842 970 1053 931 1059 526 1047 688 1239 990 416 1227 716 758 1075 1104 1239 1111 878 1302 1214 1073 259 965 712 1167 1014 497 1103 1212 1277 1144 556 1089 1475 0 884 1113 795 1341 743 1470 755 454 1394 1266 1643 917 970 1167 632 1051 1556 272 606 586 744 264 646 584 820 670 554 1274 1075 1081 1860 734 402 759 554 1409
730 920 1244 1571 1580 821 1355 735 1676 830 1322 1020 768 356 640 1316 1703 1041 774 1084 1019 793 770 829 1315 1956 1576 1829 479 485 1000 1407 456 860 539 607 560 1465 916 570 1191 1233 590 1579 754 625 857 794 1091 588 776 1331 1077 1642 891 662 1578 726 1752 487 928 1565 772 884 0 1588 1160 1218 1108 1257 1230 819 1271 1143 995 1392 1445 681 1030 563 1433 722 575 659 1219 761 593 939 767 667 628 1151 1296 958 1157 450 686 1125 939 923
1146 1000 2250 2681 2691 2240 941 1175 1599 2020 923 930 1344 1780 1404 943 587 1022 1278 1423 2473 1296 2223 1286 1238 439 45 2835 1547 1675 1757 665 1927 1273 1930 1393 1943 484 826 2045 651 566 1780 1503 1944 1815 1761 2185 2097 1778 1144 1670 1417 1124 1897 1380 597 1916 1675 1962 1236 1488 2225 1113 1588 0 1500 2224 1447 2174 524 1159 2277 2149 2348 1294 1368 1871 1083 1756 2439 1155 1489 1469 576 1144 1351 1247 1525 1552 1437 2157 1779 1964 2610 1438 1106 1464 1199 2113
715 831 1913 1587 1596 1812 1266 838 1216 1592 1534 873 1025 1382 1067 1314 1671 714 941 143 2045 1005 1795 1042 1130 1868 1488 2498 1119 1247 579 1318 1503 1072 1564 963 1515 1376 827 1617 1103 1144 1352 1288 1516 1387 1424 1820 1760 1350 807 358 274 1554 1560 1043 1489 1488 1378 1534 1102 1105 1797 795 1160 1500 0 1887 146 1080 1141 492 1940 1812 1920 922 1097 1404 1178 1328 2102 818 1152 1132 1130 807 800 1130 821 1216 1100 1820 444 1627 2182 1010 498 102 1100 1685
1325 1581 310 2654 2663 1608 1653 1170 2311 1913 1528 1655 975 1260 1344 1522 1909 1734 985 1810 1807 999 1557 1036 1950 2263 2212 977 1591 1568 2083 2042 1143 1066 1131 1589 1442 2100 1551 1311 1827 1868 1673 2214 1837 1708 933 1386 196 1671 1155 2057 1804 2278 697 961 2213 1809 2387 1228 1135 2200 1559 1341 1218 2224 1887 0 1834 2340 1865 1546 318 227 1783 2027 2080 1764 1236 1649 602 1119 1123 865 1854 1177 1676 1146 1851 909 993 79 2166 848 1944 1562 1494 1851 1145 1965
663 779 1860 1545 1555 1760 1214 786 1348 1539 1482 821 973 1330 1015 1262 1619 661 888 219 1993 953 1743 990 1174 1815 1435 2446 1067 1195 537 1266 1451 1020 1512 913 1463 1324 775 1565 1050 1092 1300 1386 1464 1335 1372 1767 1708 1297 754 489 296 1501 1507 991 1437 1436 1510 1482 1050 1237 1745 743 1108 1447 146 1834 0 1038 1089 440 1887 1760 1867 1003 1226 1362 1126 1275 2050 766 1100 1080 1078 754 785 1078 780 1163 1048 1768 489 1574 2130 958 446 170 1048 1633
1316 1506 2366 664 673 1253 1940 1406 2262 829 2165 1605 1657 1535 1287 1989 2346 1543 1577 1107 2005 1636 1892 1673 1901 2542 2162 2952 1188 997 545 1992 1600 1703 1661 1041 1505 2051 1502 1714 1777 1819 1003 2165 722 1039 1977 1917 2214 1001 1431 1413 1177 2228 2013 1538 2164 617 2338 1631 1733 2150 1714 1470 1257 2174 1080 2340 1038 0 1816 1322 2393 2266 1221 1918 2031 642 1809 1037 2556 1407 1532 1706 1805 1401 926 1761 884 1709 1592 2274 995 2080 1964 1214 1271 1044 1731 896
788 642 1891 2323 2332 1882 689 817 1241 1661 931 572 1004 1422 1046 737 599 664 919 1064 2115 984 1865 1021 880 827 512 2477 1189 1317 1399 362 1569 1051 1572 1035 1585 401 468 1687 293 198 1422 1144 1586 1457 1403 1827 1739 1419 785 1312 1058 784 1538 1022 514 1558 1317 1604 1075 1130 1867 755 1230 524 1141 1865 1089 1816 0 800 1918 1791 1989 933 1010 1513 993 1397 2081 797 1130 1110 208 785 992 1086 1167 1194 1079 1799 1421 1605 2252 1080 748 1106 1047 1755
374 490 1572 1829 1838 1471 925 497 1246 1251 1193 381 685 1041 726 973 1330 221 600 416 1704 664 1454 701 881 1527 1147 2157 778 906 821 977 1162 731 1223 624 1175 1036 384 1276 762 803 1011 1145 1175 1046 1083 1479 1419 1009 466 598 389 1206 1219 702 1148 1147 1318 1193 761 1135 1456 454 819 1159 492 1546 440 1322 800 0 1599 1471 1579 606 1011 1102 837 987 1761 477 811 791 789 466 582 789 756 875 759 1479 772 1286 1841 669 140 457 759 1344
1378 1634 68 2707 2716 1661 1706 1223 2364 1966 1581 1708 1028 1313 1397 1575 1962 1787 1038 1863 1860 1052 1610 1089 2003 2316 2265 804 1644 1621 2136 2095 1196 1119 1184 1642 1495 2153 1604 1364 1880 1921 1726 2267 1890 1761 986 1439 491 1724 1208 2110 1857 2331 798 1014 2266 1862 2440 1281 1188 2253 1612 1394 1271 2277 1940 318 1887 2393 1918 1599 0 540 1836 2080 2133 1817 1289 1702 429 1172 1176 918 1907 1230 1729 1199 1904 962 1046 396 2219 949 1997 1615 1547 1904 1198 2018
1251 1506 516 2579 2588 1534 1578 1096 2237 1838 1454 1580 900 1185 1269 1448 1835 1659 911 1735 1732 925 1482 961 1875 2189 2137 1101 1517 1493 2008 1967 1068 992 1056 1514 1367 2026 1476 1236 1752 1794 1598 2140 1762 1634 859 1311 112 1596 1081 1982 1729 2203 544 887 2138 1735 2312 1153 1060 2125 1484 1266 1143 2149 1812 227 1760 2266 1791 1471 540 0 1708 1952 2006 1690 1162 1574 705 1045 1049 791 1780 1103 1601 1071 1776 835 918 160 2092 696 1869 1487 1419 1776 1071 1890
1489 1679 1809 1534 1543 174 2011 1488 2435 595 1886 1779 1333 1047 1393 1880 2268 1800 1344 1843 840 1358 800 1394 2074 2621 2336 2394 1075 739 1589 2166 1024 1424 1103 1242 620 2224 1675 1046 1951 1992 907 2338 499 910 1422 1192 1656 943 1514 2090 1837 2402 1456 1319 2337 642 2511 996 1493 2324 561 1643 995 2348 1920 1783 1867 1221 1989 1579 1836 1708 0 2151 2204 771 1594 669 1998 1475 1309 1224 1978 1514 1352 1504 1197 1268 1351 1716 1963 1523 799 1084 1445 1884 1504 363
948 785 2053 2426 2435 2044 1203 978 749 1823 1534 556 1166 1584 1208 1252 1499 397 1081 957 2276 1146 2027 1182 367 1662 1282 2638 1350 1478 1418 773 1730 1213 1734 1196 1747 1007 602 1849 766 747 1583 631 1747 1619 1565 1989 1901 1581 947 729 809 882 1700 1184 1064 1720 804 1766 1243 638 2029 917 1392 1294 922 2027 1003 1918 933 606 2080 1952 2151 0 497 1675 1318 1559 2243 958 1292 1272 770 947 1154 1271 1328 1356 1240 1961 1340 1767 2414 1242 737 1000 1240 1917
1002 861 2106 2538 2547 2097 1304 1032 414 1876 1634 794 1219 1637 1261 1352 1574 808 1134 1205 2329 1199 2080 1236 213 1736 1356 2692 1404 1532 1614 871 1784 1266 1787 1250 1800 1105 692 1902 897 846 1637 239 1801 1672 1618 2042 1954 1634 1000 814 1127 566 1753 1237 1162 1773 411 1819 1296 302 2082 970 1445 1368 1097 2080 1226 2031 1010 1011 2133 2006 2204 497 0 1728 1372 1612 2296 1011 1345 1325 869 1000 1207 1324 1382 1409 1294 2014 1516 1820 2467 1295 963 1174 1294 1970
1013 1203 1790 955 965 803 1637 1012 1959 353 1638 1303 1081 959 917 1624 2011 1324 1050 1366 1542 1109 1316 1146 1598 2239 1859 2376 612 415 1011 1690 1024 1176 1085 873 1005 1748 1199 1138 1474 1516 429 1862 277 464 1401 1341 1638 427 1053 1614 1360 1925 1437 962 1861 172 2035 1055 1244 1847 1264 1167 681 1871 1404 1764 1362 642 1513 1102 1817 1690 771 1675 1728 0 1337 447 1980 998 956 1130 1502 1037 839 1255 584 1133 1016 1698 1350 1504 1514 715 968 1368 1247 446
615 840 1262 2227 2236 1420 479 456 1603 1486 392 946 294 854 702 312 699 1025 341 1101 1618 238 1369 228 1241 1052 1125 1847 1186 1141 1392 1162 954 215 943 976 1253 1229 842 1122 939 988 1246 1506 1410 1281 774 1198 1110 1244 430 1348 1095 1558 909 469 1341 1382 1678 1039 178 1491 1371 632 1030 1083 1178 1236 1126 1809 993 837 1289 1162 1594 1318 1372 1337 0 1222 1452 407 631 423 974 459 985 189 1160 542 507 1170 1458 976 1756 1069 785 1142 141 1580
897 1087 1675 1350 1359 562 1522 896 1843 624 1522 1187 965 791 801 1508 1895 1208 935 1251 1337 993 1200 1030 1482 2123 1743 2260 483 127 1133 1574 908 1060 969 650 725 1632 1083 1022 1358 1400 253 1746 548 255 1286 1225 1522 288 937 1498 1244 1810 1322 846 1745 520 1919 939 1129 1732 1042 1051 563 1756 1328 1649 1275 1037 1397 987 1702 1574 669 1559 1612 447 1222 0 1864 883 840 1014 1386 922 760 1140 667 1018 901 1582 1433 1389 1389 492 853 1292 1131 664
