NAME: zurich_100_5
COMMENT: TSP instance with 100 nodes. City: Zurich, Switzerland, Seed: 47
TYPE: TSP
DIMENSION: 100
EDGE_WEIGHT_TYPE: EXPLICIT
EDGE_WEIGHT_FORMAT: FULL_MATRIX
NODE_COORD_SECTION:
1 47.4044931 8.5566525
2 47.3396616 8.528608
3 47.2490342 8.5315581
4 47.3657547 8.7924388
5 47.2327923 8.6567093
6 47.3002029 8.4511073
7 47.4985742 8.4096763
8 47.3884793 8.2922095
9 47.4193787 8.3162778
10 47.3569192 8.5291883
11 47.2660085 8.7350101
12 47.3814504 8.535909
13 47.4402029 8.4775332
14 47.2396906 8.7874329
15 47.3648057 8.5632803
16 47.2484952 8.605365
17 47.4922117 8.7186157
18 47.4813749 8.4477182
19 47.2641575 8.3419598
20 47.5170786 8.6464333
21 47.37039 8.3838345
22 47.3541268 8.2864019
23 47.3729442 8.5174083
24 47.5000953 8.3455779
25 47.381917 8.5435273
26 47.353375 8.2870416
27 47.3498954 8.378777
28 47.2536026 8.6099631
29 47.5476878 8.2907489
30 47.4359126 8.7678222
31 47.3784933 8.5257339
32 47.4048391 8.6293489
33 47.5426663 8.7298848
34 47.4138827 8.6004669
35 47.3168518 8.3869643
36 47.3444029 8.2817105
37 47.5160917 8.5936331
38 47.4037459 8.3960552
39 47.4265656 8.5669854
40 47.3664253 8.545065
41 47.4006198 8.6126023
42 47.4746328 8.5158366
43 47.3653542 8.5316519
44 47.4145993 8.5073762
45 47.4719358 8.6316757
46 47.3790306 8.4819668
47 47.5237774 8.7926394
48 47.4307631 8.7677089
49 47.3877137 8.6556556
50 47.3413339 8.301402
51 47.3452376 8.5283198
52 47.4022831 8.4395083
53 47.4220584 8.6368872
54 47.2475724 8.3671953
55 47.5470443 8.7106175
56 47.4899697 8.293173
57 47.4598406 8.639775
58 47.3891577 8.4317
59 47.5165516 8.3636592
60 47.4983158 8.7330239
61 47.4093167 8.3969299
62 47.2921992 8.7022711
63 47.3549457 8.7271983
64 47.4888077 8.7339676
65 47.3669792 8.7867888
66 47.4918517 8.5588678
67 47.439612 8.6281618
68 47.4299428 8.5638831
69 47.4103677 8.5954718
70 47.4496784 8.4581033
71 47.4098128 8.4971269
72 47.3459215 8.5761717
73 47.3738684 8.4839423
74 47.3468413 8.7111669
75 47.3584077 8.4972366
76 47.2614285 8.4227971
77 47.3891618 8.4859821
78 47.4032391 8.4479175
79 47.4808665 8.3205445
80 47.2314628 8.6342462
81 47.3422898 8.4002155
82 47.4712527 8.3052515
83 47.2544611 8.7955515
84 47.3858462 8.6659949
85 47.2876708 8.4296193
86 47.4437807 8.6389907
87 47.3488623 8.7168276
88 47.297139 8.5637978
89 47.1965333 8.6480931
90 47.4023739 8.3128599
91 47.4542468 8.5279435
92 47.5263018 8.730579
93 47.2706183 8.4401319
94 47.3819859 8.5162979
95 47.5177109 8.538674
96 47.3159041 8.5976256
97 47.4818202 8.4352929
98 47.2888722 8.3656137
99 47.3875787 8.6207068
100 47.3488068 8.3774731
EDGE_WEIGHT_SECTION:
0 701 1408 1027 1230 1066 1102 1636 1415 551 1464 302 549 1686 455 1064 797 873 1683 1055 1013 1540 442 1472 306 1534 1117 1142 1800 1018 361 411 1147 360 1301 1639 814 881 346 391 329 618 440 380 830 594 1184 1009 701 1713 651 690 442 1564 1072 1308 722 854 1377 903 831 1266 726 906 1033 637 594 319 313 652 551 641 563 832 632 1221 542 657 1277 1075 997 1108 1527 656 1223 654 796 922 1355 1557 501 1076 1072 364 694 966 978 1522 444 1097
701 0 863 1613 706 683 1650 1252 1300 238 1502 497 1097 1826 488 539 1383 1421 1300 1641 960 1156 398 1619 506 1150 733 618 2011 1605 420 997 1733 956 917 1255 1401 872 938 334 915 1204 278 884 1416 644 1770 1595 1238 1329 81 792 1028 1180 1658 1440 1308 833 1761 1489 927 1291 1312 1492 1619 1223 1180 912 907 1200 905 648 592 1418 509 838 607 835 1409 551 614 1240 1720 1218 840 1241 1383 397 831 1252 1087 1662 688 472 1280 909 1526 1139 936 713
1408 863 0 2320 936 648 2074 1660 1708 1011 2299 1204 1521 2624 1286 805 2090 1845 1187 2349 1369 1564 1073 2027 1218 1558 1141 884 2419 2312 1117 1704 2440 1664 992 1663 2108 1280 1646 1131 1622 1885 1041 1566 2123 1166 2477 2302 1995 1626 918 1200 1735 977 2365 1848 2015 1241 2169 2196 1335 2089 2020 2199 2326 1931 1887 1620 1615 1624 1584 1446 1114 2125 1178 670 1249 1243 1817 780 1022 1648 2517 1950 632 1948 2090 816 876 1660 1768 2369 554 1147 1988 1706 1950 1026 1731 1121
1027 1613 2320 0 2142 1978 1837 2415 2150 1463 1098 1214 1284 1194 1337 1976 1011 1608 2592 1270 1748 2319 1354 2207 1218 2313 1896 2054 2536 624 1273 752 1362 911 2080 2418 1511 1616 1097 1303 892 1353 1352 1334 1269 1516 1399 583 668 2492 1563 1522 829 2476 1286 2043 1157 1604 2112 1117 1566 945 396 1121 73 1372 1005 1078 896 1387 1473 1333 1486 506 1544 2133 1465 1474 2012 1987 1776 1844 1034 634 2135 1061 471 1834 2267 2292 1236 1291 1984 1287 1429 1268 1713 2373 928 1876
1230 706 936 2142 0 1172 2155 1742 1789 832 2121 1026 1597 2446 1107 310 1912 1927 1789 2170 1450 1645 895 2108 1040 1640 1222 388 2501 2134 939 1526 2262 1486 1407 1745 1930 1362 1467 953 1444 1733 862 1407 1945 1141 2299 2124 1817 1819 760 1281 1557 1670 2187 1930 1837 1323 2251 2018 1416 1911 1841 2021 2148 1753 1709 1442 1436 1706 1406 1268 1082 1947 1000 1327 1104 1324 1898 157 1103 1730 2339 1772 1329 1770 1912 675 404 1741 1616 2191 1177 969 1809 1528 2031 1628 1553 1203
1066 683 648 1978 1172 0 1596 1183 1230 668 1957 862 1043 2282 943 1005 1748 1367 848 1978 891 1086 731 1549 875 1080 663 1084 1942 1970 775 1362 2098 1301 432 1185 1727 802 1212 789 1280 1407 698 1095 1742 872 2135 1960 1653 1093 726 722 1393 810 2023 1370 1635 763 1692 1854 857 1747 1677 1857 1984 1550 1533 1162 1272 1146 1233 1104 820 1783 836 470 940 765 1339 1017 544 1171 2175 1608 203 1578 1748 863 1297 1181 1290 2027 303 805 1607 1364 1472 687 1389 643
1102 1650 2074 1837 2155 1596 0 1544 1172 1500 2274 1228 621 2496 1398 1989 1607 321 2177 1384 1314 1838 1320 390 1224 1857 1461 2067 718 1828 1286 1221 1924 1154 1645 1912 1124 1181 1018 1334 1139 694 1389 894 1465 1219 1994 1818 1511 2053 1600 1088 1252 2103 1800 740 1357 1169 295 1713 1131 2091 1536 1716 1843 896 1280 968 1128 592 977 1584 1249 1641 1457 1761 1140 1039 670 2000 1342 726 2337 1466 1753 1313 1606 1847 2280 1336 823 1886 1611 1234 741 1909 265 1938 1266 1441
1636 1252 1660 2415 1742 1183 1544 0 372 1238 2527 1432 1428 2851 1513 1575 2185 1689 1073 2363 821 370 1301 1212 1445 389 628 1654 1605 2407 1345 1799 2535 1733 815 442 2112 1074 1597 1359 1717 1792 1268 1480 2127 1284 2572 2397 2090 595 1296 1107 1830 1147 2460 1034 2019 1148 1355 2291 1021 2317 2114 2294 2421 1934 1942 1546 1706 1512 1619 1674 1232 2220 1406 1248 1367 1149 1002 1587 722 821 2745 2045 1202 1975 2185 1433 1867 238 1675 2464 1198 1375 1991 1934 1671 836 1844 609
1415 1300 1708 2150 1789 1230 1172 372 0 1286 2571 1319 1163 2810 1559 1623 1920 1341 1333 2098 632 666 1303 840 1417 685 643 1701 1232 2142 1288 1535 2270 1468 854 740 1847 774 1332 1406 1452 1527 1316 1215 1862 1222 2307 2132 1825 893 1343 915 1565 1407 2195 661 1754 1008 983 2026 722 2364 1850 2029 2156 1670 1677 1282 1441 1210 1348 1721 1252 1955 1448 1376 1144 957 630 1634 770 449 2650 1780 1241 1710 1920 1481 1914 165 1410 2200 1245 1201 1726 1981 1299 1095 1579 624
551 238 1011 1463 832 668 1500 1238 1286 0 1351 347 947 1676 338 666 1232 1271 1286 1491 946 1142 252 1560 356 1136 719 744 1952 1454 270 847 1583 806 903 1241 1250 858 788 183 765 1054 127 734 1265 471 1620 1444 1087 1315 177 744 878 1166 1507 1381 1158 819 1702 1338 909 1141 1162 1342 1469 1073 1030 762 757 1050 756 498 424 1267 354 823 461 711 1350 677 599 1181 1569 1067 825 1090 1232 524 957 1237 937 1512 674 326 1130 758 1375 1125 785 699
1464 1502 2299 1098 2121 1957 2274 2527 2571 1351 0 1307 1721 359 1106 1954 1644 2045 2574 1903 2177 2430 1380 2644 1286 2424 2007 2032 2973 1425 1360 1189 1994 1342 2191 2529 1987 2053 1534 1177 1258 1790 1273 1672 1740 1624 2032 1383 1105 2603 1451 1839 1266 2454 1919 2469 1615 1981 2549 1750 2003 296 809 1753 1104 1809 1442 1515 1326 1824 1737 972 1582 736 1570 2112 1584 1807 2438 1965 1888 2270 344 1071 2114 1504 728 1812 2245 2526 1673 1924 1962 1419 1866 809 2150 2413 1061 1987
302 497 1204 1214 1026 862 1228 1432 1319 347 1307 0 675 1632 279 860 984 999 1479 1242 923 1336 236 1390 180 1330 913 938 1783 1206 155 598 1334 557 1097 1435 1001 821 539 204 516 805 236 462 1017 463 1371 1196 888 1509 447 575 629 1360 1259 1212 909 747 1503 1090 785 1097 913 1093 1220 824 781 513 508 778 470 454 432 1019 426 1017 393 543 1180 871 793 1012 1526 843 1019 842 983 718 1151 1431 688 1263 868 200 881 779 1103 1318 636 893
549 1097 1521 1284 1597 1043 621 1428 1163 947 1721 675 0 1943 845 1430 1054 392 1624 1232 761 1331 758 991 671 1325 908 1508 1320 1275 733 668 1404 601 1092 1430 980 623 466 781 586 446 835 341 996 656 1441 1265 958 1504 1047 535 699 1550 1329 1056 888 616 897 1160 573 1538 983 1163 1290 747 810 415 575 177 415 1031 686 1088 895 1208 578 487 989 1441 789 856 1784 913 1200 843 1053 1288 1721 1305 366 1333 1058 681 815 1356 497 1385 713 888
1686 1826 2624 1194 2446 2282 2496 2851 2810 1676 359 1632 1943 0 1430 2279 1866 2267 2899 2125 2408 2755 1705 2866 1611 2749 2332 2357 3195 1628 1685 1412 2217 1571 2516 2854 2209 2275 1756 1502 1552 2012 1598 1982 1963 1949 2254 1586 1327 2928 1776 2164 1489 2779 2141 2703 1837 2263 2772 1972 2225 655 1032 1976 1200 2032 1664 1737 1555 2047 2062 1297 1907 979 1894 2437 1909 2130 2672 2290 2212 2503 194 1294 2439 1727 971 2137 2570 2851 1896 2146 2287 1744 2089 1134 2372 2738 1386 2312
455 488 1286 1337 1107 943 1398 1513 1559 338 1106 279 845 1430 0 941 1138 1169 1561 1397 1166 1417 362 1633 258 1411 994 1019 2026 1360 342 680 1489 658 1178 1516 1160 1064 693 162 593 963 260 632 1175 606 1526 1350 782 1590 438 819 784 1441 1413 1455 1067 963 1673 1244 1028 895 1036 1247 1343 982 936 665 643 948 708 253 565 1098 552 1098 566 786 1424 952 874 1255 1324 764 1100 998 1103 799 1232 1512 846 1418 949 399 1039 592 1273 1399 565 974
1064 539 805 1976 310 1005 1989 1575 1623 666 1954 860 1430 2279 941 0 1745 1760 1623 2004 1283 1479 728 1942 873 1473 1056 94 2334 1967 772 1360 2096 1319 1240 1578 1763 1195 1301 786 1277 1566 696 1241 1778 974 2133 1957 1650 1652 594 1115 1391 1503 2020 1763 1670 1156 2084 1851 1250 1744 1675 1854 1981 1586 1543 1275 1270 1539 1239 1101 916 1780 834 1161 937 1157 1732 154 936 1563 2172 1605 1163 1603 1745 496 428 1575 1450 2025 1011 803 1643 1361 1865 1462 1386 1036
797 1383 2090 1011 1912 1748 1607 2185 1920 1232 1644 984 1054 1866 1138 1745 0 1378 2362 538 1518 2088 1124 1976 988 2082 1665 1824 2305 759 1043 603 483 685 1849 2187 780 1385 867 1073 678 1123 1122 1104 669 1286 550 760 876 2262 1333 1292 618 2245 485 1813 624 1374 1882 113 1336 1487 906 145 1017 1141 721 847 670 1157 1243 1323 1255 1012 1314 1903 1234 1244 1782 1757 1546 1613 1707 831 1905 614 977 1603 2037 2062 1006 410 1753 1056 1174 1647 1482 2143 805 1646
873 1421 1845 1608 1927 1367 321 1689 1341 1271 2045 999 392 2267 1169 1760 1378 0 1948 1233 1085 1655 1091 691 995 1649 1232 1838 1020 1599 1057 992 1728 925 1416 1754 973 952 790 1105 910 465 1160 665 1297 990 1765 1589 1282 1828 1371 859 1023 1874 1649 1041 1189 940 596 1484 902 1862 1307 1487 1614 739 1112 739 899 363 748 1355 1020 1412 1228 1532 911 811 972 1771 1113 972 2108 1237 1524 1145 1377 1618 2051 1506 594 1657 1382 1005 590 1680 128 1709 1037 1212
1683 1300 1187 2592 1789 848 2177 1073 1333 1286 2574 1479 1624 2899 1561 1623 2362 1948 0 2559 1165 848 1348 2129 1493 842 904 1701 2522 2584 1392 1977 2712 1898 680 762 2308 1383 1793 1406 1894 1988 1316 1676 2323 1480 2749 2574 2267 694 1343 1303 2007 237 2637 1951 2215 1344 2272 2468 1438 2364 2292 2471 2598 2130 2131 1742 1870 1727 1815 1721 1428 2397 1453 650 1557 1345 1920 1634 888 1751 2792 2222 646 2171 2362 1481 1913 1199 1871 2642 636 1422 2187 1981 2052 331 2006 884
1055 1641 2349 1270 2170 1978 1384 2363 2098 1491 1903 1242 1232 2125 1397 2004 538 1233 2559 0 1696 2266 1382 1754 1246 2260 1843 2082 2082 1060 1301 861 562 944 2027 2365 263 1563 941 1331 936 915 1381 1283 791 1544 641 1050 1135 2440 1591 1470 877 2486 438 1991 690 1552 1659 551 1514 1745 1165 643 1276 686 793 915 928 1335 1501 1581 1514 1270 1572 2143 1493 1422 1960 2015 1724 1791 1965 1090 2135 762 1235 1862 2295 2240 1123 533 1994 1315 658 1906 1338 2321 1063 1824
1013 960 1369 1748 1450 891 1314 821 632 946 2177 923 761 2408 1166 1283 1518 1085 1165 1696 0 724 908 1267 1021 718 261 1361 1659 1740 893 1132 1868 1066 633 823 1445 344 930 1027 1050 1125 976 813 1460 807 1905 1730 1423 897 1003 423 1163 1238 1793 1088 1352 455 1409 1624 401 1977 1447 1627 1754 1267 1275 880 1039 864 949 1334 782 1553 975 1060 728 465 1057 1294 463 888 2248 1378 1020 1308 1518 1141 1574 757 1008 1797 911 806 1324 1602 1190 927 1177 281
1540 1156 1564 2319 1645 1086 1838 370 666 1142 2430 1336 1331 2755 1417 1479 2088 1655 848 2266 724 0 1204 1506 1349 19 532 1557 1899 2310 1248 1703 2439 1636 719 219 2015 989 1500 1262 1621 1695 1172 1383 2030 1187 2476 2300 1993 354 1199 1010 1734 1004 2363 1327 1922 1051 1649 2194 1046 2220 2018 2198 2324 1838 1845 1450 1609 1434 1523 1577 1135 2123 1310 1163 1270 1053 1296 1490 626 1115 2648 1948 1106 1878 2088 1337 1770 532 1578 2368 1101 1278 1895 1837 1760 751 1747 512
442 398 1073 1354 895 731 1320 1301 1303 252 1380 236 758 1705 362 728 1124 1091 1348 1382 908 1204 0 1375 278 1198 781 807 1768 1346 121 738 1474 698 965 1304 1142 803 679 212 656 945 137 570 1157 286 1511 1336 1029 1378 352 548 769 1228 1399 1196 1049 662 1518 1230 763 1170 1053 1233 1360 965 921 646 648 870 569 527 240 1159 227 886 265 516 1165 740 662 997 1599 984 888 982 1124 586 1020 1300 828 1403 736 132 1021 787 1196 1187 776 762
1472 1619 2027 2207 2108 1549 390 1212 840 1560 2644 1390 991 2866 1633 1942 1976 691 2129 1754 1267 1506 1375 0 1488 1525 1414 2020 451 2198 1360 1591 2294 1524 1598 1580 1494 993 1388 1494 1509 1063 1454 1264 1835 1294 2364 2188 1881 1733 1650 1072 1622 2056 2169 408 1727 1122 201 2082 941 2444 1906 2086 2212 1266 1649 1338 1498 962 1347 1801 1324 2011 1542 1714 1215 1115 339 1953 1294 394 2707 1836 1706 1682 1976 1799 2233 1005 1193 2256 1564 1273 1111 2069 635 1891 1635 1394
306 506 1218 1218 1040 875 1224 1445 1417 356 1286 180 671 1611 258 873 988 995 1493 1246 1021 1349 278 1488 0 1343 926 951 1881 1210 248 602 1338 561 1110 1448 1006 919 539 183 520 809 250 458 1021 523 1375 1200 893 1522 456 673 633 1373 1263 1310 913 845 1499 1094 883 1076 917 1097 1224 828 785 511 512 774 546 433 481 1023 468 1031 482 641 1278 884 806 1110 1505 848 1033 846 988 731 1164 1445 692 1267 881 290 885 758 1100 1332 640 906
1534 1150 1558 2313 1640 1080 1857 389 685 1136 2424 1330 1325 2749 1411 1473 2082 1649 842 2260 718 19 1198 1525 1343 0 526 1551 1918 2304 1242 1697 2433 1630 713 213 2009 984 1494 1256 1615 1689 1166 1377 2024 1181 2470 2294 1987 348 1193 1004 1728 998 2357 1346 1917 1045 1668 2188 1040 2214 2012 2192 2319 1832 1839 1444 1604 1428 1517 1571 1129 2117 1304 1157 1264 1047 1315 1484 620 1134 2642 1942 1100 1872 2082 1331 1764 551 1572 2362 1095 1273 1889 1831 1754 745 1741 506
1117 733 1141 1896 1222 663 1461 628 643 719 2007 913 908 2332 994 1056 1665 1232 904 1843 261 532 781 1414 926 526 0 1134 1806 1887 825 1280 2016 1213 372 631 1592 547 1077 839 1198 1272 749 960 1607 764 2053 1877 1570 705 776 587 1311 977 1940 1235 1499 628 1557 1771 604 1797 1595 1774 1901 1415 1422 1027 1186 1011 1099 1154 712 1700 886 828 847 630 1204 1067 203 1035 2225 1525 759 1455 1665 914 1347 627 1155 1945 678 855 1472 1414 1337 666 1324 20
1142 618 884 2054 388 1084 2067 1654 1701 744 2032 938 1508 2357 1019 94 1824 1838 1701 2082 1361 1557 807 2020 951 1551 1134 0 2413 2046 850 1438 2174 1397 1318 1656 1841 1274 1379 864 1356 1645 774 1319 1857 1052 2211 2036 1728 1730 672 1193 1469 1581 2099 1841 1749 1234 2163 1930 1328 1822 1753 1933 2060 1664 1621 1353 1348 1617 1318 1179 994 1859 912 1239 1016 1236 1810 233 1015 1642 2251 1683 1241 1682 1823 493 506 1653 1528 2103 1089 881 1721 1439 1943 1540 1464 1114
1800 2011 2419 2536 2501 1942 718 1605 1232 1952 2973 1783 1320 3195 2026 2334 2305 1020 2522 2082 1659 1899 1768 451 1881 1918 1806 2413 0 2527 1753 1920 2623 1853 1991 1973 1822 1386 1717 1887 1837 1392 1847 1593 2163 1686 2693 2517 2210 2126 2043 1465 1951 2449 2498 689 2056 1515 529 2411 1333 2790 2235 2414 2541 1595 1978 1667 1826 1291 1676 2194 1716 2340 1935 2107 1608 1508 691 2346 1687 787 3035 2165 2099 2011 2305 2192 2625 1397 1521 2585 1957 1666 1440 2462 964 2284 1964 1787
1018 1605 2312 624 2134 1970 1828 2407 2142 1454 1425 1206 1275 1628 1360 1967 759 1599 2584 1060 1740 2310 1346 2198 1210 2304 1887 2046 2527 0 1264 824 1051 907 2071 2409 1301 1607 1089 1294 900 1345 1344 1326 1059 1508 944 50 808 2483 1554 1514 840 2467 1074 2035 954 1595 2104 655 1557 1258 673 665 630 1364 927 1069 892 1379 1465 1472 1477 783 1536 2125 1456 1466 2004 1978 1768 1835 1468 763 2127 865 747 1825 2258 2284 1228 999 1975 1278 1421 1546 1704 2365 1024 1867
361 420 1117 1273 939 775 1286 1345 1288 270 1360 155 733 1685 342 772 1043 1057 1392 1301 893 1248 121 1360 248 1242 825 850 1753 1264 0 657 1393 616 1009 1347 1060 791 598 192 575 864 155 521 1076 362 1430 1254 947 1421 370 545 688 1272 1318 1181 968 691 1503 1149 755 1150 972 1152 1279 883 840 572 567 837 533 507 324 1077 311 930 309 513 1150 783 706 982 1578 902 932 900 1042 630 1063 1344 747 1322 780 117 940 767 1162 1231 695 805
411 997 1704 752 1526 1362 1221 1799 1535 847 1189 598 668 1412 680 1360 603 992 1977 861 1132 1703 738 1591 602 1697 1280 1438 1920 824 657 0 953 264 1464 1802 934 1000 478 686 140 737 736 718 699 900 990 815 427 1876 947 906 210 1860 878 1428 573 988 1496 709 950 1032 451 712 758 756 400 462 249 771 857 886 869 557 928 1517 849 858 1396 1371 1160 1228 1252 382 1519 463 522 1218 1651 1676 620 882 1368 671 813 1084 1097 1757 217 1260
1147 1733 2440 1362 2262 2098 1924 2535 2270 1583 1994 1334 1404 2217 1489 2096 483 1728 2712 562 1868 2439 1474 2294 1338 2433 2016 2174 2623 1051 1393 953 0 1036 2200 2538 804 1736 1217 1423 1028 1456 1472 1454 1041 1636 459 1052 1227 2612 1683 1642 968 2596 249 2163 996 1724 2200 418 1686 1837 1257 532 1368 1226 1092 1198 1020 1507 1593 1673 1605 1362 1664 2253 1585 1594 2132 2107 1896 1964 2057 1182 2255 986 1327 1954 2387 2412 1356 184 2104 1407 1198 1998 1833 2493 1155 1996
360 956 1664 911 1486 1301 1154 1733 1468 806 1342 557 601 1571 658 1319 685 925 1898 944 1066 1636 698 1524 561 1630 1213 1397 1853 907 616 264 1036 0 1397 1735 850 933 282 646 170 670 696 643 648 859 1073 897 586 1809 906 840 299 1807 960 1361 523 921 1430 791 883 1124 610 794 917 673 350 336 107 704 816 864 829 716 887 1465 808 791 1330 1330 1094 1161 1411 541 1458 412 681 1177 1610 1610 553 965 1315 630 729 1166 1030 1690 298 1193
1301 917 992 2080 1407 432 1645 815 854 903 2191 1097 1092 2516 1178 1240 1849 1416 680 2027 633 719 965 1598 1110 713 372 1318 1991 2071 1009 1464 2200 1397 0 818 1776 852 1261 1023 1382 1456 933 1144 1791 948 2237 2061 1754 758 960 771 1495 753 2124 1419 1684 812 1741 1955 906 1981 1779 1959 2086 1599 1606 1211 1371 1195 1284 1338 897 1884 1071 571 1031 814 1388 1251 357 1220 2410 1709 437 1639 1849 1098 1531 806 1339 2129 554 1040 1656 1598 1521 442 1508 353
1639 1255 1663 2418 1745 1185 1912 442 740 1241 2529 1435 1430 2854 1516 1578 2187 1754 762 2365 823 219 1304 1580 1448 213 631 1656 1973 2409 1347 1802 2538 1735 818 0 2114 1089 1599 1361 1720 1794 1271 1482 2129 1287 2575 2399 2092 269 1298 1109 1833 918 2462 1402 2022 1150 1723 2294 1145 2319 2117 2297 2424 1937 1944 1549 1709 1533 1622 1676 1235 2222 1409 1207 1369 1152 1370 1589 725 1189 2748 2047 1179 1977 2187 1436 1869 606 1677 2467 1186 1378 1994 1936 1859 807 1846 611
814 1401 2108 1511 1930 1727 1124 2112 1847 1250 1987 1001 980 2209 1160 1763 780 973 2308 263 1445 2015 1142 1494 1006 2009 1592 1841 1822 1301 1060 934 804 850 1776 2114 0 1312 690 1090 852 655 1140 1032 674 1304 883 1291 1224 2188 1350 1219 843 2234 679 1740 566 1300 1399 792 1262 1804 1249 884 1517 426 669 664 840 1084 1261 1341 1273 1354 1332 1892 1252 1170 1709 1774 1473 1540 2049 1179 1884 639 1319 1621 2054 1989 871 775 1742 1074 398 1665 1078 2069 978 1572
881 872 1280 1616 1362 802 1181 1074 774 858 2053 821 623 2275 1064 1195 1385 952 1383 1563 344 989 803 993 919 984 547 1274 1386 1607 791 1000 1736 933 852 1089 1312 0 797 925 918 992 877 680 1327 668 1773 1597 1290 1163 916 271 1031 1310 1660 815 1220 353 1136 1492 112 1870 1315 1495 1622 1135 1142 747 907 731 764 1232 698 1420 933 967 590 313 784 1206 548 615 2116 1245 960 1175 1385 1053 1486 899 876 1665 818 704 1192 1500 1057 1145 1045 567
346 938 1646 1097 1467 1212 1018 1597 1332 788 1534 539 466 1756 693 1301 867 790 1793 941 930 1500 679 1388 539 1494 1077 1379 1717 1089 598 478 1217 282 1261 1599 690 797 0 628 383 487 677 516 705 821 1254 1079 771 1673 888 704 512 1720 1142 1225 597 786 1294 973 747 1336 796 976 1103 513 497 89 264 569 748 878 790 902 868 1377 769 656 1194 1312 958 1025 1597 726 1369 544 866 1159 1592 1474 362 1146 1227 591 570 1203 894 1555 511 1057
391 334 1131 1303 953 789 1334 1359 1406 183 1177 204 781 1502 162 786 1073 1105 1406 1331 1027 1262 212 1494 183 1256 839 864 1887 1294 192 686 1423 646 1023 1361 1090 925 628 0 605 894 105 568 1106 456 1460 1284 911 1435 283 679 718 1286 1348 1316 998 813 1609 1179 889 967 1002 1182 1309 913 870 602 597 884 633 324 414 1107 402 944 416 647 1285 797 720 1116 1395 893 946 930 1072 644 1077 1358 777 1352 794 251 970 582 1210 1245 609 819
329 915 1622 892 1444 1280 1139 1717 1452 765 1258 516 586 1552 593 1277 678 910 1894 936 1050 1621 656 1509 520 1615 1198 1356 1837 900 575 140 1028 170 1382 1720 852 918 383 605 0 655 654 636 786 818 1065 890 491 1794 865 824 323 1777 953 1345 661 906 1414 784 868 1022 591 787 898 674 488 380 155 689 775 799 787 697 846 1435 766 776 1314 1289 1078 1146 1392 459 1437 550 662 1135 1569 1594 538 957 1285 589 731 1064 1015 1675 197 1178
618 1204 1885 1353 1733 1407 694 1792 1527 1054 1790 805 446 2012 963 1566 1123 465 1988 915 1125 1695 945 1063 809 1689 1272 1645 1392 1345 864 737 1456 670 1456 1794 655 992 487 894 655 0 943 691 986 1065 1510 1335 1027 1868 1154 899 768 1914 1331 1413 878 980 969 1229 942 1607 1052 1232 1359 301 801 437 644 588 824 1144 1074 1158 1135 1572 987 851 1344 1578 1153 1220 1853 982 1564 834 1122 1424 1858 1669 243 1402 1422 876 371 1469 569 1749 782 1252
440 278 1041 1352 862 698 1389 1268 1316 127 1273 236 835 1598 260 696 1122 1160 1316 1381 976 1172 137 1454 250 1166 749 774 1847 1344 155 736 1472 696 933 1271 1140 877 677 105 654 943 0 624 1155 383 1509 1334 1007 1345 227 629 767 1196 1397 1275 1047 742 1597 1228 844 1063 1051 1231 1358 963 919 652 646 939 641 420 336 1157 323 853 346 596 1244 707 629 1076 1491 976 855 980 1122 554 987 1267 826 1401 704 211 1019 680 1265 1155 707 729
380 884 1566 1334 1407 1095 894 1480 1215 734 1672 462 341 1982 632 1241 1104 665 1676 1283 813 1383 570 1264 458 1377 960 1319 1593 1326 521 718 1454 643 1144 1482 1032 680 516 568 636 691 624 0 1047 569 1491 1316 1009 1557 834 587 749 1603 1379 1108 940 669 1169 1210 631 1462 1033 1213 1340 855 862 467 616 444 322 819 599 1139 754 1260 491 539 1077 1252 841 908 1834 964 1252 895 1104 1099 1532 1357 458 1383 1111 468 912 1143 770 1438 757 941
830 1416 2123 1269 1945 1742 1465 2127 1862 1265 1740 1017 996 1963 1175 1778 669 1297 2323 791 1460 2030 1157 1835 1021 2024 1607 1857 2163 1059 1076 699 1041 648 1791 2129 674 1327 705 1106 786 986 1155 1047 0 1319 1078 1049 978 2204 1366 1234 529 2250 966 1755 143 1316 1740 775 1278 1583 1002 778 1275 807 355 679 733 1099 1276 1356 1288 1108 1347 1907 1267 1186 1724 1790 1488 1555 1803 933 1899 324 1073 1636 2070 2004 870 970 1758 1089 902 1680 1402 2085 898 1588
594 644 1166 1516 1141 872 1219 1284 1222 471 1624 463 656 1949 606 974 1286 990 1480 1544 807 1187 286 1294 523 1181 764 1052 1686 1508 362 900 1636 859 948 1287 1304 668 821 456 818 1065 383 569 1319 0 1673 1498 1191 1361 597 403 931 1393 1561 1115 1211 506 1436 1392 618 1414 1215 1395 1522 1126 1083 783 810 769 481 771 66 1321 321 1051 119 371 1084 985 645 915 1843 1146 1029 1144 1286 832 1265 1283 961 1565 901 300 1183 1032 1094 1242 938 745
1184 1770 2477 1399 2299 2135 1994 2572 2307 1620 2032 1371 1441 2254 1526 2133 550 1765 2749 641 1905 2476 1511 2364 1375 2470 2053 2211 2693 944 1430 990 459 1073 2237 2575 883 1773 1254 1460 1065 1510 1509 1491 1078 1673 0 944 1264 2649 1720 1679 1005 2633 483 2200 1033 1761 2269 438 1723 1874 1294 545 1405 1305 1129 1235 1057 1544 1630 1710 1643 1399 1701 2290 1622 1631 2169 2144 1933 2001 2094 1219 2292 1023 1364 1991 2424 2449 1393 489 2141 1444 1277 2035 1870 2530 1192 2033
1009 1595 2302 583 2124 1960 1818 2397 2132 1444 1383 1196 1265 1586 1350 1957 760 1589 2574 1050 1730 2300 1336 2188 1200 2294 1877 2036 2517 50 1254 815 1052 897 2061 2399 1291 1597 1079 1284 890 1335 1334 1316 1049 1498 944 0 798 2473 1544 1504 830 2457 1066 2025 944 1586 2094 656 1547 1216 631 666 588 1354 917 1059 882 1369 1455 1462 1467 742 1526 2115 1446 1456 1994 1968 1758 1825 1426 753 2117 855 707 1815 2248 2274 1218 1000 1965 1268 1411 1504 1694 2355 1014 1857
701 1238 1995 668 1817 1653 1511 2090 1825 1087 1105 888 958 1327 782 1650 876 1282 2267 1135 1423 1993 1029 1881 893 1987 1570 1728 2210 808 947 427 1227 586 1754 2092 1224 1290 771 911 491 1027 1007 1009 978 1191 1264 798 0 2166 1187 1197 504 2150 1151 1718 852 1278 1787 982 1240 904 367 986 674 1047 679 752 570 1062 1147 778 1160 469 1219 1808 1139 1148 1687 1661 1451 1518 1168 95 1810 742 434 1508 1941 1967 911 1156 1658 961 1104 948 1387 2047 376 1550
1713 1329 1626 2492 1819 1093 2053 595 893 1315 2603 1509 1504 2928 1590 1652 2262 1828 694 2440 897 354 1378 1733 1522 348 705 1730 2126 2483 1421 1876 2612 1809 758 269 2188 1163 1673 1435 1794 1868 1345 1557 2204 1361 2649 2473 2166 0 1372 1183 1907 850 2537 1554 2096 1224 1876 2368 1219 2393 2191 2371 2498 2011 2018 1623 1783 1608 1696 1750 1309 2296 1483 1092 1443 1226 1523 1663 799 1342 2822 2121 1052 2051 2261 1510 1943 759 1752 2541 1075 1452 2068 2010 1933 680 1921 685
651 81 918 1563 760 726 1600 1296 1343 177 1451 447 1047 1776 438 594 1333 1371 1343 1591 1003 1199 352 1650 456 1193 776 672 2043 1554 370 947 1683 906 960 1298 1350 916 888 283 865 1154 227 834 1366 597 1720 1544 1187 1372 0 835 978 1223 1608 1471 1258 876 1793 1439 970 1241 1262 1442 1569 1173 1130 862 857 1150 856 598 531 1367 449 881 561 812 1440 605 657 1272 1670 1168 883 1190 1332 452 885 1295 1037 1612 731 426 1230 858 1476 1182 885 756
690 792 1200 1522 1281 722 1088 1107 915 744 1839 575 535 2164 819 1115 1292 859 1303 1470 423 1010 548 1072 673 1004 587 1193 1465 1514 545 906 1642 840 771 1109 1219 271 704 679 824 899 629 587 1234 403 1679 1504 1197 1183 835 0 937 1229 1567 894 1126 220 1215 1398 221 1629 1221 1401 1528 1041 1049 653 813 638 538 986 433 1327 686 887 325 48 863 1126 468 694 2022 1152 879 1081 1292 973 1406 1040 782 1571 737 458 1098 1255 963 1064 951 567
442 1028 1735 829 1557 1393 1252 1830 1565 878 1266 629 699 1489 784 1391 618 1023 2007 877 1163 1734 769 1622 633 1728 1311 1469 1951 840 688 210 968 299 1495 1833 843 1031 512 718 323 768 767 749 529 931 1005 830 504 1907 978 937 0 1891 893 1458 404 1019 1527 724 981 1109 528 727 835 787 231 493 284 802 888 968 901 634 959 1548 880 889 1427 1402 1191 1259 1329 459 1550 293 599 1249 1682 1707 651 898 1399 702 844 1287 1128 1788 427 1291
1564 1180 977 2476 1670 810 2103 1147 1407 1166 2454 1360 1550 2779 1441 1503 2245 1874 237 2486 1238 1004 1228 2056 1373 998 977 1581 2449 2467 1272 1860 2596 1807 753 918 2234 1310 1720 1286 1777 1914 1196 1603 2250 1393 2633 2457 2150 850 1223 1229 1891 0 2520 1878 2142 1270 2199 2351 1364 2244 2175 2355 2481 2057 2039 1669 1770 1654 1739 1601 1341 2280 1334 424 1437 1272 1846 1514 962 1678 2672 2105 607 2085 2245 1361 1721 1272 1798 2525 516 1303 2114 1861 1979 395 1886 957
1072 1658 2365 1286 2187 2023 1800 2460 2195 1507 1919 1259 1329 2141 1413 2020 485 1649 2637 438 1793 2363 1399 2169 1263 2357 1940 2099 2498 1074 1318 878 249 960 2124 2462 679 1660 1142 1348 953 1331 1397 1379 966 1561 483 1066 1151 2537 1608 1567 893 2520 0 2088 921 1649 2075 420 1611 1762 1181 534 1292 1102 1017 1122 945 1432 1518 1598 1530 1287 1589 2178 1509 1519 2057 2032 1821 1888 1982 1106 2180 910 1252 1878 2312 2337 1281 291 2028 1331 1074 1922 1753 2418 1080 1921
1308 1440 1848 2043 1930 1370 740 1034 661 1381 2469 1212 1056 2703 1455 1763 1813 1041 1951 1991 1088 1327 1196 408 1310 1346 1235 1841 689 2035 1181 1428 2163 1361 1419 1402 1740 815 1225 1316 1345 1413 1275 1108 1755 1115 2200 2025 1718 1554 1471 894 1458 1878 2088 0 1647 944 551 1919 762 2265 1743 1922 2049 1563 1570 1175 1334 1043 1241 1622 1145 1848 1363 1535 1037 937 271 1774 1116 215 2543 1673 1527 1603 1813 1621 2054 826 1303 2093 1386 1094 1461 1891 985 1713 1472 1216
722 1308 2015 1157 1837 1635 1357 2019 1754 1158 1615 909 888 1837 1067 1670 624 1189 2215 690 1352 1922 1049 1727 913 1917 1499 1749 2056 954 968 573 996 523 1684 2022 566 1220 597 998 661 878 1047 940 143 1211 1033 944 852 2096 1258 1126 404 2142 921 1647 0 1208 1632 730 1170 1458 877 734 1163 699 229 571 608 991 1168 1248 1180 982 1239 1800 1159 1078 1616 1682 1380 1447 1678 807 1792 199 947 1528 1962 1896 762 925 1650 982 795 1573 1294 1977 772 1480
854 833 1241 1604 1323 763 1169 1148 1008 819 1981 747 616 2263 963 1156 1374 940 1344 1552 455 1051 662 1122 845 1045 628 1234 1515 1595 691 988 1724 921 812 1150 1300 353 786 813 906 980 742 669 1316 506 1761 1586 1278 1224 876 220 1019 1270 1649 944 1208 0 1265 1480 378 1771 1303 1483 1610 1123 1130 735 895 720 717 1128 536 1409 789 928 438 227 912 1167 509 744 2104 1233 920 1163 1373 1014 1447 1133 864 1653 778 604 1180 1388 1045 1105 1033 608
1377 1761 2169 2112 2251 1692 295 1355 983 1702 2549 1503 897 2772 1673 2084 1882 596 2272 1659 1409 1649 1518 201 1499 1668 1557 2163 529 2104 1503 1496 2200 1430 1741 1723 1399 1136 1294 1609 1414 969 1597 1169 1740 1436 2269 2094 1787 1876 1793 1215 1527 2199 2075 551 1632 1265 0 1988 1084 2366 1811 1991 2118 1172 1555 1243 1403 867 1253 1860 1466 1917 1685 1857 1358 1258 481 2096 1437 537 2612 1742 1849 1588 1882 1942 2376 1147 1098 2161 1707 1416 1017 2184 541 2034 1541 1537
903 1489 2196 1117 2018 1854 1713 2291 2026 1338 1750 1090 1160 1972 1244 1851 113 1484 2468 551 1624 2194 1230 2082 1094 2188 1771 1930 2411 655 1149 709 418 791 1955 2294 792 1492 973 1179 784 1229 1228 1210 775 1392 438 656 982 2368 1439 1398 724 2351 420 1919 730 1480 1988 0 1442 1593 1012 115 1123 1215 827 953 776 1263 1349 1429 1361 1118 1420 2009 1340 1350 1888 1863 1652 1719 1813 937 2011 720 1083 1709 2143 2168 1112 345 1859 1162 1187 1753 1588 2249 911 1752
831 927 1335 1566 1416 857 1131 1021 722 909 2003 785 573 2225 1028 1250 1336 902 1438 1514 401 1046 763 941 883 1040 604 1328 1333 1557 755 950 1686 883 906 1145 1262 112 747 889 868 942 844 631 1278 618 1723 1547 1240 1219 970 221 981 1364 1611 762 1170 378 1084 1442 0 1820 1265 1445 1572 1085 1092 697 857 681 715 1196 648 1370 901 1022 540 263 731 1261 603 562 2066 1195 1014 1125 1335 1108 1541 847 826 1615 872 668 1142 1464 1007 1199 995 624
1266 1291 2089 945 1911 1747 2091 2317 2364 1141 296 1097 1538 655 895 1744 1487 1862 2364 1745 1977 2220 1170 2444 1076 2214 1797 1822 2790 1258 1150 1032 1837 1124 1981 2319 1804 1870 1336 967 1022 1607 1063 1462 1583 1414 1874 1216 904 2393 1241 1629 1109 2244 1762 2265 1458 1771 2366 1593 1820 0 613 1596 950 1627 1284 1332 1109 1641 1527 762 1372 540 1360 1902 1374 1597 2234 1755 1678 2066 612 886 1904 1347 531 1602 2035 2316 1491 1766 1752 1209 1684 599 1967 2203 826 1777
726 1312 2020 396 1841 1677 1536 2114 1850 1162 809 913 983 1032 1036 1675 906 1307 2292 1165 1447 2018 1053 1906 917 2012 1595 1753 2235 673 972 451 1257 610 1779 2117 1249 1315 796 1002 591 1052 1051 1033 1002 1215 1294 631 367 2191 1262 1221 528 2175 1181 1743 877 1303 1811 1012 1265 613 0 1015 401 1071 704 777 595 1086 1172 1032 1185 137 1243 1832 1164 1173 1711 1686 1475 1543 873 333 1835 766 102 1533 1966 1991 935 1186 1683 986 1128 899 1412 2072 627 1575
906 1492 2199 1121 2021 1857 1716 2294 2029 1342 1753 1093 1163 1976 1247 1854 145 1487 2471 643 1627 2198 1233 2086 1097 2192 1774 1933 2414 665 1152 712 532 794 1959 2297 884 1495 976 1182 787 1232 1231 1213 778 1395 545 666 986 2371 1442 1401 727 2355 534 1922 734 1483 1991 115 1445 1596 1015 0 1126 1250 830 957 779 1266 1352 1432 1364 1121 1423 2012 1343 1353 1891 1866 1655 1723 1816 941 2014 723 1086 1712 2146 2171 1115 459 1862 1166 1278 1757 1592 2252 914 1755
1033 1619 2326 73 2148 1984 1843 2421 2156 1469 1104 1220 1290 1200 1343 1981 1017 1614 2598 1276 1754 2324 1360 2212 1224 2319 1901 2060 2541 630 1279 758 1368 917 2086 2424 1517 1622 1103 1309 898 1359 1358 1340 1275 1522 1405 588 674 2498 1569 1528 835 2481 1292 2049 1163 1610 2118 1123 1572 950 401 1126 0 1378 1010 1083 902 1393 1479 1338 1491 512 1550 2139 1470 1480 2018 1993 1782 1849 1040 640 2141 1067 477 1839 2273 2298 1242 1297 1989 1293 1435 1274 1719 2379 934 1882
637 1223 1931 1372 1753 1550 896 1934 1670 1073 1809 824 747 2032 982 1586 1141 739 2130 686 1267 1838 965 1266 828 1832 1415 1664 1595 1364 883 756 1226 673 1599 1937 426 1135 513 913 674 301 963 855 807 1126 1305 1354 1047 2011 1173 1041 787 2057 1102 1563 699 1123 1172 1215 1085 1627 1071 1250 1378 0 640 486 663 889 1083 1163 1096 1177 1154 1715 1075 993 1531 1597 1295 1363 1872 1002 1707 673 1142 1444 1877 1811 530 1197 1565 897 271 1488 844 1892 801 1395
594 1180 1887 1005 1709 1533 1280 1942 1677 1030 1442 781 810 1664 936 1543 721 1112 2131 793 1275 1845 921 1649 785 1839 1422 1621 1978 927 840 400 1092 350 1606 1944 669 1142 497 870 488 801 919 862 355 1083 1129 917 679 2018 1130 1049 231 2039 1017 1570 229 1130 1555 827 1092 1284 704 830 1010 640 0 484 434 914 1040 1120 1052 809 1111 1697 1032 1001 1539 1554 1303 1370 1504 634 1690 119 774 1401 1834 1819 685 1022 1547 854 717 1443 1217 1899 599 1402
319 912 1620 1078 1442 1162 968 1546 1282 762 1515 513 415 1737 665 1275 847 739 1742 915 880 1450 646 1338 511 1444 1027 1353 1667 1069 572 462 1198 336 1211 1549 664 747 89 602 380 437 652 467 679 783 1235 1059 752 1623 862 653 493 1669 1122 1175 571 735 1243 953 697 1332 777 957 1083 486 484 0 318 518 706 852 752 882 830 1327 731 605 1143 1286 908 975 1577 707 1319 517 847 1133 1566 1424 312 1127 1177 553 543 1177 844 1504 506 1007
313 907 1615 896 1436 1272 1128 1706 1441 757 1326 508 575 1555 643 1270 670 899 1870 928 1039 1609 648 1498 512 1604 1186 1348 1826 892 567 249 1020 107 1371 1709 840 907 264 597 155 644 646 616 733 810 1057 882 570 1783 857 813 284 1770 945 1334 608 895 1403 776 857 1109 595 779 902 663 434 318 0 678 767 841 780 700 838 1427 759 765 1303 1281 1067 1134 1396 525 1429 497 665 1128 1561 1583 527 949 1278 581 720 1150 1004 1664 283 1167
652 1200 1624 1387 1706 1146 592 1512 1210 1050 1824 778 177 2047 948 1539 1157 363 1727 1335 864 1434 870 962 774 1428 1011 1617 1291 1379 837 771 1507 704 1195 1533 1084 731 569 884 689 588 939 444 1099 769 1544 1369 1062 1608 1150 638 802 1654 1432 1043 991 720 867 1263 681 1641 1086 1266 1393 889 914 518 678 0 528 1135 799 1192 1007 1311 691 590 951 1550 892 843 1887 1017 1303 946 1157 1397 1830 1356 508 1436 1162 784 787 1459 468 1489 816 992
551 905 1584 1473 1406 1233 977 1619 1348 756 1737 470 415 2062 708 1239 1243 748 1815 1501 949 1523 569 1347 546 1517 1099 1318 1676 1465 533 857 1593 816 1284 1622 1261 764 748 633 775 824 641 322 1276 481 1630 1455 1147 1696 856 538 888 1739 1518 1241 1168 717 1253 1349 715 1527 1172 1352 1479 1083 1040 706 767 528 0 884 511 1278 720 1397 403 490 1210 1251 980 1041 1955 1102 1390 1101 1243 1097 1531 1490 715 1522 1247 467 1140 1208 853 1577 895 1080
641 648 1446 1333 1268 1104 1584 1674 1721 498 972 454 1031 1297 253 1101 1323 1355 1721 1581 1334 1577 527 1801 433 1571 1154 1179 2194 1472 507 886 1673 864 1338 1676 1341 1232 878 324 799 1144 420 819 1356 771 1710 1462 778 1750 598 986 968 1601 1598 1622 1248 1128 1860 1429 1196 762 1032 1432 1338 1163 1120 852 841 1135 884 0 729 1006 717 1259 731 954 1591 1112 1035 1423 1191 759 1261 1181 998 959 1392 1673 1027 1602 1109 566 1220 377 1460 1560 697 1134
563 592 1114 1486 1082 820 1249 1232 1252 424 1582 432 686 1907 565 916 1255 1020 1428 1514 782 1135 240 1324 481 1129 712 994 1716 1477 324 869 1605 829 897 1235 1273 698 790 414 787 1074 336 599 1288 66 1643 1467 1160 1309 531 433 901 1341 1530 1145 1180 536 1466 1361 648 1372 1185 1364 1491 1096 1052 752 780 799 511 729 0 1290 255 999 149 401 1114 927 593 945 1801 1115 977 1113 1255 774 1207 1231 946 1535 849 291 1153 989 1124 1190 907 693
832 1418 2125 506 1947 1783 1641 2220 1955 1267 736 1019 1088 979 1098 1780 1012 1412 2397 1270 1553 2123 1159 2011 1023 2117 1700 1859 2340 783 1077 557 1362 716 1884 2222 1354 1420 902 1107 697 1158 1157 1139 1108 1321 1399 742 469 2296 1367 1327 634 2280 1287 1848 982 1409 1917 1118 1370 540 137 1121 512 1177 809 882 700 1192 1278 1006 1290 0 1349 1938 1269 1279 1817 1791 1581 1648 820 435 1940 872 38 1638 2071 2097 1041 1291 1788 1091 1234 826 1517 2178 691 1680
632 509 1178 1544 1000 836 1457 1406 1448 354 1570 426 895 1894 552 834 1314 1228 1453 1572 975 1310 227 1542 468 1304 886 912 1935 1536 311 928 1664 887 1071 1409 1332 933 868 402 846 1135 323 754 1347 321 1701 1526 1219 1483 449 686 959 1334 1589 1363 1239 789 1685 1420 901 1360 1243 1423 1550 1154 1111 830 838 1007 720 717 255 1349 0 991 402 653 1332 845 767 1164 1788 1174 993 1172 1314 692 1125 1405 1013 1593 842 322 1211 977 1333 1292 966 867
1221 838 670 2133 1327 470 1761 1248 1376 823 2112 1017 1208 2437 1098 1161 1903 1532 650 2143 1060 1163 886 1714 1031 1157 828 1239 2107 2125 930 1517 2253 1465 571 1207 1892 967 1377 944 1435 1572 853 1260 1907 1051 2290 2115 1808 1092 881 887 1548 424 2178 1535 1800 928 1857 2009 1022 1902 1832 2012 2139 1715 1697 1327 1427 1311 1397 1259 999 1938 991 0 1095 930 1504 1172 709 1336 2330 1763 334 1742 1903 1018 1413 1327 1455 2182 173 960 1772 1519 1637 492 1544 808
542 607 1249 1465 1104 940 1140 1367 1144 461 1584 393 578 1909 566 937 1234 911 1557 1493 728 1270 265 1215 482 1264 847 1016 1608 1456 309 849 1585 808 1031 1369 1252 590 769 416 766 987 346 491 1267 119 1622 1446 1139 1443 561 325 880 1437 1509 1037 1159 438 1358 1340 540 1374 1164 1343 1470 1075 1032 731 759 691 403 731 149 1269 402 1095 0 293 1005 949 728 837 1803 1094 1097 1092 1234 795 1228 1286 883 1514 945 222 1132 991 1016 1325 886 827
657 835 1243 1474 1324 765 1039 1149 957 711 1807 543 487 2130 786 1157 1244 811 1345 1422 465 1053 516 1115 641 1047 630 1236 1508 1466 513 858 1594 791 814 1152 1170 313 656 647 776 851 596 539 1186 371 1631 1456 1148 1226 812 48 889 1272 1519 937 1078 227 1258 1350 263 1597 1173 1353 1480 993 1001 605 765 590 490 954 401 1279 653 930 293 0 905 1169 510 737 1974 1104 922 1033 1244 1015 1449 1082 734 1523 780 426 1050 1222 915 1107 903 610
1277 1409 1817 2012 1898 1339 670 1002 630 1350 2438 1180 989 2672 1424 1732 1782 972 1920 1960 1057 1296 1165 339 1278 1315 1204 1810 691 2004 1150 1396 2132 1330 1388 1370 1709 784 1194 1285 1314 1344 1244 1077 1724 1084 2169 1994 1687 1523 1440 863 1427 1846 2057 271 1616 912 481 1888 731 2234 1711 1891 2018 1531 1539 1143 1303 951 1210 1591 1114 1817 1332 1504 1005 905 0 1743 1085 184 2512 1642 1496 1572 1782 1590 2023 795 1271 2061 1354 1063 1392 1860 916 1681 1441 1184
1075 551 780 1987 157 1017 2000 1587 1634 677 1965 871 1441 2290 952 154 1757 1771 1634 2015 1294 1490 740 1953 884 1484 1067 233 2346 1978 783 1371 2107 1330 1251 1589 1774 1206 1312 797 1289 1578 707 1252 1790 985 2144 1968 1661 1663 605 1126 1402 1514 2032 1774 1682 1167 2096 1863 1261 1755 1686 1866 1993 1597 1554 1286 1281 1550 1251 1112 927 1791 845 1172 949 1169 1743 0 948 1574 2184 1616 1174 1614 1756 520 309 1586 1461 2036 1022 814 1654 1372 1876 1473 1397 1047
