NAME: zurich_100_7
COMMENT: TSP instance with 100 nodes. City: Zurich, Switzerland, Seed: 49
TYPE: TSP
DIMENSION: 100
EDGE_WEIGHT_TYPE: EXPLICIT
EDGE_WEIGHT_FORMAT: FULL_MATRIX
NODE_COORD_SECTION:
1 47.3151042 8.5244257
2 47.4429005 8.619212
3 47.2869973 8.7116996
4 47.3900879 8.5372806
5 47.2995326 8.5959987
6 47.317365 8.5258903
7 47.2497982 8.7567519
8 47.3671311 8.5659179
9 47.5345558 8.3863237
10 47.2258304 8.5263111
11 47.2877669 8.3665279
12 47.4127078 8.4505465
13 47.2596437 8.5989461
14 47.422868 8.3011134
15 47.5201518 8.7888398
16 47.3183237 8.3628714
17 47.5246457 8.7885852
18 47.3768538 8.5206568
19 47.5254519 8.3279818
20 47.2042103 8.7383281
21 47.5115231 8.4735592
22 47.3518243 8.7060389
23 47.3474249 8.2822834
24 47.323784 8.5844495
25 47.4067344 8.3357295
26 47.3149986 8.4714135
27 47.3883765 8.5494292
28 47.2220089 8.4994132
29 47.3972241 8.6050708
30 47.3941729 8.5267337
31 47.3171114 8.5345933
32 47.3434605 8.702361
33 47.4229395 8.4100242
34 47.3673352 8.541346
35 47.4527204 8.5733971
36 47.5257798 8.6687562
37 47.3310261 8.6123113
38 47.3593042 8.642472
39 47.1983687 8.7158879
40 47.404302 8.6049462
41 47.3060733 8.7654602
42 47.3548461 8.2792558
43 47.4010934 8.7483023
44 47.3893476 8.4880239
45 47.2662509 8.6580361
46 47.510254 8.7599919
47 47.3376101 8.4743491
48 47.4641699 8.612807
49 47.3553094 8.360651
50 47.2752441 8.5658014
51 47.2274695 8.6703573
52 47.3711255 8.3059289
53 47.3193803 8.5462127
54 47.1979008 8.7137443
55 47.3099809 8.7224
56 47.3688695 8.5231457
57 47.35364 8.5121839
58 47.2144352 8.4509409
59 47.4140722 8.5799203
60 47.5196664 8.6037714
61 47.4406514 8.5652376
62 47.3066006 8.6078518
63 47.3412903 8.6718745
64 47.2263303 8.4586818
65 47.3595521 8.5483909
66 47.4351449 8.5652333
67 47.5346548 8.581663
68 47.3819264 8.6471449
69 47.4217828 8.4100019
70 47.4218013 8.3730171
71 47.4258492 8.4936115
72 47.4967004 8.5454551
73 47.5173025 8.647466
74 47.5033058 8.3495701
75 47.2934592 8.7353553
76 47.2949996 8.5660879
77 47.4916678 8.7236671
78 47.3505224 8.3446825
79 47.4147595 8.3727973
80 47.3743529 8.5415644
81 47.5311989 8.5851862
82 47.3764507 8.5600337
83 47.5152056 8.6903182
84 47.3036081 8.4473227
85 47.5376031 8.2883895
86 47.4610693 8.6601472
87 47.2813792 8.4566547
88 47.3744322 8.5415419
89 47.3583012 8.6341748
90 47.4199759 8.6322232
91 47.3850056 8.5586292
92 47.3475468 8.7147206
93 47.345879 8.5748996
94 47.4847174 8.3249894
95 47.3262542 8.5940088
96 47.4136299 8.4124823
97 47.330644 8.2982347
98 47.3953829 8.5402413
99 47.21169 8.6473315
100 47.316962 8.4211394
EDGE_WEIGHT_SECTION:
0 1281 1492 653 1159 45 1910 720 2129 827 1216 999 658 1434 1874 1052 1859 499 1881 1032 1619 1462 1252 972 1351 663 721 944 1027 724 143 1551 1130 525 1035 1660 1093 1320 982 989 1728 1291 1614 680 1588 1793 592 1221 957 443 789 1158 179 960 1574 422 422 1187 1033 1565 1035 1246 1391 1085 599 990 1693 1344 1112 1076 1047 1298 1759 1712 1521 390 1559 935 1126 538 1697 695 1511 741 2027 1514 844 515 1177 1081 785 1509 863 1587 995 1035 1416 716 673 797
1281 0 1324 701 1482 1303 1654 924 1789 2031 1843 861 1656 1670 1161 1608 1146 847 1714 2031 883 810 1807 1295 1493 1432 736 1928 558 754 1224 899 975 883 267 945 1276 1171 1981 491 1192 1847 874 996 1642 1058 1343 247 1386 1452 1788 1714 1301 1959 1149 915 1046 1992 472 698 358 1569 1099 1890 922 372 826 802 957 1072 611 542 774 1588 1249 1405 824 1490 1122 793 830 819 797 1482 1860 323 1637 772 998 356 866 857 1122 1584 1319 977 1972 675 1672 1420
1492 1324 0 1133 817 1513 441 910 2659 2241 2206 1647 1867 2396 1837 2042 1823 1160 2584 2241 1907 544 2242 729 2248 1681 1140 2167 1004 1244 1435 466 1761 994 1323 1623 485 638 2191 1045 358 2281 998 1366 433 1756 1582 1488 1947 1663 1998 2149 1414 2170 186 1133 1233 2231 1273 1853 1323 700 491 2129 949 1278 1981 855 1742 1827 1396 1586 1722 2456 150 1615 1522 1925 1878 1031 1985 982 1474 1732 2729 1467 1886 1009 671 1026 1087 495 773 2339 605 1762 2407 1178 1883 1787
653 701 1133 0 865 675 1552 319 1696 1403 1368 597 1029 1375 1294 1204 1279 211 1583 1403 1039 882 1403 678 1198 842 134 1328 447 132 596 971 805 265 455 1080 735 938 1353 409 1263 1443 1034 401 1294 1212 744 641 1096 824 1160 1310 675 1331 1208 287 418 1393 453 985 454 952 998 1291 305 410 1113 764 787 778 433 718 1179 1414 1163 777 979 1086 828 176 1117 215 931 893 1729 934 1047 154 794 501 261 929 504 1289 701 778 1568 88 1044 948
1159 1482 817 865 0 1180 1044 708 2528 1908 1873 1363 1534 2063 2075 1709 2060 827 2308 1908 1820 1089 1909 339 1923 1348 875 1834 1156 976 1102 1011 1580 661 1235 1861 478 910 1858 1188 1064 1948 1545 1033 461 1993 1249 1422 1614 1330 1665 1816 1081 1837 909 800 900 1898 1234 1766 1235 214 845 1796 571 1191 1894 1090 1555 1502 1265 1499 1960 2139 856 1282 1759 1592 1553 762 1898 776 1712 1398 2453 1715 1553 740 901 1282 882 1040 497 2014 357 1502 2074 909 1550 1454
45 1303 1513 675 1180 0 1932 742 2164 861 1250 1033 692 1469 1895 1087 1881 520 1915 1066 1641 1483 1286 993 1386 697 743 978 1048 745 177 1572 1164 546 1056 1681 1115 1342 1016 1010 1750 1325 1635 702 1610 1814 626 1242 991 477 823 1193 213 995 1595 444 444 1221 1055 1587 1056 1267 1413 1119 620 1011 1715 1365 1146 1110 1081 1319 1780 1747 1542 425 1580 969 1160 559 1719 717 1532 776 2061 1535 879 537 1198 1102 806 1530 884 1622 1017 1069 1451 737 708 831
1910 1654 441 1552 1044 1932 0 1328 2988 2660 2625 1976 2285 2774 2166 2461 2152 1578 2913 2660 2237 964 2660 1148 2607 2099 1559 2585 1422 1663 1853 896 2090 1412 1652 1952 903 1057 2610 1434 576 2699 1337 1785 632 2085 2000 1817 2365 2081 2417 2567 1832 2588 619 1551 1651 2650 1618 2183 1652 1018 909 2547 1367 1607 2311 1273 2071 2187 1726 1915 2051 2786 449 2033 1851 2343 2237 1449 2314 1400 1803 2150 3059 1796 2304 1427 1089 1355 1505 884 1191 2698 1024 2091 2825 1596 2301 2205
720 924 910 319 708 742 1328 0 1960 1470 1435 876 1095 1619 1513 1271 1499 383 1853 1470 1262 1054 1470 470 1469 909 273 1395 493 415 663 1062 1069 222 678 1299 511 677 1420 533 1146 1509 1253 590 1138 1432 810 864 1175 891 1227 1377 642 1398 992 361 461 1460 672 1208 677 758 748 1357 216 633 1336 723 1051 1048 697 941 1398 1685 939 843 1198 1153 1099 244 1340 114 1150 960 1999 1157 1114 222 534 720 219 1122 281 1560 488 1048 1635 342 1111 1015
2129 1789 2659 1696 2528 2164 2988 1960 0 2548 2334 1532 2504 1276 2557 2099 2542 1771 620 2879 1017 2144 1952 2341 1448 1923 1771 2419 1710 1708 2072 2234 1438 1918 1531 2123 2398 2339 2829 1660 2526 1901 2297 1637 2943 2475 1834 1729 1832 2300 2636 1733 2150 2807 2483 1850 1978 2483 1705 1747 1522 2615 2267 2381 1968 1537 1695 2026 1413 1270 1274 1378 1960 496 2583 2253 2241 1816 1370 1845 1699 1855 2175 1974 766 2039 2128 1823 2167 1763 1902 2192 2167 685 2364 1467 2148 1684 2520 1912
827 2031 2241 1403 1908 861 2660 1470 2548 0 1026 1418 832 1854 2624 1216 2609 1248 2300 1188 2122 2211 1670 1721 1770 711 1471 146 1776 1474 892 2301 1549 1274 1784 2410 1843 2070 1138 1738 2478 1710 2364 1410 2338 2542 887 1970 1376 849 920 1578 928 1117 2323 1172 1172 552 1783 2315 1706 1995 2141 450 1349 1722 2443 2093 1531 1495 1466 2047 2509 2131 2271 977 2308 1320 1545 1287 2447 1445 2260 730 2446 2263 561 1265 1926 1830 1535 2258 1612 2006 1745 1454 1568 1465 676 899
1216 1843 2206 1368 1873 1250 2625 1435 2334 1026 0 1204 1591 1123 2527 288 2512 1213 2086 1966 1909 2115 762 1686 1105 879 1436 896 1680 1438 1159 2204 1335 1239 1597 2313 1808 2035 1916 1630 2443 818 2267 1338 2303 2446 861 1783 820 1387 1723 675 1237 1894 2288 1137 1136 891 1676 2127 1492 1960 2106 744 1313 1508 2255 1997 1317 1281 1252 1860 2332 1917 2235 1339 2212 598 1331 1252 2259 1410 2164 713 2232 2093 627 1230 1891 1734 1499 2162 1577 1793 1710 1240 696 1430 1607 592
999 861 1647 597 1363 1033 1976 876 1532 1418 1204 0 1374 1092 1545 969 1530 578 1362 1749 927 1133 1169 1176 871 793 694 1289 698 520 942 1222 261 725 615 1331 1278 1328 1699 648 1515 1208 1285 388 1792 1464 704 801 730 1170 1506 1075 1020 1677 1472 639 736 1353 694 1145 510 1450 1256 1251 803 526 1274 1015 242 472 270 878 1350 1193 1571 1122 1230 852 501 709 1277 775 1182 844 1508 1111 998 687 1155 752 821 1180 1047 1069 1199 262 1333 634 1390 782
658 1656 1867 1029 1534 692 2285 1095 2504 832 1591 1374 0 1810 2249 1427 2234 874 2256 766 1994 1837 1627 1347 1726 1066 1096 949 1402 1099 681 1926 1505 900 1410 2035 1468 1695 717 1364 2103 1666 1989 1055 1963 2168 967 1596 1332 418 471 1534 599 695 1949 798 797 1355 1408 1940 1410 1621 1766 1253 974 1365 2069 1719 1487 1451 1422 1673 2134 2087 1896 393 1934 1310 1501 913 2072 1070 1886 1117 2402 1889 1271 890 1552 1456 1160 1884 1238 1962 1371 1410 1792 1091 401 1172
1434 1670 2396 1375 2063 1469 2774 1619 1276 1854 1123 1092 1810 0 2353 979 2339 1315 1028 2184 1539 1941 697 1876 280 1228 1472 1724 1506 1298 1377 2030 976 1425 1423 2139 1997 2136 2134 1457 2323 645 2094 1181 2492 2272 1139 1609 663 1605 1941 478 1456 2112 2280 1332 1355 1789 1502 1954 1318 2150 2064 1682 1503 1334 2082 1823 951 674 1079 1686 2158 859 2377 1558 2038 600 707 1427 2086 1553 1990 1279 1173 1920 1397 1405 1963 1560 1600 1988 1767 734 1899 948 892 1413 1825 1106
1874 1161 1837 1294 2075 1895 2166 1513 2557 2624 2527 1545 2249 2353 0 2292 81 1440 2482 2624 1621 1323 2491 1888 2176 2063 1329 2549 1057 1346 1817 1412 1659 1475 1221 540 1792 1687 2574 1003 1705 2530 1078 1588 2155 210 1964 1148 2070 2045 2381 2398 1894 2552 1662 1508 1638 2613 1187 831 1221 2159 1615 2511 1515 1176 980 1310 1640 1756 1295 1314 639 2355 1762 1997 541 2174 1806 1386 955 1412 393 2114 2628 837 2268 1365 1514 938 1459 1370 1715 2267 1901 1660 2656 1267 2265 2104
1052 1608 2042 1204 1709 1087 2461 1271 2099 1216 288 969 1427 979 2292 0 2277 1049 1851 1802 1673 1879 676 1522 898 689 1272 1095 1445 1243 995 1969 1100 1075 1361 2078 1644 1871 1752 1395 2261 733 2032 1102 2139 2210 757 1547 587 1223 1559 589 1073 1730 2124 973 973 1090 1440 1892 1257 1796 1942 943 1150 1272 2020 1761 1081 1046 1017 1624 2096 1682 2072 1176 1976 379 1096 1088 2024 1246 1928 611 1997 1858 692 1066 1727 1499 1336 1927 1413 1557 1546 1005 611 1266 1443 401
1859 1146 1823 1279 2060 1881 2152 1499 2542 2609 2512 1530 2234 2339 81 2277 0 1425 2467 2609 1606 1308 2476 1873 2162 2048 1314 2534 1043 1332 1802 1398 1644 1461 1206 525 1777 1673 2559 989 1690 2516 1063 1574 2141 231 1949 1133 2055 2030 2366 2383 1879 2537 1647 1493 1624 2599 1172 816 1206 2144 1601 2497 1500 1161 965 1296 1626 1741 1280 1299 624 2340 1747 1983 563 2159 1791 1371 940 1397 379 2099 2613 823 2253 1350 1500 924 1444 1356 1700 2253 1886 1646 2641 1253 2250 2089
499 847 1160 211 827 520 1578 383 1771 1248 1213 578 874 1315 1440 1049 1425 0 1523 1248 1185 1028 1249 640 1138 688 318 1173 593 262 442 1117 795 189 601 1226 761 983 1198 555 1392 1288 1180 253 1256 1359 589 787 954 670 1005 1155 520 1176 1242 115 263 1238 599 1131 601 914 1054 1136 267 556 1259 910 770 717 602 864 1325 1354 1189 622 1125 932 768 185 1263 358 1077 738 1668 1080 892 163 840 647 441 1075 531 1229 664 717 1413 271 889 793
1881 1714 2584 1583 2308 1915 2913 1853 620 2300 2086 1362 2256 1028 2482 1851 2467 1523 0 2630 942 2070 1704 2121 1200 1675 1680 2170 1635 1506 1824 2159 1190 1670 1456 2048 2234 2265 2581 1585 2451 1652 2222 1389 2737 2400 1586 1654 1584 2052 2388 1485 1902 2559 2408 1601 1730 2235 1631 1673 1447 2395 2193 2133 1748 1463 1620 1952 1165 1022 1199 1304 1886 249 2508 2004 2166 1568 1122 1666 1624 1761 2100 1725 220 1964 1880 1643 2092 1689 1807 2117 2003 437 2144 1219 1900 1609 2272 1663
1032 2031 2241 1403 1908 1066 2660 1470 2879 1188 1966 1749 766 2184 2624 1802 2609 1248 2630 0 2369 2211 2001 1721 2101 1440 1471 1305 1776 1474 1055 2300 1880 1274 1784 2410 1843 2070 260 1738 2478 2041 2364 1430 2338 2542 1341 1970 1706 926 436 1908 1010 238 2323 1172 1172 1711 1783 2315 1784 1995 2141 1609 1348 1739 2443 2093 1861 1825 1796 2047 2509 2462 2270 1022 2308 1684 1876 1287 2447 1445 2260 1491 2776 2263 1645 1265 1926 1830 1534 2258 1612 2337 1745 1784 2166 1465 551 1546
1619 883 1907 1039 1820 1641 2237 1262 1017 2122 1909 927 1994 1539 1621 1673 1606 1185 942 2369 0 1393 1873 1633 1558 1497 1074 1993 958 1091 1562 1482 1040 1221 625 1177 1687 1588 2319 909 1775 1912 1546 1079 2192 1635 1408 823 1451 1790 2126 1779 1639 2297 1732 1253 1384 2057 852 802 692 1907 1516 1955 1260 709 750 1275 1022 1137 668 473 1015 815 1832 1743 1490 1556 1188 1131 754 1157 1230 1548 1088 1133 1702 1110 1415 1012 1204 1440 1460 1005 1657 1042 2037 1013 2010 1486
1462 810 544 882 1089 1483 964 1054 2144 2211 2115 1133 1837 1941 1323 1879 1308 1028 2070 2211 1393 0 2079 1008 1764 1651 916 2137 645 934 1405 89 1246 1063 808 1109 764 815 2161 591 504 2118 543 1176 856 1242 1552 974 1658 1633 1968 1986 1481 2140 368 1095 1226 2201 774 1339 808 962 534 2099 1103 764 1467 441 1228 1343 882 1072 1208 1943 559 1585 1008 1762 1394 974 1471 1000 960 1701 2215 942 1856 952 668 512 1046 90 1048 1855 884 1248 2244 855 1853 1692
1252 1807 2242 1403 1909 1286 2660 1470 1952 1670 762 1169 1627 697 2491 676 2476 1249 1704 2001 1873 2079 0 1722 772 1046 1471 1540 1644 1442 1195 2168 1262 1275 1561 2277 1843 2070 1951 1594 2461 99 2231 1302 2338 2410 956 1747 560 1423 1758 361 1273 1930 2324 1173 1172 1540 1640 2091 1456 1996 2141 1405 1349 1472 2220 1961 1243 1166 1216 1824 2296 1535 2271 1375 2176 426 1199 1288 2223 1445 2128 1096 1850 2057 1223 1265 1927 1698 1535 2126 1613 1411 1746 1166 195 1466 1643 932
972 1295 729 678 339 993 1148 470 2341 1721 1686 1176 1347 1876 1888 1522 1873 640 2121 1721 1633 1008 1722 0 1736 1161 688 1647 921 789 915 930 1393 474 1049 1674 245 684 1671 962 966 1761 1438 846 768 1806 1062 1235 1427 1143 1479 1629 894 1650 811 613 713 1711 1047 1579 1048 371 752 1609 384 1004 1707 835 1368 1315 1078 1312 1773 1952 759 1095 1573 1405 1366 575 1711 541 1525 1212 2266 1528 1366 553 646 1095 647 959 242 1827 139 1315 1887 722 1363 1267
1351 1493 2248 1198 1923 1386 2607 1469 1448 1770 1105 871 1726 280 2176 898 2162 1138 1200 2101 1558 1764 772 1736 0 1145 1295 1641 1329 1121 1294 1853 792 1285 1246 1962 1849 1959 2051 1280 2146 720 1917 1005 2353 2095 1056 1432 530 1522 1858 553 1373 2029 2103 1217 1272 1705 1325 1777 1141 2010 1887 1601 1363 1157 1905 1646 767 425 902 1509 1981 1031 2203 1475 1861 519 458 1281 1909 1376 1813 1196 1345 1743 1315 1259 1786 1383 1423 1811 1619 906 1760 727 967 1236 1742 1024
663 1432 1681 842 1348 697 2099 909 1923 711 879 793 1066 1228 2063 689 2048 688 1675 1440 1497 1651 1046 1161 1145 0 910 828 1216 913 634 1740 924 714 1185 1849 1282 1509 1390 1178 1917 1085 1803 862 1777 1982 207 1371 751 823 1197 952 712 1369 1763 611 611 932 1214 1716 1080 1435 1580 829 788 1096 1844 1533 905 869 841 1448 1920 1506 1710 814 1748 729 920 727 1848 884 1700 219 1820 1675 373 704 1366 1270 974 1698 1052 1381 1185 829 1210 905 1082 315
721 736 1140 134 875 743 1559 273 1771 1471 1436 694 1096 1472 1329 1272 1314 318 1680 1471 1074 916 1471 688 1295 910 0 1396 481 229 664 1005 881 282 489 1114 742 891 1421 443 1298 1511 1069 502 1304 1247 812 675 1177 892 1228 1378 702 1399 1222 355 486 1461 483 1020 489 962 962 1359 315 444 1148 798 863 875 509 752 1213 1511 1169 845 1013 1154 925 235 1152 168 965 961 1826 968 1115 213 748 535 214 963 511 1386 711 872 1636 157 1112 1016
944 1928 2167 1328 1834 978 2585 1395 2419 146 896 1289 949 1724 2549 1095 2534 1173 2170 1305 1993 2137 1540 1647 1641 828 1396 0 1702 1399 1009 2226 1419 1199 1681 2335 1768 1995 1255 1663 2403 1580 2289 1355 2263 2467 821 1867 1246 966 1037 1448 1045 1234 2248 1097 1097 406 1708 2212 1576 1921 2066 304 1274 1592 2340 2019 1401 1365 1336 1944 2416 2002 2196 1094 2233 1224 1416 1212 2343 1370 2186 701 2316 2170 531 1190 1851 1756 1460 2184 1537 1877 1670 1324 1439 1391 793 869
1027 558 1004 447 1156 1048 1422 493 1710 1776 1680 698 1402 1506 1057 1445 1043 593 1635 1776 958 645 1644 921 1329 1216 481 1702 0 499 970 734 812 589 374 843 762 658 1726 68 1027 1683 798 741 1261 976 1117 560 1223 1198 1533 1551 1009 1705 906 660 791 1766 302 904 374 1153 585 1664 613 329 1032 374 793 909 447 637 942 1508 1033 1150 742 1327 959 539 1036 402 694 1267 1780 717 1421 517 485 264 478 692 732 1420 882 813 1809 420 1418 1257
724 754 1244 132 976 745 1663 415 1708 1474 1438 520 1099 1298 1346 1243 1332 262 1506 1474 1091 934 1442 789 1121 913 229 1399 499 0 667 1023 767 380 507 1132 846 1034 1424 461 1316 1481 1086 328 1405 1265 814 693 1021 895 1231 1349 745 1402 1273 341 486 1463 505 1038 507 1063 1050 1361 416 462 1166 816 745 700 453 770 1231 1337 1274 847 1031 1125 751 290 1169 310 983 964 1651 986 1118 269 890 553 357 981 615 1212 812 700 1607 183 1115 1019
143 1224 1435 596 1102 177 1853 663 2072 892 1159 942 681 1377 1817 995 1802 442 1824 1055 1562 1405 1195 915 1294 634 664 1009 970 667 0 1494 1073 468 978 1603 1036 1263 1005 932 1671 1234 1557 623 1531 1736 535 1164 900 477 812 1101 116 984 1517 365 365 1184 976 1508 978 1189 1334 1082 542 933 1636 1287 1055 1019 990 1241 1702 1655 1464 363 1502 878 1069 481 1640 638 1454 684 1970 1457 838 458 1120 1024 728 1452 806 1530 938 978 1359 659 696 740
1551 899 466 971 1011 1572 896 1062 2234 2301 2204 1222 1926 2030 1412 1969 1398 1117 2159 2300 1482 89 2168 930 1853 1740 1005 2226 734 1023 1494 0 1336 1152 898 1198 686 737 2251 680 436 2207 626 1265 778 1331 1641 1063 1747 1722 2058 2075 1570 2229 290 1184 1315 2290 864 1428 898 884 456 2188 1149 853 1556 449 1317 1433 971 1161 1297 2032 492 1674 1097 1851 1483 1063 1560 1081 1049 1791 2304 1031 1945 1041 676 601 1131 94 974 1944 806 1337 2333 944 1942 1781
1130 975 1761 805 1580 1164 2090 1069 1438 1549 1335 261 1505 976 1659 1100 1644 795 1190 1880 1040 1246 1262 1393 792 924 881 1419 812 767 1073 1336 0 942 728 1445 1504 1442 1830 762 1628 1301 1399 623 2010 1577 835 914 765 1301 1637 1168 1151 1808 1585 868 978 1484 808 1259 624 1667 1370 1382 1020 640 1387 1129 25 372 384 992 1463 1021 1685 1253 1343 945 422 938 1391 965 1295 974 1336 1225 1129 916 1269 866 1011 1294 1274 896 1417 138 1426 793 1521 912
525 883 994 265 661 546 1412 222 1918 1274 1239 725 900 1425 1475 1075 1461 189 1670 1274 1221 1063 1275 474 1285 714 282 1199 589 380 468 1152 942 0 636 1261 595 822 1224 590 1231 1314 1215 395 1091 1394 615 822 980 695 1031 1181 448 1202 1076 162 265 1264 635 1167 636 748 894 1162 101 591 1295 868 917 865 671 899 1360 1501 1023 648 1160 958 915 141 1299 197 1112 764 1816 1115 918 119 679 682 298 1110 365 1376 498 864 1439 314 915 819
1035 267 1323 455 1235 1056 1652 678 1531 1784 1597 615 1410 1423 1221 1361 1206 601 1456 1784 625 808 1561 1049 1246 1185 489 1681 374 507 978 898 728 636 0 946 1102 1004 1734 324 1190 1600 961 749 1607 1139 1096 207 1139 1206 1541 1467 1054 1713 1147 668 799 1745 267 571 110 1323 932 1643 676 135 699 691 710 825 364 304 776 1330 1247 1158 905 1244 876 547 703 573 857 1236 1602 517 1390 525 831 428 619 856 875 1337 1072 730 1725 428 1425 1174
1660 945 1623 1080 1861 1681 1952 1299 2123 2410 2313 1331 2035 2139 540 2078 525 1226 2048 2410 1177 1109 2277 1674 1962 1849 1114 2335 843 1132 1603 1198 1445 1261 946 0 1578 1473 2360 789 1491 2316 864 1374 1941 555 1750 743 1856 1831 2167 2184 1680 2338 1448 1293 1424 2399 973 387 1007 1945 1401 2297 1301 962 533 1096 1426 1542 1080 871 196 1921 1548 1783 509 1960 1592 1172 508 1198 149 1900 2193 623 2054 1150 1300 724 1245 1156 1501 2053 1687 1446 2442 1053 2051 1890
1093 1276 485 735 478 1115 903 511 2398 1843 1808 1278 1468 1997 1792 1644 1777 761 2234 1843 1687 764 1843 245 1849 1282 742 1768 762 846 1036 686 1504 595 1102 1578 0 439 1793 803 721 1882 1217 968 756 1710 1183 1288 1548 1264 1600 1750 1015 1771 567 734 834 1833 1036 1633 1102 482 508 1730 514 1057 1761 614 1481 1428 1135 1366 1677 2065 514 1216 1476 1526 1479 632 1765 583 1429 1333 2379 1396 1487 610 425 982 688 714 367 1940 121 1428 2008 779 1484 1388
1320 1171 638 938 910 1342 1057 677 2339 2070 2035 1328 1695 2136 1687 1871 1673 983 2265 2070 1588 815 2070 684 1959 1509 891 1995 658 1034 1263 737 1442 822 1004 1473 439 0 2020 698 875 2109 1113 1190 921 1606 1410 1190 1775 1491 1827 1977 1242 1998 673 961 1061 2060 932 1534 1004 783 359 1957 791 959 1662 510 1423 1539 1077 1267 1572 2138 668 1443 1372 1753 1589 844 1666 724 1324 1560 2410 1291 1714 822 321 877 800 766 638 2050 559 1443 2235 961 1711 1615
982 1981 2191 1353 1858 1016 2610 1420 2829 1138 1916 1699 717 2134 2574 1752 2559 1198 2581 260 2319 2161 1951 1671 2051 1390 1421 1255 1726 1424 1005 2251 1830 1224 1734 2360 1793 2020 0 1688 2428 1991 2314 1380 2288 2492 1291 1920 1656 876 413 1858 960 22 2273 1122 1122 1662 1733 2265 1734 1945 2091 1559 1299 1689 2393 2043 1811 1775 1747 1997 2459 2412 2221 973 2258 1634 1826 1237 2397 1395 2210 1441 2726 2213 1595 1215 1876 1780 1485 2208 1562 2287 1695 1734 2116 1416 501 1496
989 491 1045 409 1188 1010 1434 533 1660 1738 1630 648 1364 1457 1003 1395 989 555 1585 1738 909 591 1594 962 1280 1178 443 1663 68 461 932 680 762 590 324 789 803 698 1688 0 973 1634 743 703 1302 922 1079 510 1173 1160 1495 1501 1008 1667 930 622 753 1728 236 855 324 1193 626 1626 630 279 983 384 743 859 398 587 888 1458 1029 1112 688 1277 909 501 987 442 640 1228 1731 650 1382 479 525 209 518 638 773 1371 923 763 1759 382 1379 1207
1728 1192 358 1263 1064 1750 576 1146 2526 2478 2443 1515 2103 2323 1705 2261 1690 1392 2451 2478 1775 504 2461 966 2146 1917 1298 2403 1027 1316 1671 436 1628 1231 1190 1491 721 875 2428 973 0 2500 875 1558 754 1623 1818 1355 2039 1899 2235 2367 1650 2406 235 1369 1469 2468 1156 1721 1190 937 627 2365 1185 1145 1849 841 1610 1725 1264 1454 1590 2325 207 1852 1389 2144 1776 1267 1853 1218 1342 1968 2597 1334 2122 1246 907 893 1323 423 1009 2237 842 1630 2625 1237 2119 2023
1291 1847 2281 1443 1948 1325 2699 1509 1901 1710 818 1208 1666 645 2530 733 2516 1288 1652 2041 1912 2118 99 1761 720 1085 1511 1580 1683 1481 1234 2207 1301 1314 1600 2316 1882 2109 1991 1634 2500 0 2271 1341 2378 2449 996 1786 599 1462 1798 274 1312 1969 2363 1212 1211 1620 1679 2131 1495 2035 2181 1473 1388 1511 2259 2000 1282 1114 1256 1863 2335 1484 2310 1414 2215 465 1147 1327 2263 1484 2167 1135 1798 2097 1262 1305 1966 1737 1574 2165 1652 1359 1785 1206 294 1505 1682 971
1614 874 998 1034 1545 1635 1337 1253 2297 2364 2267 1285 1989 2094 1078 2032 1063 1180 2222 2364 1546 543 2231 1438 1917 1803 1069 2289 798 1086 1557 626 1399 1215 961 864 1217 1113 2314 743 875 2271 0 1328 1312 959 1704 917 1810 1785 2121 2138 1634 2292 822 1248 1378 2354 927 1155 961 1418 990 2251 1255 916 1304 697 1380 1496 1035 1224 963 2095 932 1737 763 1914 1546 1126 1279 1152 715 1854 2368 724 2008 1105 940 678 1199 532 1319 2008 1338 1400 2396 1008 2005 1844
680 996 1366 401 1033 702 1785 590 1637 1410 1338 388 1055 1181 1588 1102 1574 253 1389 1430 1079 1176 1302 846 1005 862 502 1355 741 328 623 1265 623 395 749 1374 968 1190 1380 703 1558 1341 1328 0 1463 1507 658 935 900 851 1187 1209 701 1358 1448 297 394 1420 747 1280 749 1120 1261 1317 474 704 1408 1058 605 584 545 1012 1473 1220 1395 804 1273 985 634 391 1411 564 1225 920 1535 1228 1074 369 1046 795 630 1223 737 1095 870 528 1467 443 1071 831
1588 1642 433 1294 461 1610 632 1138 2943 2338 2303 1792 1963 2492 2155 2139 2141 1256 2737 2338 2192 856 2338 768 2353 1777 1304 2263 1261 1405 1531 778 2010 1091 1607 1941 756 921 2288 1302 754 2378 1312 1463 0 2074 1679 1793 2043 1759 2095 2245 1511 2266 580 1229 1329 2328 1535 2138 1607 592 747 2226 1001 1562 2266 1112 1985 1932 1681 1870 2040 2568 546 1712 1840 2021 1982 1191 2270 1206 1792 1828 2883 1785 1982 1170 954 1344 1311 807 927 2444 787 1932 2503 1338 1979 1883
1793 1058 1756 1212 1993 1814 2085 1432 2475 2542 2446 1464 2168 2272 210 2210 231 1359 2400 2542 1635 1242 2410 1806 2095 1982 1247 2467 976 1265 1736 1331 1577 1394 1139 555 1710 1606 2492 922 1623 2449 959 1507 2074 0 1883 1045 1988 1963 2299 2316 1812 2470 1580 1426 1557 2532 1105 845 1139 2078 1534 2430 1434 1094 995 1229 1559 1674 1213 1329 654 2274 1680 1916 332 2093 1725 1304 970 1331 408 2032 2546 734 2186 1283 1433 857 1377 1289 1633 2186 1819 1579 2574 1186 2183 2023
592 1343 1582 744 1249 626 2000 810 1834 887 861 704 967 1139 1964 757 1949 589 1586 1341 1408 1552 956 1062 1056 207 812 821 1117 814 535 1641 835 615 1096 1750 1183 1410 1291 1079 1818 996 1704 658 1679 1883 0 1282 661 763 1099 863 613 1270 1664 513 512 886 1115 1627 991 1336 1481 783 689 1007 1755 1434 816 780 752 1359 1830 1417 1611 715 1649 639 831 628 1759 785 1601 334 1731 1577 488 606 1267 1171 875 1599 953 1292 1086 739 1121 806 983 399
1221 247 1488 641 1422 1242 1817 864 1729 1970 1783 801 1596 1609 1148 1547 1133 787 1654 1970 823 974 1747 1235 1432 1371 675 1867 560 693 1164 1063 914 822 207 743 1288 1190 1920 510 1355 1786 917 935 1793 1045 1282 0 1325 1392 1727 1654 1240 1899 1312 854 985 1931 453 496 297 1509 1118 1829 862 321 624 877 896 1011 550 481 573 1527 1412 1344 811 1430 1062 733 628 759 779 1422 1799 311 1576 711 1017 519 805 1021 1061 1523 1258 916 1911 614 1612 1360
957 1386 1947 1096 1614 991 2365 1175 1832 1376 820 730 1332 663 2070 587 2055 954 1584 1706 1451 1658 560 1427 530 751 1177 1246 1223 1021 900 1747 765 980 1139 1856 1548 1775 1656 1173 2039 599 1810 900 2043 1988 661 1325 0 1128 1464 467 978 1635 1996 878 877 1311 1219 1670 1035 1701 1781 1209 1054 1051 1798 1540 747 695 795 1403 1874 1415 1976 1080 1754 243 723 993 1802 1150 1706 801 1729 1636 955 971 1632 1277 1240 1705 1318 1290 1451 670 725 1136 1348 714
443 1452 1663 824 1330 477 2081 891 2300 849 1387 1170 418 1605 2045 1223 2030 670 2052 926 1790 1633 1423 1143 1522 823 892 966 1198 895 477 1722 1301 695 1206 1831 1264 1491 876 1160 1899 1462 1785 851 1759 1963 763 1392 1128 0 683 1329 401 854 1745 593 593 1276 1204 1736 1206 1417 1562 1174 770 1161 1864 1515 1283 1247 1218 1469 1930 1883 1692 267 1730 1106 1297 709 1868 866 1682 912 2198 1685 996 686 1348 1252 956 1680 1034 1758 1166 1206 1587 887 560 967
789 1788 1998 1160 1665 823 2417 1227 2636 920 1723 1506 471 1941 2381 1559 2366 1005 2388 436 2126 1968 1758 1479 1858 1197 1228 1037 1533 1231 812 2058 1637 1031 1541 2167 1600 1827 413 1495 2235 1798 2121 1187 2095 2299 1099 1727 1464 683 0 1665 767 392 2080 929 929 1443 1540 2072 1541 1753 1898 1341 1106 1496 2200 1850 1618 1582 1554 1805 2266 2219 2028 780 2065 1441 1633 1044 2204 1202 2017 1248 2533 2020 1402 1022 1683 1588 1292 2016 1369 2094 1502 1542 1923 1223 256 1303
1158 1714 2149 1310 1816 1193 2567 1377 1733 1578 675 1075 1534 478 2398 589 2383 1155 1485 1908 1779 1986 361 1629 553 952 1378 1448 1551 1349 1101 2075 1168 1181 1467 2184 1750 1977 1858 1501 2367 274 2138 1209 2245 2316 863 1654 467 1329 1665 0 1180 1836 2230 1079 1079 1476 1547 1998 1363 1903 2048 1329 1256 1379 2126 1868 1150 947 1123 1731 2202 1316 2178 1282 2082 333 980 1194 2130 1352 2035 1003 1631 1964 1130 1172 1833 1605 1442 2033 1519 1192 1652 1073 555 1373 1549 839
179 1301 1414 675 1081 213 1832 642 2150 928 1237 1020 599 1456 1894 1073 1879 520 1902 1010 1639 1481 1273 894 1373 712 702 1045 1009 745 116 1570 1151 448 1054 1680 1015 1242 960 1008 1650 1312 1634 701 1511 1812 613 1240 978 401 767 1180 0 938 1496 444 443 1262 1053 1585 1054 1168 1313 1160 521 1009 1713 1288 1133 1097 1068 1317 1779 1733 1443 255 1578 956 1147 557 1717 617 1530 763 2048 1533 917 535 1099 1100 718 1528 785 1609 918 1056 1438 735 651 818
960 1959 2170 1331 1837 995 2588 1398 2807 1117 1894 1677 695 2112 2552 1730 2537 1176 2559 238 2297 2140 1930 1650 2029 1369 1399 1234 1705 1402 984 2229 1808 1202 1713 2338 1771 1998 22 1667 2406 1969 2292 1358 2266 2470 1270 1899 1635 854 392 1836 938 0 2252 1100 1100 1640 1711 2243 1712 1924 2069 1538 1277 1668 2371 2022 1790 1754 1725 1976 2437 2390 2199 951 2236 1613 1804 1216 2375 1373 2189 1419 2705 2192 1573 1193 1855 1759 1463 2187 1541 2265 1673 1713 2094 1394 480 1474
1574 1149 186 1208 909 1595 619 992 2483 2323 2288 1472 1949 2280 1662 2124 1647 1242 2408 2323 1732 368 2324 811 2103 1763 1222 2248 906 1273 1517 290 1585 1076 1147 1448 567 673 2273 930 235 2363 822 1448 580 1580 1664 1312 1996 1745 2080 2230 1496 2252 0 1215 1315 2313 1113 1678 1147 782 392 2211 1030 1102 1806 728 1567 1682 1221 1410 1547 2282 231 1697 1346 2007 1732 1112 1810 1063 1298 1813 2554 1291 1967 1091 705 850 1169 319 855 2194 687 1587 2488 1194 1964 1868
422 915 1133 287 800 444 1551 361 1850 1172 1137 639 798 1332 1508 973 1493 115 1601 1172 1253 1095 1173 613 1217 611 355 1097 660 341 365 1184 868 162 668 1293 734 961 1122 622 1369 1212 1248 297 1229 1426 513 854 878 593 929 1079 444 1100 1215 0 179 1162 667 1199 668 887 1032 1060 240 623 1327 977 846 796 681 931 1392 1433 1162 546 1192 855 847 171 1331 336 1144 662 1747 1147 816 149 818 714 426 1142 504 1308 636 786 1337 349 813 717
422 1046 1233 418 900 444 1651 461 1978 1172 1136 736 797 1355 1638 973 1624 263 1730 1172 1384 1226 1172 713 1272 611 486 1097 791 486 365 1315 978 265 799 1424 834 1061 1122 753 1469 1211 1378 394 1329 1557 512 985 877 593 929 1079 443 1100 1315 179 0 1161 798 1330 799 987 1132 1059 340 754 1458 1104 960 925 826 1062 1523 1561 1262 545 1323 855 975 302 1462 436 1275 662 1876 1278 816 280 918 845 537 1273 604 1436 737 883 1337 480 813 717
1187 1992 2231 1393 1898 1221 2650 1460 2483 552 891 1353 1355 1789 2613 1090 2599 1238 2235 1711 2057 2201 1540 1711 1705 932 1461 406 1766 1463 1184 2290 1484 1264 1745 2399 1833 2060 1662 1728 2468 1620 2354 1420 2328 2532 886 1931 1311 1276 1443 1476 1262 1640 2313 1162 1161 0 1773 2276 1641 1985 2131 248 1338 1657 2404 2083 1466 1430 1401 2009 2480 2066 2260 1337 2298 1232 1480 1277 2408 1435 2250 765 2381 2235 596 1255 1916 1820 1524 2248 1602 1941 1735 1389 1408 1455 1199 934
1033 472 1273 453 1234 1055 1618 672 1705 1783 1676 694 1408 1502 1187 1440 1172 599 1631 1783 852 774 1640 1047 1325 1214 483 1708 302 505 976 864 808 635 267 973 1036 932 1733 236 1156 1679 927 747 1535 1105 1115 453 1219 1204 1540 1547 1053 1711 1113 667 798 1773 0 798 264 1321 860 1670 674 202 926 618 789 905 443 530 1002 1504 1213 1157 871 1323 955 545 930 567 823 1265 1776 631 1419 524 759 372 613 822 874 1416 1071 809 1805 427 1424 1253
1565 698 1853 985 1766 1587 2183 1208 1747 2315 2127 1145 1940 1954 831 1892 816 1131 1673 2315 802 1339 2091 1579 1777 1716 1020 2212 904 1038 1508 1428 1259 1167 571 387 1633 1534 2265 855 1721 2131 1155 1280 2138 845 1627 496 1670 1736 2072 1998 1585 2243 1678 1199 1330 2276 798 0 659 1853 1462 2174 1206 666 237 1221 1241 1356 895 496 225 1546 1778 1689 799 1774 1406 1077 241 1103 440 1766 1818 614 1921 1056 1361 949 1150 1386 1406 1735 1603 1261 2256 959 1956 1704
1035 358 1323 454 1235 1056 1652 677 1522 1706 1492 510 1410 1318 1221 1257 1206 601 1447 1784 692 808 1456 1048 1141 1080 489 1576 374 507 978 898 624 636 110 1007 1102 1004 1734 324 1190 1495 961 749 1607 1139 991 297 1035 1206 1541 1363 1054 1712 1147 668 799 1641 264 659 0 1323 931 1539 676 68 787 690 605 721 259 391 863 1320 1247 1158 905 1139 771 547 790 573 857 1131 1592 608 1285 525 831 428 619 856 875 1232 1072 625 1621 428 1425 1069
1246 1569 700 952 214 1267 1018 758 2615 1995 1960 1450 1621 2150 2159 1796 2144 914 2395 1995 1907 962 1996 371 2010 1435 962 1921 1153 1063 1189 884 1667 748 1323 1945 482 783 1945 1193 937 2035 1418 1120 592 2078 1336 1509 1701 1417 1753 1903 1168 1924 782 887 987 1985 1321 1853 1323 0 718 1883 658 1278 1981 1005 1642 1590 1352 1586 2044 2226 729 1369 1844 1679 1640 849 1985 830 1796 1486 2541 1781 1640 827 816 1362 935 913 530 2101 390 1589 2161 996 1637 1541
1391 1099 491 998 845 1413 909 748 2267 2141 2106 1256 1766 2064 1615 1942 1601 1054 2193 2141 1516 534 2141 752 1887 1580 962 2066 585 1050 1334 456 1370 894 932 1401 508 359 2091 626 627 2181 990 1261 747 1534 1481 1118 1781 1562 1898 2048 1313 2069 392 1032 1132 2131 860 1462 931 718 0 2028 863 887 1590 436 1351 1467 1005 1195 1500 2066 520 1515 1300 1824 1517 915 1594 795 1252 1631 2338 1217 1785 893 392 805 871 485 709 1978 628 1371 2306 974 1782 1686
1085 1890 2129 1291 1796 1119 2547 1357 2381 450 744 1251 1253 1682 2511 943 2497 1136 2133 1609 1955 2099 1405 1609 1601 829 1359 304 1664 1361 1082 2188 1382 1162 1643 2297 1730 1957 1559 1626 2365 1473 2251 1317 2226 2430 783 1829 1209 1174 1341 1329 1160 1538 2211 1060 1059 248 1670 2174 1539 1883 2028 0 1236 1554 2302 1981 1363 1328 1299 1906 2378 1964 2158 1235 2196 1085 1378 1175 2306 1332 2148 663 2279 2132 494 1153 1814 1718 1422 2146 1500 1839 1633 1287 1287 1353 1097 831
599 922 949 305 571 620 1367 216 1968 1349 1313 803 974 1503 1515 1150 1500 267 1748 1348 1260 1103 1349 384 1363 788 315 1274 613 416 542 1149 1020 101 676 1301 514 791 1299 630 1185 1388 1255 474 1001 1434 689 862 1054 770 1106 1256 521 1277 1030 240 340 1338 674 1206 676 658 863 1236 0 631 1334 837 995 943 706 939 1400 1579 978 722 1200 1032 993 202 1338 227 1152 839 1894 1155 993 181 648 722 328 1147 301 1454 408 942 1514 349 990 894
990 372 1278 410 1191 1011 1607 633 1537 1722 1508 526 1365 1334 1176 1272 1161 556 1463 1739 709 764 1472 1004 1157 1096 444 1592 329 462 933 853 640 591 135 962 1057 959 1689 279 1145 1511 916 704 1562 1094 1007 321 1051 1161 1496 1379 1009 1668 1102 623 754 1657 202 666 68 1278 887 1554 631 0 794 646 621 737 275 398 870 1336 1202 1113 860 1155 787 502 798 528 812 1147 1608 628 1301 480 786 383 574 811 830 1248 1027 641 1637 383 1381 1085
1693 826 1981 1113 1894 1715 2311 1336 1695 2443 2255 1274 2069 2082 980 2020 965 1259 1620 2443 750 1467 2220 1707 1905 1844 1148 2340 1032 1166 1636 1556 1387 1295 699 533 1761 1662 2393 983 1849 2259 1304 1408 2266 995 1755 624 1798 1864 2200 2126 1713 2371 1806 1327 1458 2404 926 237 787 1981 1590 2302 1334 794 0 1349 1369 1484 1023 501 375 1493 1906 1817 949 1902 1534 1205 52 1232 589 1895 1766 743 2049 1184 1489 1077 1278 1514 1534 1683 1731 1389 2384 1087 2084 1832
1344 802 855 764 1090 1365 1273 723 2026 2093 1997 1015 1719 1823 1310 1761 1296 910 1952 2093 1275 441 1961 835 1646 1533 798 2019 374 816 1287 449 1129 868 691 1096 614 510 2043 384 841 2000 697 1058 1112 1229 1434 877 1540 1515 1850 1868 1288 2022 728 977 1104 2083 618 1221 690 1005 436 1981 837 646 1349 0 1110 1226 764 954 1195 1825 884 1467 995 1644 1276 856 1353 701 947 1583 2097 875 1738 834 337 504 777 503 716 1737 735 1130 2126 737 1735 1574
1112 957 1742 787 1555 1146 2071 1051 1413 1531 1317 242 1487 951 1640 1081 1626 770 1165 1861 1022 1228 1243 1368 767 905 863 1401 793 745 1055 1317 25 917 710 1426 1481 1423 1811 743 1610 1282 1380 605 1985 1559 816 896 747 1283 1618 1150 1133 1790 1567 846 960 1466 789 1241 605 1642 1351 1363 995 621 1369 1110 0 346 365 973 1445 996 1666 1235 1325 926 397 913 1372 946 1277 956 1311 1207 1110 891 1250 847 993 1275 1250 871 1392 119 1408 775 1502 894
1076 1072 1827 778 1502 1110 2187 1048 1270 1495 1281 472 1451 674 1756 1046 1741 717 1022 1825 1137 1343 1166 1315 425 869 875 1365 909 700 1019 1433 372 865 825 1542 1428 1539 1775 859 1725 1114 1496 584 1932 1674 780 1011 695 1247 1582 947 1097 1754 1682 796 925 1430 905 1356 721 1590 1467 1328 943 737 1484 1226 346 0 481 1089 1560 853 1782 1199 1440 874 109 860 1488 956 1392 920 1167 1322 1074 838 1366 963 1002 1391 1198 728 1339 329 1356 815 1467 858
1047 611 1396 433 1265 1081 1726 697 1274 1466 1252 270 1422 1079 1295 1017 1280 602 1199 1796 668 882 1216 1078 902 841 509 1336 447 453 990 971 384 671 364 1080 1135 1077 1747 398 1264 1256 1035 545 1681 1213 752 550 795 1218 1554 1123 1068 1725 1221 681 826 1401 443 895 259 1352 1005 1299 706 275 1023 764 365 481 0 627 1099 1073 1321 1170 979 899 531 582 1027 593 931 891 1345 861 1045 561 904 501 639 929 905 993 1102 385 1381 421 1438 829
1298 542 1586 718 1499 1319 1915 941 1378 2047 1860 878 1673 1686 1314 1624 1299 864 1304 2047 473 1072 1824 1312 1509 1448 752 1944 637 770 1241 1161 992 899 304 871 1366 1267 1997 587 1454 1863 1224 1012 1870 1329 1359 481 1403 1469 1805 1731 1317 1976 1410 931 1062 2009 530 496 391 1586 1195 1906 939 398 501 954 973 1089 627 0 709 1177 1510 1421 1169 1507 1139 810 505 836 924 1499 1449 768 1653 788 1094 691 882 1119 1138 1366 1335 993 1989 691 1689 1437
1759 774 1722 1179 1960 1780 2051 1398 1960 2509 2332 1350 2134 2158 639 2096 624 1325 1886 2509 1015 1208 2296 1773 1981 1920 1213 2416 942 1231 1702 1297 1463 1360 776 196 1677 1572 2459 888 1590 2335 963 1473 2040 654 1830 573 1874 1930 2266 2202 1779 2437 1547 1392 1523 2480 1002 225 863 2044 1500 2378 1400 870 375 1195 1445 1560 1099 709 0 1759 1647 1882 608 1979 1611 1271 350 1297 248 1971 2031 682 2125 1249 1399 823 1344 1255 1600 1948 1786 1465 2460 1152 2150 1909
1712 1588 2456 1414 2139 1747 2786 1685 496 2131 1917 1193 2087 859 2355 1682 2340 1354 249 2462 815 1943 1535 1952 1031 1506 1511 2002 1508 1337 1655 2032 1021 1501 1330 1921 2065 2138 2412 1458 2325 1484 2095 1220 2568 2274 1417 1527 1415 1883 2219 1316 1733 2390 2282 1433 1561 2066 1504 1546 1320 2226 2066 1964 1579 1336 1493 1825 996 853 1073 1177 1759 0 2381 1835 2040 1399 953 1497 1497 1592 1974 1557 394 1838 1711 1475 1965 1562 1639 1990 1834 268 1976 1050 1731 1452 2103 1495
1521 1249 150 1163 856 1542 449 939 2583 2271 2235 1571 1896 2377 1762 2072 1747 1189 2508 2270 1832 559 2271 759 2203 1710 1169 2196 1033 1274 1464 492 1685 1023 1247 1548 514 668 2221 1029 207 2310 932 1395 546 1680 1611 1412 1976 1692 2028 2178 1443 2199 231 1162 1262 2260 1213 1778 1247 729 520 2158 978 1202 1906 884 1666 1782 1321 1510 1647 2381 0 1644 1446 1954 1832 1060 1910 1011 1398 1761 2654 1391 1915 1038 700 950 1116 479 802 2294 634 1686 2436 1207 1912 1816
390 1405 1615 777 1282 425 2033 843 2253 977 1339 1122 393 1558 1997 1176 1983 622 2004 1022 1743 1585 1375 1095 1475 814 845 1094 1150 847 363 1674 1253 648 1158 1783 1216 1443 973 1112 1852 1414 1737 804 1712 1916 715 1344 1080 267 780 1282 255 951 1697 546 545 1337 1157 1689 1158 1369 1515 1235 722 1113 1817 1467 1235 1199 1170 1421 1882 1835 1644 0 1682 1058 1249 661 1821 818 1634 865 2150 1637 1019 639 1300 1204 908 1632 986 1711 1119 1158 1540 839 664 920
1559 824 1522 979 1759 1580 1851 1198 2241 2308 2212 1230 1934 2038 541 1976 563 1125 2166 2308 1490 1008 2176 1573 1861 1748 1013 2233 742 1031 1502 1097 1343 1160 905 509 1476 1372 2258 688 1389 2215 763 1273 1840 332 1649 811 1754 1730 2065 2082 1578 2236 1346 1192 1323 2298 871 799 905 1844 1300 2196 1200 860 949 995 1325 1440 979 1169 608 2040 1446 1682 0 1859 1491 1071 924 1097 364 1798 2312 500 1952 1049 1199 623 1143 1055 1399 1952 1586 1345 2340 952 1949 1789
935 1490 1925 1086 1592 969 2343 1153 1816 1320 598 852 1310 600 2174 379 2159 932 1568 1684 1556 1762 426 1405 519 729 1154 1224 1327 1125 878 1851 945 958 1244 1960 1526 1753 1634 1277 2144 465 1914 985 2021 2093 639 1430 243 1106 1441 333 956 1613 2007 855 855 1232 1323 1774 1139 1679 1824 1085 1032 1155 1902 1644 926 874 899 1507 1979 1399 1954 1058 1859 0 903 971 1906 1128 1811 715 1713 1740 797 948 1610 1381 1218 1809 1296 1274 1429 849 547 1149 1326 506
1126 1122 1878 828 1553 1160 2237 1099 1370 1545 1331 501 1501 707 1806 1096 1791 768 1122 1876 1188 1394 1199 1366 458 920 925 1416 959 751 1069 1483 422 915 876 1592 1479 1589 1826 909 1776 1147 1546 634 1982 1725 831 1062 723 1297 1633 980 1147 1804 1732 847 975 1480 955 1406 771 1640 1517 1378 993 787 1534 1276 397 109 531 1139 1611 953 1832 1249 1491 903 0 911 1538 1006 1443 971 1268 1372 1125 889 1416 1013 1053 1441 1248 828 1390 357 1384 866 1517 909
538 793 1031 176 762 559 1449 244 1845 1287 1252 709 913 1427 1386 1088 1371 185 1666 1287 1131 974 1288 575 1281 727 235 1212 539 290 481 1063 938 141 547 1172 632 844 1237 501 1267 1327 1126 391 1191 1304 628 733 993 709 1044 1194 557 1216 1112 171 302 1277 545 1077 547 849 915 1175 202 502 1205 856 913 860 582 810 1271 1497 1060 661 1071 971 911 0 1209 219 1023 777 1811 1026 931 22 700 593 308 1021 401 1372 599 860 1452 228 929 832
