NAME: zurich_100_6
COMMENT: TSP instance with 100 nodes. City: Zurich, Switzerland, Seed: 48
TYPE: TSP
DIMENSION: 100
EDGE_WEIGHT_TYPE: EXPLICIT
EDGE_WEIGHT_FORMAT: FULL_MATRIX
NODE_COORD_SECTION:
1 47.4584717 8.4313115
2 47.3347381 8.5823332
3 47.4351701 8.4660534
4 47.5201139 8.6575127
5 47.2242191 8.4598172
6 47.4293548 8.4636042
7 47.3996954 8.5727863
8 47.2005769 8.5142202
9 47.4334876 8.5619404
10 47.356197 8.3409343
11 47.276414 8.5768612
12 47.3441485 8.7028097
13 47.5329741 8.6734666
14 47.2929256 8.5566204
15 47.2055153 8.4867252
16 47.363062 8.4993069
17 47.3909579 8.6765
18 47.3620177 8.5663651
19 47.3824364 8.5409863
20 47.355063 8.5588859
21 47.369168 8.5480366
22 47.3395564 8.5698083
23 47.2874169 8.3616033
24 47.4704616 8.4025894
25 47.3912829 8.5231155
26 47.2550902 8.598833
27 47.2834614 8.4007736
28 47.4474606 8.3246566
29 47.2697405 8.3135056
30 47.5111115 8.5465
31 47.4614352 8.3312186
32 47.3573489 8.3674312
33 47.3468413 8.7111669
34 47.4924014 8.7022467
35 47.4405281 8.4419853
36 47.2542929 8.6065504
37 47.3685589 8.3604071
38 47.27911 8.708755
39 47.2541635 8.6187836
40 47.2975547 8.4481408
41 47.4910806 8.2864845
42 47.4801978 8.459071
43 47.3273839 8.6016396
44 47.409876 8.3163227
45 47.4169393 8.5810915
46 47.2564313 8.3723229
47 47.2602173 8.409432
48 47.2010489 8.7760741
49 47.4352669 8.2910748
50 47.4793303 8.6434581
51 47.5107944 8.4686017
52 47.3337349 8.6513793
53 47.306037 8.5512573
54 47.4214724 8.5382599
55 47.2036927 8.5607007
56 47.5354618 8.2968087
57 47.416207 8.5493454
58 47.516741 8.6917282
59 47.3471763 8.700934
60 47.3530172 8.7081606
61 47.2601488 8.6986848
62 47.4832288 8.3057415
63 47.3623945 8.5473007
64 47.4126367 8.5683228
65 47.3796754 8.5214344
66 47.2673747 8.3405807
67 47.4073653 8.7236897
68 47.2422538 8.5880683
69 47.3494611 8.2847242
70 47.2232444 8.4600682
71 47.4386077 8.5603581
72 47.39423 8.7610341
73 47.513927 8.6984405
74 47.5346854 8.7100859
75 47.24778 8.5873713
76 47.2286796 8.4805296
77 47.4288792 8.6372871
78 47.1952148 8.5335737
79 47.5074494 8.7552832
80 47.225969 8.4599578
81 47.5062281 8.7147615
82 47.3410622 8.7710953
83 47.2961424 8.395452
84 47.3666517 8.5415345
85 47.520296 8.5434476
86 47.3306099 8.5798471
87 47.3255671 8.5794641
88 47.494226 8.732605
89 47.2601978 8.7599107
90 47.3094956 8.3947058
91 47.3445871 8.6185577
92 47.5496981 8.5401671
93 47.5204519 8.3296477
94 47.3363659 8.3090897
95 47.4287796 8.5451891
96 47.329299 8.7865382
97 47.3947437 8.6316465
98 47.4832634 8.4598777
99 47.2430056 8.5364616
100 47.4122574 8.546499
EDGE_WEIGHT_SECTION:
0 1373 333 1473 1632 380 879 1881 632 1355 1618 1334 1557 1422 1889 1066 1003 1109 866 1162 994 1285 1566 193 831 1735 1554 658 1951 866 465 1132 1319 1289 245 1729 1155 1904 1809 1274 841 321 1513 1088 803 1703 1504 2391 863 1227 583 1554 1390 669 2133 1280 694 1335 1306 1238 2064 743 1046 852 933 1852 1264 1815 1555 1640 611 1462 1346 1480 1767 1594 935 2002 1573 1654 1396 1420 1450 1032 837 1367 1421 1411 2009 1350 1401 957 1030 1667 572 1479 959 373 1807 704
1373 0 1180 1622 1498 1124 850 1747 983 1417 1099 904 1707 903 1756 734 913 306 521 253 394 165 1577 1562 689 1216 1433 1504 1896 1284 1419 1269 935 1438 1295 1210 1389 827 1290 1151 1697 1406 140 1717 933 1570 1371 1872 1713 1468 1596 539 871 952 1683 2230 843 1484 923 984 997 1632 327 863 561 1765 1213 1296 1616 1507 964 1318 1496 1629 1248 1461 1085 1763 1722 1520 1545 1172 1413 390 1359 67 132 1560 1022 1344 358 1468 1980 1728 926 1181 891 1459 1548 785
333 1180 0 1328 1487 92 733 1736 486 1210 1372 1188 1412 1176 1744 816 858 916 673 969 801 1092 1421 523 607 1489 1409 945 1806 879 753 987 1174 1144 264 1483 1009 1759 1563 1129 1129 367 1320 1312 657 1558 1359 2145 1150 1082 629 1408 1144 484 1956 1336 548 1190 1161 1092 1919 1031 853 702 712 1707 1118 1569 1409 1495 465 1317 1201 1335 1521 1449 790 1857 1427 1508 1250 1275 1305 839 883 1174 1228 1266 1864 1205 1256 1003 1085 1521 427 1334 814 419 1662 548
1473 1622 1328 0 2285 1276 1038 2534 994 2070 1885 1215 150 1690 2542 1474 879 1361 1103 1411 1244 1534 2281 1662 1171 2002 2220 1828 2666 763 1744 1847 1200 408 1447 1996 1878 1785 2077 1937 2021 1204 1668 2183 956 2356 2157 2659 2038 593 1102 1604 1657 1102 2470 2119 1095 221 1188 1119 1945 1957 1295 1003 1225 2548 748 2083 2270 2293 953 1003 232 320 2035 2247 812 2549 637 2306 318 1301 2165 1278 664 1616 1670 505 1891 2066 1451 675 1869 2382 992 1360 978 1189 2334 1050
1632 1498 1487 2285 0 1434 1512 444 1506 1234 1278 2145 2369 1097 331 1158 1815 1314 1186 1290 1162 1410 685 1655 1275 1160 542 1555 996 1917 1470 1090 2131 2101 1606 1154 1210 2231 1235 563 1748 1665 1638 1538 1595 524 295 1799 1716 2101 1928 1943 1077 1556 696 2281 1507 2147 2118 2049 2402 1683 1171 1525 1115 868 2075 964 1379 14 1485 2274 2158 2292 980 174 1747 565 2384 25 2207 2232 617 1117 1993 1492 1546 2223 2426 745 1697 2102 2031 1220 1446 2291 1770 1718 526 1448
380 1124 92 1276 1434 0 681 1683 434 1158 1316 1136 1360 1120 1692 760 806 860 617 912 745 1035 1368 569 551 1432 1356 916 1753 844 761 935 1122 1091 187 1426 955 1706 1507 1077 1109 414 1263 1268 605 1506 1307 2089 1125 1030 676 1356 1088 428 1900 1382 496 1138 1109 1040 1867 1039 797 646 656 1655 1066 1513 1357 1443 413 1264 1149 1283 1465 1397 738 1805 1375 1456 1198 1223 1253 783 919 1118 1171 1214 1812 1153 1204 1030 1132 1469 375 1282 761 466 1610 492
879 850 733 1038 1512 681 0 1761 428 1431 1113 899 1122 917 1770 701 568 587 331 639 471 762 1591 1068 399 1230 1447 1234 1909 746 1150 1253 884 854 853 1224 1284 1380 1304 1165 1427 912 990 1588 282 1584 1385 1886 1444 930 1058 1011 885 450 1697 1881 315 900 871 803 1534 1363 523 230 452 1779 829 1310 1630 1521 426 1027 911 1045 1262 1474 497 1777 1138 1534 961 985 1426 506 822 844 898 976 1574 1358 859 930 1631 1742 392 1044 447 964 1562 265
1881 1747 1736 2534 444 1683 1761 0 1755 1486 1105 2394 2618 1027 294 1407 2064 1562 1435 1539 1411 1659 1037 1904 1524 911 893 1804 1356 2166 1719 1339 2380 2350 1855 904 1459 2480 985 812 1997 1914 1887 1787 1844 940 711 1549 1965 2350 2177 2192 1080 1805 290 2530 1756 2396 2367 2298 2650 1932 1420 1774 1364 1225 2324 714 1686 452 1734 2522 2407 2541 730 287 1996 160 2633 465 2456 2481 968 1366 2242 1741 1795 2472 2675 1096 1946 2351 2280 1571 1695 2540 2019 1967 404 1697
632 983 486 994 1506 434 428 1755 0 1229 1246 909 1133 1050 1764 812 579 719 464 772 604 895 1440 821 488 1363 1428 987 1825 512 903 1006 895 864 606 1357 1037 1479 1438 1148 1180 665 1123 1341 216 1578 1378 2019 1197 689 753 1129 1018 250 1830 1634 199 911 882 813 1640 1116 656 282 574 1726 839 1443 1429 1514 61 1037 922 1056 1395 1468 511 1876 1148 1528 971 996 1324 639 588 977 1031 987 1585 1224 977 697 1384 1541 140 1055 534 686 1681 209
1355 1417 1210 2070 1234 1158 1431 1486 1229 0 1224 1931 2155 1028 1495 1053 1601 1232 1104 1209 1081 1329 553 1378 1174 1341 744 1249 938 1641 1194 394 1917 1886 1330 1334 421 2150 1415 853 1314 1389 1557 583 1400 837 944 1997 796 1824 1651 1862 996 1279 1739 1847 1291 1932 1904 1835 2320 1250 1090 1422 1034 839 1861 1421 303 1246 1208 2059 1944 2077 1373 1200 1533 1608 2170 1249 1993 2018 640 1036 1716 1411 1465 2008 2345 557 1616 1825 1597 425 1169 2077 1556 1441 1413 1301
1618 1099 1372 1885 1278 1316 1113 1105 1246 1224 0 1746 1970 196 1369 759 1415 914 786 891 763 1011 1384 1641 875 240 1240 1541 1702 1547 1456 1076 1732 1701 1487 286 1196 1832 343 957 1734 1651 1239 1524 1195 1377 1177 1161 1702 1730 1859 1544 301 1214 935 2267 1108 1747 1719 1650 2002 1669 772 1125 716 1572 1676 426 1423 1286 1227 1874 1759 1892 378 1195 1348 1014 1985 1300 1808 1833 1219 718 1622 1093 1147 1823 2027 1151 1298 1731 2017 1535 1189 1892 1371 1704 957 1049
1334 904 1188 1215 2145 1136 899 2394 909 1931 1746 0 1299 1550 2403 1334 406 1011 964 1110 1104 1022 2142 1523 1032 1863 2080 1689 2527 1201 1604 1708 62 1031 1308 1857 1739 619 1938 1798 1882 1367 767 2043 817 2217 2018 2519 1898 1170 1513 643 1518 963 2330 2336 955 1077 37 99 816 1817 1147 864 1086 2409 500 1943 2131 2154 881 573 1088 1222 1895 2108 664 2410 1314 2167 1137 394 2026 1139 1276 933 944 1153 825 1926 767 1385 2086 2243 853 492 627 1419 2195 911
1557 1707 1412 150 2369 1360 1122 2618 1133 2155 1970 1299 0 1774 2627 1558 964 1445 1188 1496 1328 1618 2365 1747 1256 2087 2304 1912 2750 913 1828 1932 1285 493 1532 2081 1962 1869 2161 2022 2106 1353 1753 2267 1041 2441 2241 2743 2122 743 1252 1688 1742 1187 2554 2269 1179 305 1272 1203 2029 2041 1380 1087 1309 2633 832 2167 2354 2378 1097 1088 316 243 2119 2331 897 2634 655 2391 402 1386 2250 1363 814 1701 1755 589 1975 2150 1536 802 2019 2466 1077 1445 1062 1339 2419 1134
1422 903 1176 1690 1097 1120 917 1027 1050 1028 196 1550 1774 0 1291 563 1220 719 591 695 568 815 1188 1445 680 413 1044 1345 1507 1351 1261 880 1536 1506 1292 454 1000 1636 515 762 1538 1456 1043 1328 1000 1181 982 1131 1506 1535 1663 1348 105 1019 857 2071 912 1552 1523 1454 1807 1474 576 930 520 1376 1481 469 1228 1105 1031 1679 1563 1697 421 1022 1152 937 1790 1118 1612 1637 1024 522 1427 897 951 1628 1831 955 1102 1535 1821 1340 994 1696 1176 1508 776 853
1889 1756 1744 2542 331 1692 1770 294 1764 1495 1369 2403 2627 1291 0 1416 2073 1571 1443 1548 1420 1668 1014 1912 1532 1174 870 1812 1324 2175 1728 1347 2389 2358 1864 1168 1467 2489 1249 820 2005 1923 1896 1796 1852 852 623 1813 1973 2359 2186 2201 1327 1814 554 2539 1765 2404 2376 2307 2659 1941 1429 1782 1373 1196 2333 978 1695 340 1742 2531 2416 2549 994 432 2005 424 2642 353 2465 2490 945 1375 2251 1750 1804 2480 2684 1073 1955 2359 2288 1548 1704 2549 2028 1975 656 1706
1066 734 816 1474 1158 760 701 1407 812 1053 759 1334 1558 563 1416 0 1004 549 401 526 398 646 1237 1221 408 876 1093 1121 1555 1135 1036 905 1320 1289 932 869 1025 1467 950 810 1314 1099 874 1353 784 1230 1030 1532 1330 1319 1362 1179 531 752 1343 1847 670 1336 1307 1238 1637 1249 407 714 255 1425 1264 956 1252 1167 815 1462 1347 1481 908 1120 936 1422 1573 1180 1396 1421 1070 353 1210 728 782 1412 1662 964 933 1319 1597 1364 760 1480 959 1151 1208 623
1003 913 858 879 1815 806 568 2064 579 1601 1415 406 964 1220 2073 1004 0 839 633 941 774 913 1811 1192 701 1532 1750 1358 2196 870 1274 1378 401 695 977 1526 1408 990 1607 1467 1551 1037 844 1713 486 1887 1687 2189 1568 781 1182 780 1188 633 2000 2005 625 741 379 310 1150 1487 825 533 755 2079 351 1613 1800 1823 551 497 753 886 1565 1777 333 2079 979 1837 802 506 1695 809 946 917 981 817 1095 1596 627 1055 1755 1912 523 565 278 1089 1865 580
1109 306 916 1361 1314 860 587 1562 719 1232 914 1011 1445 719 1571 549 839 0 269 152 176 294 1392 1298 433 1031 1249 1311 1711 1026 1226 1084 1065 1177 1032 1025 1204 964 1106 966 1504 1143 445 1533 670 1385 1186 1688 1520 1210 1338 676 686 687 1498 2037 570 1223 1006 1014 1134 1439 160 598 377 1580 1137 1111 1432 1322 706 1243 1234 1368 1064 1276 823 1578 1461 1335 1284 1210 1228 205 1101 305 369 1299 1159 1159 429 1210 1787 1544 667 1269 671 1195 1363 511
866 521 673 1103 1186 617 331 1435 464 1104 786 964 1188 591 1443 401 633 269 0 310 142 433 1264 1055 179 903 1121 1059 1583 765 975 956 949 919 789 897 1077 1190 978 838 1252 900 661 1405 413 1257 1058 1560 1269 948 1077 902 558 436 1371 1786 329 965 937 868 1360 1188 194 343 187 1452 894 984 1304 1194 445 1092 977 1110 936 1148 566 1450 1203 1207 1026 1051 1100 179 840 515 569 1041 1385 1031 656 949 1535 1416 407 1110 589 952 1235 270
1162 253 969 1411 1290 912 639 1539 772 1209 891 1110 1496 695 1548 526 941 152 310 0 186 165 1369 1351 478 1008 1225 1296 1688 1073 1211 1061 1140 1227 1084 1002 1181 1033 1083 943 1489 1195 393 1509 721 1362 1163 1665 1505 1256 1385 745 663 740 1475 2022 632 1273 1128 1145 1196 1425 119 651 354 1557 1202 1088 1409 1299 753 1378 1284 1418 1040 1253 874 1555 1511 1312 1334 1338 1205 182 1148 247 301 1349 1228 1136 498 1257 1772 1521 715 1387 800 1247 1340 574
994 394 801 1244 1162 745 471 1411 604 1081 763 1104 1328 568 1420 398 774 176 142 186 0 306 1241 1183 310 880 1098 1168 1560 905 1084 933 1090 1059 917 874 1053 1095 955 815 1361 1028 534 1381 554 1234 1035 1537 1378 1089 1217 806 535 573 1347 1894 465 1106 1077 1008 1265 1297 67 484 226 1429 1034 960 1281 1171 585 1232 1117 1251 912 1125 706 1427 1343 1184 1166 1191 1077 54 980 388 442 1182 1289 1008 560 1089 1644 1393 548 1250 676 1080 1212 406
1285 165 1092 1534 1410 1035 762 1659 895 1329 1011 1022 1618 815 1668 646 913 294 433 165 306 0 1489 1474 601 1128 1345 1415 1807 1195 1331 1181 1052 1350 1207 1121 1301 945 1202 1062 1608 1318 305 1629 844 1482 1282 1784 1625 1379 1508 657 783 863 1595 2142 755 1396 1040 1088 1074 1544 239 774 473 1677 1213 1208 1528 1419 876 1317 1407 1541 1160 1372 996 1674 1634 1432 1457 1284 1324 301 1271 159 179 1472 1140 1256 410 1380 1891 1640 838 1299 891 1370 1460 697
1566 1577 1421 2281 685 1368 1591 1037 1440 553 1384 2142 2365 1188 1014 1237 1811 1392 1264 1369 1241 1489 0 1589 1353 1501 317 1489 425 1851 1404 684 2127 2097 1540 1495 804 2310 1575 614 1682 1599 1717 995 1611 284 391 2157 1186 2035 1862 2022 1156 1490 1289 2215 1502 2143 2115 2046 2480 1617 1250 1603 1194 295 2072 1542 693 699 1419 2270 2154 2288 1533 750 1743 1159 2381 696 2204 2228 402 1196 1927 1571 1625 2219 2505 392 1776 2036 1965 535 1380 2287 1767 1652 1001 1508
193 1562 523 1662 1655 569 1068 1904 821 1378 1641 1523 1747 1445 1912 1221 1192 1298 1055 1351 1183 1474 1589 0 1020 1758 1577 614 1974 1048 422 1155 1508 1478 434 1752 1119 2093 1832 1297 798 503 1702 1045 992 1726 1527 2414 820 1416 765 1743 1413 858 2156 1270 883 1524 1496 1427 2253 700 1235 1041 1042 1875 1453 1838 1563 1663 800 1651 1536 1669 1790 1617 1125 2025 1762 1676 1585 1610 1473 1206 1019 1556 1610 1600 2199 1373 1590 1139 1020 1690 761 1669 1148 555 1830 893
831 689 607 1171 1275 551 399 1524 488 1174 875 1032 1256 680 1532 408 701 433 179 478 310 601 1353 1020 0 992 1210 957 1672 833 872 982 1017 987 722 986 1013 1358 1067 927 1150 864 828 1311 481 1346 1147 1649 1166 1016 1127 1070 647 421 1460 1683 345 1033 1005 936 1528 1085 362 405 173 1541 962 1073 1374 1283 513 1160 1045 1178 1025 1237 634 1539 1271 1296 1094 1119 1189 334 908 683 737 1109 1553 1120 823 1017 1433 1486 436 1178 657 917 1324 302
1735 1216 1489 2002 1160 1432 1230 911 1363 1341 240 1863 2087 413 1174 876 1532 1031 903 1008 880 1128 1501 1758 992 0 1357 1658 1819 1664 1573 1193 1848 1818 1604 49 1313 1949 130 1074 1851 1768 1356 1641 1312 1494 1294 936 1819 1847 1976 1661 442 1331 740 2384 1225 1864 1836 1767 2119 1786 889 1242 833 1689 1793 244 1540 1169 1344 1991 1876 2009 196 1004 1465 820 2102 1182 1925 1950 1336 835 1739 1210 1264 1940 2144 1267 1414 1848 2134 1652 1306 2009 1488 1821 820 1166
1554 1433 1409 2220 542 1356 1447 893 1428 744 1240 2080 2304 1044 870 1093 1750 1249 1121 1225 1098 1345 317 1577 1210 1357 0 1477 636 1839 1392 673 2066 2036 1528 1351 793 2166 1432 344 1670 1587 1573 1036 1530 431 247 2013 1249 2023 1850 1878 1012 1478 1146 2203 1442 2082 2053 1984 2337 1605 1106 1460 1050 505 2011 1398 944 556 1407 2209 2093 2227 1389 607 1682 1015 2320 552 2142 2167 104 1052 1915 1427 1481 2158 2361 232 1632 2024 1953 802 1368 2226 1706 1640 857 1383
658 1504 945 1828 1555 916 1234 1804 987 1249 1541 1689 1912 1345 1812 1121 1358 1311 1059 1296 1168 1415 1489 614 957 1658 1477 0 1874 1398 292 1006 1674 1644 823 1652 957 2228 1732 1197 532 968 1643 778 1158 1626 1427 2314 553 1582 1231 1909 1313 1037 2056 1016 1049 1690 1662 1593 2399 446 1176 1207 942 1775 1619 1738 1349 1563 966 1817 1701 1835 1690 1517 1290 1925 1928 1576 1751 1776 1373 1123 1474 1498 1551 1766 2365 1273 1694 1583 766 1539 927 1834 1314 1020 1730 1059
1951 1896 1806 2666 996 1753 1909 1356 1825 938 1702 2527 2750 1507 1324 1555 2196 1711 1583 1688 1560 1807 425 1974 1672 1819 636 1874 0 2236 1789 1069 2512 2482 1925 1813 1189 2629 1894 933 2067 1984 2035 1380 1979 564 701 2476 1571 2420 2247 2341 1474 1875 1608 2600 1887 2528 2500 2431 2799 2002 1568 1922 1513 252 2457 1860 847 1010 1804 2655 2539 2673 1852 1069 2128 1477 2766 1006 2589 2613 740 1515 2312 1889 1943 2604 2824 777 2094 2421 2350 744 1765 2672 2152 2037 1320 1846
866 1284 879 763 1917 844 746 2166 512 1641 1547 1201 913 1351 2175 1135 870 1026 765 1073 905 1195 1851 1048 833 1664 1839 1398 2236 0 1301 1418 1186 1156 1001 1658 1448 1771 1738 1560 1543 568 1423 1753 567 1989 1790 2320 1608 745 500 1421 1319 667 2131 1483 648 977 1174 1105 1931 1527 957 686 886 2137 1131 1744 1840 1926 471 1329 988 1083 1696 1880 785 2211 1393 1939 1074 1288 1736 940 111 1278 1332 1261 1877 1636 1268 353 1233 1952 557 1347 826 553 1996 645
465 1419 753 1744 1470 761 1150 1719 903 1194 1456 1604 1828 1261 1728 1036 1274 1226 975 1211 1084 1331 1404 422 872 1573 1392 292 1789 1301 0 971 1590 1560 639 1567 935 2144 1648 1113 404 776 1559 728 1073 1542 1343 2230 502 1498 1038 1824 1228 953 1971 877 964 1606 1577 1508 2314 306 1092 1122 858 1690 1535 1654 1299 1479 881 1733 1617 1751 1606 1433 1206 1841 1844 1492 1666 1691 1289 1038 1292 1413 1467 1682 2280 1189 1610 1412 626 1504 843 1750 1230 828 1646 975
1132 1269 987 1847 1090 935 1253 1339 1006 394 1076 1708 1932 880 1347 905 1378 1084 956 1061 933 1181 684 1155 982 1193 673 1006 1069 1418 971 0 1694 1663 1107 1186 141 2002 1267 732 1203 1166 1409 579 1177 968 891 1849 721 1601 1428 1714 848 1056 1591 1736 1068 1709 1681 1612 2172 1138 942 1226 886 970 1638 1273 593 1098 985 1836 1721 1854 1225 1052 1310 1460 1947 1111 1770 1795 569 888 1493 1263 1317 1785 2197 486 1468 1602 1486 705 946 1854 1333 1218 1265 1078
1319 935 1174 1200 2131 1122 884 2380 895 1917 1732 62 1285 1536 2389 1320 401 1065 949 1140 1090 1052 2127 1508 1017 1848 2066 1674 2512 1186 1590 1694 0 1016 1294 1842 1724 649 1923 1783 1867 1353 798 2029 802 2203 2003 2505 1884 1166 1498 673 1504 949 2316 2321 941 1062 91 97 847 1803 1141 849 1071 2395 484 1929 2116 2139 867 517 1074 1207 1881 2093 649 2395 1300 2153 1123 338 2011 1125 1262 964 975 1138 815 1912 798 1371 2071 2228 839 436 623 1405 2181 896
1289 1438 1144 408 2101 1091 854 2350 864 1886 1701 1031 493 1506 2358 1289 695 1177 919 1227 1059 1350 2097 1478 987 1818 2036 1644 2482 1156 1560 1663 1016 0 1263 1812 1694 1601 1893 1753 1837 1322 1484 1999 772 2172 1973 2475 1854 570 1468 1420 1473 918 2285 2291 911 333 1003 935 1761 1773 1111 819 1041 2364 563 1898 2086 2109 836 819 334 451 1851 2063 628 2365 413 2122 236 1117 1981 1094 1066 1432 1486 251 1707 1882 1267 1076 2041 2198 808 1176 793 1375 2150 866
245 1295 264 1447 1606 187 853 1855 606 1330 1487 1308 1532 1292 1864 932 977 1032 789 1084 917 1207 1540 434 722 1604 1528 823 1925 1001 639 1107 1294 1263 0 1598 1126 1878 1679 1249 1015 460 1435 1239 777 1678 1479 2261 1037 1201 723 1528 1259 600 2072 1429 668 1309 1281 1212 2038 917 968 818 827 1826 1238 1685 1529 1615 585 1436 1321 1454 1637 1569 910 1977 1547 1628 1370 1395 1424 955 977 1289 1343 1385 1984 1325 1376 1097 1179 1641 546 1454 933 512 1782 664
1729 1210 1483 1996 1154 1426 1224 904 1357 1334 286 1857 2081 454 1168 869 1526 1025 897 1002 874 1121 1495 1752 986 49 1351 1652 1813 1658 1567 1186 1842 1812 1598 0 1307 1943 82 1068 1845 1762 1349 1635 1306 1487 1288 930 1813 1841 1970 1655 436 1325 734 2378 1218 1858 1830 1761 2113 1780 883 1236 827 1682 1787 257 1534 1163 1338 1985 1869 2003 210 997 1459 814 2096 1176 1919 1944 1330 829 1733 1204 1258 1934 2138 1261 1408 1842 2128 1646 1300 2002 1482 1814 814 1160
1155 1389 1009 1878 1210 955 1284 1459 1037 421 1196 1739 1962 1000 1467 1025 1408 1204 1077 1181 1053 1301 804 1119 1013 1313 793 957 1189 1448 935 141 1724 1694 1126 1307 0 2122 1387 852 1131 1196 1529 507 1208 1088 1011 1969 649 1632 1459 1834 968 1087 1711 1664 1099 1740 1712 1643 2292 1066 1062 1257 994 1090 1669 1393 621 1218 1016 1867 1751 1885 1345 1172 1340 1580 1978 1231 1801 1826 689 1008 1524 1383 1437 1816 2317 606 1588 1633 1414 733 977 1884 1364 1249 1385 1109
1904 827 1759 1785 2231 1706 1380 2480 1479 2150 1832 619 1869 1636 2489 1467 990 964 1190 1033 1095 945 2310 2093 1358 1949 2166 2228 2629 1771 2144 2002 649 1601 1878 1943 2122 0 2024 1884 2422 1937 690 2450 1368 2303 2104 2605 2438 1751 2083 562 1604 1533 2416 2906 1506 1647 637 699 431 2357 1078 1400 1295 2498 1079 2029 2350 2240 1451 1100 1658 1792 1981 2194 1234 2496 1885 2253 1708 774 2146 1123 1847 856 867 1723 581 2077 690 1955 2656 2462 1423 751 1126 1990 2281 1453
1809 1290 1563 2077 1235 1507 1304 985 1438 1415 343 1938 2161 515 1249 950 1607 1106 978 1083 955 1202 1575 1832 1067 130 1432 1732 1894 1738 1648 1267 1923 1893 1679 82 1387 2024 0 1149 1925 1843 1430 1716 1387 1568 1369 931 1893 1922 2050 1735 517 1406 815 2458 1299 1939 1910 1842 2194 1861 963 1317 908 1763 1868 338 1615 1244 1418 2066 1950 2084 290 1078 1539 895 2177 1257 2000 2024 1411 910 1814 1284 1338 2015 2218 1342 1489 1922 2208 1727 1381 2083 1563 1895 895 1241
1274 1151 1129 1937 563 1077 1165 812 1148 853 957 1798 2022 762 820 810 1467 966 838 943 815 1062 614 1297 927 1074 344 1197 933 1560 1113 732 1783 1753 1249 1068 852 1884 1149 0 1390 1308 1290 1145 1247 689 492 1731 1339 1744 1570 1596 729 1199 1064 1923 1159 1799 1771 1702 2054 1326 824 1177 768 802 1728 1155 1052 571 1127 1926 1810 1944 1107 525 1400 933 2037 585 1860 1885 316 770 1635 1145 1198 1875 2079 296 1349 1744 1673 956 1089 1943 1423 1360 660 1101
841 1697 1129 2021 1748 1109 1427 1997 1180 1314 1734 1882 2106 1538 2005 1314 1551 1504 1252 1489 1361 1608 1682 798 1150 1851 1670 532 2067 1543 404 1203 1867 1837 1015 1845 1131 2422 1925 1390 0 1052 1836 778 1351 1819 1620 2507 552 1775 1148 2102 1506 1230 2249 690 1242 1883 1855 1786 2592 144 1370 1400 1135 1968 1812 1931 1348 1756 1159 2010 1895 2028 1883 1710 1484 2118 2121 1770 1944 1969 1566 1316 1513 1691 1745 1959 2558 1466 1887 1633 441 1572 1120 2028 1507 1108 1923 1252
321 1406 367 1204 1665 414 912 1914 665 1389 1651 1367 1353 1456 1923 1099 1037 1143 900 1195 1028 1318 1599 503 864 1768 1587 968 1984 568 776 1166 1353 1322 460 1762 1196 1937 1843 1308 1052 0 1546 1399 836 1737 1538 2425 1173 1172 285 1587 1423 693 2167 993 727 1369 1340 1271 2098 1044 1079 885 967 1885 1297 1849 1588 1674 644 1495 1380 1513 1801 1628 969 2036 1606 1687 1429 1454 1484 1066 539 1400 1454 1444 2043 1384 1435 659 743 1700 605 1513 992 75 1841 737
1513 140 1320 1668 1638 1263 990 1887 1123 1557 1239 767 1753 1043 1896 874 844 445 661 393 534 305 1717 1702 828 1356 1573 1643 2035 1423 1559 1409 798 1484 1435 1349 1529 690 1430 1290 1836 1546 0 1857 1042 1710 1510 2012 1853 1607 1736 402 1011 1091 1823 2370 983 1531 786 847 860 1772 467 1002 701 1905 1144 1436 1756 1646 1104 1249 1542 1675 1388 1600 1129 1902 1768 1660 1591 1035 1552 529 1499 169 180 1606 885 1483 221 1608 2119 1868 1066 1044 823 1598 1688 925
1088 1717 1312 2183 1538 1268 1588 1787 1341 583 1524 2043 2267 1328 1796 1353 1713 1533 1405 1509 1381 1629 995 1045 1311 1641 1036 778 1380 1753 728 579 2029 1999 1239 1635 507 2450 1716 1145 778 1399 1857 0 1512 1279 1254 2297 295 1937 1623 2162 1296 1392 2039 1311 1403 2045 2016 1947 2621 713 1390 1561 1297 1281 1973 1721 618 1546 1320 2172 2056 2190 1673 1500 1645 1908 2282 1556 2105 2130 932 1336 1829 1711 1765 2121 2645 849 1916 1937 1061 841 1282 2189 1669 1451 1713 1413
803 933 657 956 1595 605 282 1844 216 1400 1195 817 1041 1000 1852 784 486 670 413 721 554 844 1611 992 481 1312 1530 1158 1979 567 1073 1177 802 772 777 1306 1208 1368 1387 1247 1351 836 1042 1512 0 1666 1467 1969 1367 746 879 999 967 406 1780 1805 318 818 790 721 1521 1286 605 171 535 1848 747 1393 1600 1603 235 945 830 963 1345 1557 397 1859 1056 1617 879 904 1468 588 643 926 980 894 1493 1388 847 752 1555 1712 311 963 404 885 1644 276
1703 1570 1558 2356 524 1506 1584 940 1578 837 1377 2217 2441 1181 852 1230 1887 1385 1257 1362 1234 1482 284 1726 1346 1494 431 1626 564 1989 1542 968 2203 2172 1678 1487 1088 2303 1568 689 1819 1737 1710 1279 1666 0 229 2150 1470 2173 2000 2015 1149 1628 1192 2353 1579 2218 2190 2121 2473 1755 1243 1596 1187 408 2147 1445 977 538 1556 2345 2230 2363 1461 653 1819 1062 2456 534 2279 2304 506 1189 2065 1564 1618 2294 2498 634 1769 2173 2102 819 1518 2363 1842 1789 904 1520
1504 1371 1359 2157 295 1307 1385 711 1378 944 1177 2018 2241 982 623 1030 1687 1186 1058 1163 1035 1282 391 1527 1147 1294 247 1427 701 1790 1343 891 2003 1973 1479 1288 1011 2104 1369 492 1620 1538 1510 1254 1467 229 0 1951 1467 1974 1800 1816 949 1428 963 2153 1379 2019 1991 1922 2274 1556 1043 1397 988 573 1948 1216 1084 309 1357 2146 2030 2164 1231 424 1619 833 2257 305 2080 2104 322 990 1865 1364 1418 2095 2299 450 1569 1974 1903 925 1318 2163 1643 1590 675 1321
2391 1872 2145 2659 1799 2089 1886 1549 2019 1997 1161 2519 2743 1131 1813 1532 2189 1688 1560 1665 1537 1784 2157 2414 1649 936 2013 2314 2476 2320 2230 1849 2505 2475 2261 930 1969 2605 931 1731 2507 2425 2012 2297 1969 2150 1951 0 2475 2504 2632 2317 1099 1988 1379 3040 1881 2521 2492 2423 2776 2443 1545 1899 1489 2345 2450 1016 2197 1808 2000 2648 2532 2666 969 1642 2121 1459 2759 1821 2581 2606 1993 1491 2396 1866 1920 2597 2800 1924 2071 2504 2790 2309 1963 2665 2145 2477 1459 1822
863 1713 1150 2038 1716 1125 1444 1965 1197 796 1702 1898 2122 1506 1973 1330 1568 1520 1269 1505 1378 1625 1186 820 1166 1819 1249 553 1571 1608 502 721 1884 1854 1037 1813 649 2438 1893 1339 552 1173 1853 295 1367 1470 1467 2475 0 1792 1398 2118 1474 1247 2217 1085 1258 1900 1871 1802 2608 488 1386 1416 1152 1472 1829 1899 809 1724 1175 2027 1911 2045 1851 1678 1500 2086 2138 1734 1960 1985 1145 1332 1684 1707 1761 1976 2574 1061 1904 1792 835 1033 1137 2044 1524 1226 1891 1269
1227 1468 1082 593 2101 1030 930 2350 689 1824 1730 1170 743 1535 2359 1319 781 1210 948 1256 1089 1379 2035 1416 1016 1847 2023 1582 2420 745 1498 1601 1166 570 1201 1841 1632 1751 1922 1744 1775 1172 1607 1937 746 2173 1974 2504 1792 0 1097 1544 1503 851 2315 2090 831 637 1143 1074 1911 1711 1140 867 1070 2321 713 1928 2024 2110 639 969 648 782 1880 2063 543 2394 853 2123 676 1268 1919 1123 672 1461 1515 692 1857 1820 1392 744 1840 2136 741 1326 942 1157 2180 828
583 1596 629 1102 1928 676 1058 2177 753 1651 1859 1513 1252 1663 2186 1362 1182 1338 1077 1385 1217 1508 1862 765 1127 1976 1850 1231 2247 500 1038 1428 1498 1468 723 1970 1459 2083 2050 1570 1148 285 1736 1623 879 2000 1800 2632 1398 1097 0 1733 1631 877 2423 1088 889 1315 1486 1417 2243 1154 1269 996 1198 2148 1443 2056 1851 1936 732 1641 1327 1422 2008 1890 1097 2298 1729 1950 1412 1600 1746 1252 437 1590 1644 1583 2189 1646 1581 597 838 1963 767 1659 1138 270 2103 899
1554 539 1408 1604 1943 1356 1011 2192 1129 1862 1544 643 1688 1348 2201 1179 780 676 902 745 806 657 2022 1743 1070 1661 1878 1909 2341 1421 1824 1714 673 1420 1528 1655 1834 562 1735 1596 2102 1587 402 2162 999 2015 1816 2317 2118 1544 1733 0 1316 1183 2128 2556 1159 1466 661 723 732 2038 790 1032 1006 2210 1080 1741 2061 1952 1101 1126 1477 1611 1693 1906 1065 2208 1704 1965 1527 910 1858 834 1496 568 579 1542 756 1789 402 1605 2306 2173 1073 915 758 1639 1993 1113
1390 871 1144 1657 1077 1088 885 1080 1018 996 301 1518 1742 105 1327 531 1188 686 558 663 535 783 1156 1413 647 442 1012 1313 1474 1319 1228 848 1504 1473 1259 436 968 1604 517 729 1506 1423 1011 1296 967 1149 949 1099 1474 1503 1631 1316 0 986 910 2039 880 1519 1491 1422 1774 1441 544 897 488 1344 1448 523 1195 1086 999 1646 1531 1664 475 1039 1120 989 1757 1099 1580 1605 991 490 1394 865 919 1595 1799 923 1070 1503 1789 1307 961 1664 1143 1476 819 821
669 952 484 1102 1556 428 450 1805 250 1279 1214 963 1187 1019 1814 752 633 687 436 740 573 863 1490 858 421 1331 1478 1037 1875 667 953 1056 949 918 600 1325 1087 1533 1406 1199 1230 693 1091 1392 406 1628 1428 1988 1247 851 877 1183 986 0 1799 1661 175 964 936 867 1693 1166 624 348 516 1776 893 1412 1479 1565 229 1091 976 1109 1364 1518 565 1878 1202 1578 1025 1050 1374 607 743 945 999 1040 1639 1275 1031 851 1411 1591 132 1109 588 745 1663 185
2133 1683 1956 2470 696 1900 1697 290 1830 1739 935 2330 2554 857 554 1343 2000 1498 1371 1475 1347 1595 1289 2156 1460 740 1146 2056 1608 2131 1971 1591 2316 2285 2072 734 1711 2416 815 1064 2249 2167 1823 2039 1780 1192 963 1379 2217 2315 2423 2128 910 1799 0 2782 1692 2332 2303 2234 2586 2185 1356 1710 1300 1477 2260 544 1938 704 1811 2458 2343 2477 560 539 1932 200 2569 718 2392 2417 1220 1302 2206 1677 1731 2408 2611 1348 1882 2315 2532 1824 1774 2476 1955 2219 483 1633
1280 2230 1336 2119 2281 1382 1881 2530 1634 1847 2267 2336 2269 2071 2539 1847 2005 2037 1786 2022 1894 2142 2215 1270 1683 2384 2203 1016 2600 1483 877 1736 2321 2291 1429 2378 1664 2906 2458 1923 690 993 2370 1311 1805 2353 2153 3040 1085 2090 1088 2556 2039 1661 2782 0 1696 2330 2309 2240 3066 704 1903 1854 1668 2501 2266 2464 1882 2289 1613 2464 2341 2438 2416 2243 1937 2651 2575 2303 2398 2423 2099 1849 1454 2224 2278 2413 3012 1999 2403 1574 250 2105 1574 2481 1961 1048 2456 1706
694 843 548 1095 1507 496 315 1756 199 1291 1108 955 1179 912 1765 670 625 570 329 632 465 755 1502 883 345 1225 1442 1049 1887 648 964 1068 941 911 668 1218 1099 1506 1299 1159 1242 727 983 1403 318 1579 1379 1881 1258 831 889 1159 880 175 1692 1696 0 957 928 859 1668 1178 516 212 432 1764 886 1305 1491 1516 240 1084 968 1102 1257 1469 557 1772 1195 1529 1017 1042 1384 499 723 837 891 1033 1631 1286 977 832 1446 1603 146 1101 564 779 1557 64
1335 1484 1190 221 2147 1138 900 2396 911 1932 1747 1077 305 1552 2404 1336 741 1223 965 1273 1106 1396 2143 1524 1033 1864 2082 1690 2528 977 1606 1709 1062 333 1309 1858 1740 1647 1939 1799 1883 1369 1531 2045 818 2218 2019 2521 1900 637 1315 1466 1519 964 2332 2330 957 0 1050 981 1807 1819 1157 865 1087 2410 610 1945 2132 2155 882 866 64 244 1897 2109 675 2411 489 2169 168 1164 2027 1140 878 1478 1532 355 1753 1928 1314 888 2080 2244 854 1222 840 1402 2196 912
1306 923 1161 1188 2118 1109 871 2367 882 1904 1719 37 1272 1523 2376 1307 379 1006 937 1128 1077 1040 2115 1496 1005 1836 2053 1662 2500 1174 1577 1681 91 1003 1281 1830 1712 637 1910 1771 1855 1340 786 2016 790 2190 1991 2492 1871 1143 1486 661 1491 936 2303 2309 928 1050 0 72 835 1790 1129 836 1058 2382 473 1916 2103 2127 854 563 1061 1195 1868 2081 637 2383 1287 2140 1110 424 1999 1112 1249 952 963 1126 844 1899 786 1358 2058 2215 826 522 600 1392 2168 884
1238 984 1092 1119 2049 1040 803 2298 813 1835 1650 99 1203 1454 2307 1238 310 1014 868 1145 1008 1088 2046 1427 936 1767 1984 1593 2431 1105 1508 1612 97 935 1212 1761 1643 699 1842 1702 1786 1271 847 1947 721 2121 1922 2423 1802 1074 1417 723 1422 867 2234 2240 859 981 72 0 897 1722 1060 768 990 2313 404 1847 2035 2058 785 494 992 1126 1799 2012 568 2314 1219 2071 1041 362 1930 1043 1180 1013 1024 1057 866 1830 802 1289 1990 2147 757 460 531 1323 2099 815
2064 997 1919 1945 2402 1867 1534 2650 1640 2320 2002 816 2029 1807 2659 1637 1150 1134 1360 1196 1265 1074 2480 2253 1528 2119 2337 2399 2799 1931 2314 2172 847 1761 2038 2113 2292 431 2194 2054 2592 2098 860 2621 1521 2473 2274 2776 2608 1911 2243 732 1774 1693 2586 3066 1668 1807 835 897 0 2527 1248 1554 1465 2668 1239 2199 2520 2410 1611 1270 1818 1952 2152 2364 1394 2666 2045 2423 1868 899 2316 1293 2007 1018 954 1883 475 2247 860 2115 2816 2632 1583 843 1280 2150 2451 1622
743 1632 1031 1957 1683 1039 1363 1932 1116 1250 1669 1817 2041 1474 1941 1249 1487 1439 1188 1425 1297 1544 1617 700 1085 1786 1605 446 2002 1527 306 1138 1803 1773 917 1780 1066 2357 1861 1326 144 1044 1772 713 1286 1755 1556 2443 488 1711 1154 2038 1441 1166 2185 704 1178 1819 1790 1722 2527 0 1305 1335 1071 1903 1748 1867 1284 1692 1095 1946 1830 1964 1819 1646 1419 2054 2057 1705 1879 1904 1502 1251 1520 1626 1680 1895 2493 1402 1823 1640 456 1508 1056 1963 1443 1098 1859 1188
1046 327 853 1295 1171 797 523 1420 656 1090 772 1147 1380 576 1429 407 825 160 194 119 67 239 1250 1235 362 889 1106 1176 1568 957 1092 942 1141 1111 968 883 1062 1078 963 824 1370 1079 467 1390 605 1243 1043 1545 1386 1140 1269 790 544 624 1356 1903 516 1157 1129 1060 1248 1305 0 535 234 1438 1086 969 1289 1180 637 1284 1169 1302 921 1133 758 1436 1395 1193 1218 1243 1085 62 1032 321 375 1233 1273 1017 544 1141 1653 1401 599 1302 720 1131 1221 458
852 863 702 1003 1525 646 230 1774 282 1422 1125 864 1087 930 1782 714 533 598 343 651 484 774 1603 1041 405 1242 1460 1207 1922 686 1122 1226 849 819 818 1236 1257 1400 1317 1177 1400 885 1002 1561 171 1596 1397 1899 1416 867 996 1032 897 348 1710 1854 212 865 836 768 1554 1335 535 0 465 1791 794 1323 1622 1533 342 992 876 1010 1275 1487 462 1789 1103 1547 926 950 1439 518 762 856 910 941 1540 1370 879 871 1604 1734 318 1009 437 936 1574 162
933 561 712 1225 1115 656 452 1364 574 1034 716 1086 1309 520 1373 255 755 377 187 354 226 473 1194 1042 173 833 1050 942 1513 886 858 886 1071 1041 827 827 994 1295 908 768 1135 967 701 1297 535 1187 988 1489 1152 1070 1198 1006 488 516 1300 1668 432 1087 1058 990 1465 1071 234 465 0 1382 1016 913 1233 1124 567 1214 1098 1232 865 1078 687 1380 1325 1137 1148 1172 1030 181 962 555 609 1163 1489 961 760 1071 1418 1345 523 1231 711 1019 1165 385
1852 1765 1707 2548 868 1655 1779 1225 1726 839 1572 2409 2633 1376 1196 1425 2079 1580 1452 1557 1429 1677 295 1875 1541 1689 505 1775 252 2137 1690 970 2395 2364 1826 1682 1090 2498 1763 802 1968 1885 1905 1281 1848 408 573 2345 1472 2321 2148 2210 1344 1776 1477 2501 1764 2410 2382 2313 2668 1903 1438 1791 1382 0 2339 1730 768 881 1705 2537 2422 2555 1721 938 2011 1347 2648 878 2471 2496 609 1384 2213 1759 1813 2486 2693 678 1964 2322 2251 665 1666 2555 2034 1938 1189 1715
1264 1213 1118 748 2075 1066 829 2324 839 1861 1676 500 832 1481 2333 1264 351 1137 894 1202 1034 1213 2072 1453 962 1793 2011 1619 2457 1131 1535 1638 484 563 1238 1787 1669 1079 1868 1728 1812 1297 1144 1973 747 2147 1948 2450 1829 713 1443 1080 1448 893 2260 2266 886 610 473 404 1239 1748 1086 794 1016 2339 0 1873 2061 2084 811 288 621 755 1825 2038 540 2340 847 2097 670 595 1956 1069 1207 1217 1281 686 1184 1856 927 1315 2016 2173 783 654 612 1349 2125 841
1815 1296 1569 2083 964 1513 1310 714 1443 1421 426 1943 2167 469 978 956 1613 1111 984 1088 960 1208 1542 1838 1073 244 1398 1738 1860 1744 1654 1273 1929 1898 1685 257 1393 2029 338 1155 1931 1849 1436 1721 1393 1445 1216 1016 1899 1928 2056 1741 523 1412 544 2464 1305 1945 1916 1847 2199 1867 969 1323 913 1730 1873 0 1620 973 1424 2071 1956 2090 51 807 1545 624 2182 986 2005 2030 1417 915 1819 1290 1344 2021 2224 1348 1495 1928 2214 1732 1387 2089 1568 1901 624 1246
1555 1616 1409 2270 1379 1357 1630 1686 1429 303 1423 2131 2354 1228 1695 1252 1800 1432 1304 1409 1281 1528 693 1563 1374 1540 944 1349 847 1840 1299 593 2116 2086 1529 1534 621 2350 1615 1052 1348 1588 1756 618 1600 977 1084 2197 809 2024 1851 2061 1195 1479 1938 1882 1491 2132 2103 2035 2520 1284 1289 1622 1233 768 2061 1620 0 1393 1408 2259 2143 2277 1572 1399 1732 1808 2370 1389 2193 2217 840 1236 1916 1610 1664 2208 2544 756 1815 2024 1631 277 1369 2276 1756 1640 1612 1501
1640 1507 1495 2293 14 1443 1521 452 1514 1246 1286 2154 2378 1105 340 1167 1823 1322 1194 1299 1171 1419 699 1663 1283 1169 556 1563 1010 1926 1479 1098 2139 2109 1615 1163 1218 2240 1244 571 1756 1674 1646 1546 1603 538 309 1808 1724 2110 1936 1952 1086 1565 704 2289 1516 2155 2127 2058 2410 1692 1180 1533 1124 881 2084 973 1393 0 1493 2282 2167 2300 989 183 1756 574 2393 39 2216 2241 630 1126 2001 1501 1555 2231 2435 759 1705 2110 2039 1234 1455 2300 1779 1726 535 1457
611 964 465 953 1485 413 426 1734 61 1208 1227 881 1097 1031 1742 815 551 706 445 753 585 876 1419 800 513 1344 1407 966 1804 471 881 985 867 836 585 1338 1016 1451 1418 1127 1159 644 1104 1320 235 1556 1357 2000 1175 639 732 1101 999 229 1811 1613 240 882 854 785 1611 1095 637 342 567 1705 811 1424 1408 1493 0 1009 894 1027 1376 1447 483 1855 1120 1507 943 968 1303 620 546 958 1012 958 1557 1203 949 655 1363 1520 119 1027 506 665 1659 251
1462 1318 1317 1003 2274 1264 1027 2522 1037 2059 1874 573 1088 1679 2531 1462 497 1243 1092 1378 1232 1317 2270 1651 1160 1991 2209 1817 2655 1329 1733 1836 517 819 1436 1985 1867 1100 2066 1926 2010 1495 1249 2172 945 2345 2146 2648 2027 969 1641 1126 1646 1091 2458 2464 1084 866 563 494 1270 1946 1284 992 1214 2537 288 2071 2259 2282 1009 0 877 1011 2024 2236 792 2538 990 2295 926 479 2154 1267 1405 1321 1386 942 1216 2054 1032 1513 2214 2371 981 618 752 1548 2323 1039
1346 1496 1201 232 2158 1149 911 2407 922 1944 1759 1088 316 1563 2416 1347 753 1234 977 1284 1117 1407 2154 1536 1045 1876 2093 1701 2539 988 1617 1721 1074 334 1321 1869 1751 1658 1950 1810 1895 1380 1542 2056 830 2230 2030 2532 1911 648 1327 1477 1531 976 2343 2341 968 64 1061 992 1818 1830 1169 876 1098 2422 621 1956 2143 2167 894 877 0 257 1908 2120 686 2423 501 2180 180 1175 2039 1152 889 1490 1543 367 1764 1939 1325 900 2091 2255 866 1234 851 1414 2208 923
1480 1629 1335 320 2292 1283 1045 2541 1056 2077 1892 1222 243 1697 2549 1481 886 1368 1110 1418 1251 1541 2288 1669 1178 2009 2227 1835 2673 1083 1751 1854 1207 451 1454 2003 1885 1792 2084 1944 2028 1513 1675 2190 963 2363 2164 2666 2045 782 1422 1611 1664 1109 2477 2438 1102 244 1195 1126 1952 1964 1302 1010 1232 2555 755 2090 2277 2300 1027 1011 257 0 2042 2254 819 2556 412 2313 305 1308 2172 1285 984 1623 1677 386 1898 2073 1458 972 2188 2389 999 1367 985 1508 2341 1057
1767 1248 1521 2035 980 1465 1262 730 1395 1373 378 1895 2119 421 994 908 1565 1064 936 1040 912 1160 1533 1790 1025 196 1389 1690 1852 1696 1606 1225 1881 1851 1637 210 1345 1981 290 1107 1883 1801 1388 1673 1345 1461 1231 969 1851 1880 2008 1693 475 1364 560 2416 1257 1897 1868 1799 2152 1819 921 1275 865 1721 1825 51 1572 989 1376 2024 1908 2042 0 823 1497 640 2134 1002 1957 1982 1369 867 1772 1242 1296 1973 2176 1300 1447 1880 2166 1684 1339 2041 1520 1853 640 1198
1594 1461 1449 2247 174 1397 1474 287 1468 1200 1195 2108 2331 1022 432 1120 1777 1276 1148 1253 1125 1372 750 1617 1237 1004 607 1517 1069 1880 1433 1052 2093 2063 1569 997 1172 2194 1078 525 1710 1628 1600 1500 1557 653 424 1642 1678 2063 1890 1906 1039 1518 539 2243 1469 2109 2081 2012 2364 1646 1133 1487 1078 938 2038 807 1399 183 1447 2236 2120 2254 823 0 1709 408 2347 196 2170 2194 681 1080 1955 1454 1508 2185 2389 810 1659 2064 1993 1285 1408 2253 1733 1680 381 1411
935 1085 790 812 1747 738 497 1996 511 1533 1348 664 897 1152 2005 936 333 823 566 874 706 996 1743 1125 634 1465 1682 1290 2128 785 1206 1310 649 628 910 1459 1340 1234 1539 1400 1484 969 1129 1645 397 1819 1619 2121 1500 543 1097 1065 1120 565 1932 1937 557 675 637 568 1394 1419 758 462 687 2011 540 1545 1732 1756 483 792 686 819 1497 1709 0 2012 912 1769 735 751 1628 741 861 1079 1133 750 1340 1528 912 969 1687 1844 455 809 427 1021 1797 512
2002 1763 1857 2549 565 1805 1777 160 1876 1608 1014 2410 2634 937 424 1422 2079 1578 1450 1555 1427 1674 1159 2025 1539 820 1015 1925 1477 2211 1841 1460 2395 2365 1977 814 1580 2496 895 933 2118 2036 1902 1908 1859 1062 833 1459 2086 2394 2298 2208 989 1878 200 2651 1772 2411 2383 2314 2666 2054 1436 1789 1380 1347 2340 624 1808 574 1855 2538 2423 2556 640 408 2012 0 2649 587 2472 2497 1090 1382 2286 1757 1811 2487 2691 1218 1961 2395 2401 1693 1817 2556 2035 2088 526 1713
1573 1722 1427 637 2384 1375 1138 2633 1148 2170 1985 1314 655 1790 2642 1573 979 1461 1203 1511 1343 1634 2381 1762 1271 2102 2320 1928 2766 1393 1844 1947 1300 413 1547 2096 1978 1885 2177 2037 2121 1606 1768 2282 1056 2456 2257 2759 2138 853 1729 1704 1757 1202 2569 2575 1195 489 1287 1219 2045 2057 1395 1103 1325 2648 847 2182 2370 2393 1120 990 501 412 2134 2347 912 2649 0 2406 323 1367 2265 1378 1294 1716 1770 222 1990 2165 1551 1304 2325 2482 1092 1460 1077 1658 2434 1150
