NAME: zurich_100_17
COMMENT: TSP instance with 100 nodes. City: Zurich, Switzerland, Seed: 59
TYPE: TSP
DIMENSION: 100
EDGE_WEIGHT_TYPE: EXPLICIT
EDGE_WEIGHT_FORMAT: FULL_MATRIX
NODE_COORD_SECTION:
1 47.5126336 8.4729764
2 47.4452599 8.631889
3 47.3137026 8.5493883
4 47.3745114 8.5324488
5 47.3570072 8.3588942
6 47.5375758 8.7843895
7 47.3538704 8.5757391
8 47.491206 8.7310576
9 47.3219042 8.5420087
10 47.4441562 8.3300165
11 47.2546465 8.5927992
12 47.4848584 8.5910563
13 47.199056 8.6775756
14 47.4440537 8.3344653
15 47.298515 8.7641878
16 47.4599893 8.638972
17 47.376282 8.4948347
18 47.4906875 8.7128374
19 47.246274 8.7114986
20 47.4813493 8.4571726
21 47.2768937 8.4524351
22 47.4111376 8.6476171
23 47.3663695 8.5639391
24 47.3525628 8.2776345
25 47.5047811 8.5505328
26 47.3834922 8.7149808
27 47.4093167 8.3969299
28 47.5441763 8.78775
29 47.5398505 8.4833112
30 47.4861618 8.4892725
31 47.3517387 8.4385231
32 47.430203 8.566833
33 47.384878 8.7193583
34 47.5022433 8.7375024
35 47.5197598 8.5165594
36 47.3874405 8.3908491
37 47.354435 8.349129
38 47.3579614 8.5194277
39 47.3869531 8.7503412
40 47.3994464 8.5835135
41 47.4698232 8.3332531
42 47.5039785 8.4981046
43 47.3752778 8.5174442
44 47.2712716 8.581158
45 47.2946556 8.3195507
46 47.2845361 8.6741723
47 47.5317947 8.5775307
48 47.3880246 8.4854292
49 47.4886053 8.3355815
50 47.395 8.6003126
51 47.3396977 8.6659634
52 47.1968047 8.733942
53 47.3050214 8.7659435
54 47.4358358 8.299789
55 47.4028195 8.4501066
56 47.3878382 8.5395321
57 47.5202759 8.5393766
58 47.3715381 8.3806165
59 47.4433346 8.6296652
60 47.347885 8.7154681
61 47.246765 8.7337794
62 47.3577756 8.5544734
63 47.3635136 8.5537186
64 47.3185533 8.4249349
65 47.4087834 8.3154032
66 47.5416444 8.7870193
67 47.3709804 8.514794
68 47.4851536 8.7585653
69 47.2207152 8.2879387
70 47.3102913 8.5412867
71 47.4603662 8.7778015
72 47.2550479 8.5902051
73 47.3648482 8.5676924
74 47.2699692 8.6519951
75 47.4205084 8.5136022
76 47.2328846 8.5897203
77 47.3219551 8.5149161
78 47.2928817 8.6044234
79 47.5374224 8.651812
80 47.3488425 8.2839532
81 47.4029825 8.5410504
82 47.3483772 8.6067753
83 47.3678027 8.4958228
84 47.5177154 8.6450306
85 47.4798303 8.4612409
86 47.4263754 8.5438991
87 47.2477868 8.6060209
88 47.5008656 8.4121115
89 47.5257019 8.4350134
90 47.4122243 8.7221786
91 47.4207318 8.6177529
92 47.319264 8.5517594
93 47.4088963 8.5588373
94 47.425197 8.4066101
95 47.2654876 8.3107389
96 47.5108105 8.7029243
97 47.5145676 8.6862846
98 47.4943651 8.2777186
99 47.5360799 8.7429382
100 47.3531029 8.4632995
EDGE_WEIGHT_SECTION:
0 937 1705 1175 1431 1604 1380 1541 1604 1240 1977 772 2117 1228 1817 1039 1211 1436 2333 301 1701 1100 1274 1892 495 1360 1107 1623 219 361 1261 766 1362 1563 289 1277 1554 1351 1529 1094 1142 170 1248 1876 2101 2002 726 1114 908 1009 1523 2394 1805 1415 1031 1051 391 1292 925 1445 2284 1311 1249 1480 1660 1623 1264 1697 2834 1650 1812 2041 1292 2147 918 2092 1613 1975 1236 1842 1008 1531 1288 1007 273 754 1880 430 314 1370 1045 1636 966 1095 2280 1337 1227 1262 1601 1340
937 0 1377 848 1398 1036 1052 768 1276 1385 1649 432 1789 1373 1167 168 986 662 1683 1035 1656 372 945 1859 660 710 1075 1056 972 1009 1228 452 712 828 737 1244 1521 1024 848 613 1396 777 921 1548 2068 1386 792 1041 1586 546 1038 2067 1155 1589 998 723 712 1259 28 795 1634 984 921 1447 1754 1055 936 930 2801 1322 1038 1713 963 1531 861 1765 1286 1599 949 1809 693 1046 1044 723 1010 551 1552 1254 1248 625 258 1309 555 1063 2247 783 764 1631 1073 1307
1705 1377 0 546 1038 1922 809 1675 189 1421 572 1330 712 1409 1754 1502 695 1570 1921 1538 949 1234 729 1335 1436 1494 1074 1941 1740 1617 678 1100 1496 1735 1504 1109 997 434 1663 1049 1431 1545 552 420 1514 1612 1778 759 1621 1095 1374 990 1785 1560 998 710 1480 1123 1365 1579 1920 680 673 844 1366 1941 558 1838 2135 94 1946 636 743 1587 1059 688 350 1341 1854 1285 874 1032 664 1819 1517 1077 475 1805 2004 1503 1205 129 931 1237 1606 1669 1650 1666 1959 827
1175 848 546 0 932 1393 354 1145 445 1056 818 801 958 1044 1299 972 256 1040 1466 1020 843 704 267 1229 906 964 796 1412 1210 1087 572 571 966 1206 975 921 891 193 1133 520 1066 1016 118 717 1408 1157 1249 320 1256 568 912 1236 1330 1260 570 181 951 936 835 1049 1465 225 217 738 1260 1412 124 1308 2029 492 1416 882 280 1132 523 934 455 886 1325 1179 342 576 246 1289 999 547 721 1287 1483 974 675 486 401 872 1501 1139 1120 1301 1430 614
1431 1398 1038 932 0 2011 1234 1764 937 951 1310 1328 1450 919 2039 1499 973 1658 2345 1179 950 1323 1153 536 1433 1582 542 2030 1593 1282 507 1061 1585 1824 1502 404 199 820 1752 1316 1072 1403 938 1209 847 2036 1776 849 1217 1232 1745 1728 2027 655 622 1084 1478 222 1385 1668 2344 1104 1097 710 567 2030 944 1926 1704 984 2035 1374 1167 2011 1026 1426 1036 1765 1943 486 1120 1456 894 1832 1158 960 1213 1446 1645 1592 1281 1053 1188 778 1150 1757 1738 1262 2048 651
1604 1036 1922 1393 2011 0 1597 572 1821 1998 2194 1101 2334 1987 1709 1005 1531 584 2226 1684 2219 993 1488 2473 1266 1119 1688 86 1592 1700 1841 1185 1086 454 1399 1858 2135 1569 1097 1182 2009 1483 1466 2093 2682 1929 998 1587 2199 1076 1585 2612 1697 2203 1612 1268 1225 1872 1054 1338 2177 1529 1467 2060 2367 86 1482 510 3402 1868 803 2258 1506 2074 1453 2310 1831 2145 632 2422 1238 1592 1589 596 1662 1170 2098 1951 1877 865 960 1854 1188 1676 2861 451 427 2244 335 1921
1380 1052 809 354 1234 1597 0 1350 695 1377 1120 1005 1260 1365 945 1177 586 1245 1145 1231 1145 909 192 1531 1111 977 1118 1616 1415 1292 873 775 979 1410 1179 1243 1193 450 1146 724 1388 1220 448 1019 1709 803 1453 650 1578 651 601 1537 976 1582 891 383 1155 1257 1040 945 1111 170 196 1040 1561 1616 454 1513 2331 791 1600 1184 164 926 734 1235 756 680 1529 1480 543 222 575 1494 1210 752 1023 1498 1687 1167 877 680 606 1194 1802 1344 1325 1623 1634 943
1541 768 1675 1145 1764 572 1350 0 1574 1751 1947 971 2087 1739 1462 736 1284 162 1978 1437 1972 746 1241 2225 1267 872 1441 591 1572 1453 1594 938 839 177 1341 1610 1887 1322 850 935 1762 1382 1219 1846 2434 1682 1008 1339 1952 828 1337 2365 1450 1955 1364 1021 1235 1625 786 1091 1929 1281 1219 1813 2120 591 1234 203 3155 1620 501 2011 1259 1827 1206 2063 1584 1898 642 2175 991 1345 1342 606 1415 923 1850 1704 1853 618 713 1606 940 1429 2613 316 437 1997 537 1674
1604 1276 189 445 937 1821 695 1574 0 1320 680 1230 820 1308 1640 1401 594 1469 1807 1438 848 1133 615 1235 1335 1393 974 1841 1639 1516 577 1000 1395 1635 1404 1008 897 334 1562 948 1330 1444 451 532 1413 1498 1678 658 1521 986 1260 1098 1671 1459 897 609 1379 1023 1264 1478 1806 566 558 743 1265 1840 457 1737 2034 179 1845 744 628 1473 958 796 295 1227 1753 1184 773 917 563 1718 1416 976 583 1705 1903 1402 1104 159 830 1136 1506 1568 1549 1565 1858 726
1240 1385 1421 1056 951 1998 1377 1751 1320 0 1693 1316 1833 64 2027 1487 974 1646 2498 989 1332 1310 1290 1282 1421 1570 471 2018 1403 1146 892 1048 1572 1812 1384 683 1142 1171 1739 1304 356 1212 1014 1592 1725 2180 1764 849 504 1219 1733 2110 2015 561 722 1070 1465 812 1373 1655 2483 1257 1240 1111 806 2017 1035 1914 2465 1366 2022 1757 1303 2164 1013 1808 1416 1917 1930 1332 1105 1600 1051 1820 967 948 1596 991 1440 1580 1268 1436 1176 663 1911 1745 1726 597 2035 972
1977 1649 572 818 1310 2194 1120 1947 680 1693 0 1603 477 1681 2064 1774 967 1842 2232 1811 1221 1506 1040 1608 1708 1766 1347 2214 2012 1889 950 1373 1768 2008 1777 1381 1270 707 1935 1321 1703 1817 824 201 1786 1922 2051 1031 1894 1370 1685 754 2095 1832 1270 982 1752 1396 1637 1851 2230 990 983 1116 1638 2213 831 2110 2407 514 2218 64 1053 1898 1331 309 709 1651 2126 1557 1146 1342 936 2091 1789 1349 140 2078 2276 1775 1477 607 1203 1509 1879 1941 1922 1938 2231 1099
772 432 1330 801 1328 1101 1005 971 1230 1316 1603 0 1742 1304 1442 404 939 837 1959 876 1599 726 900 1790 412 986 1005 1120 807 809 1158 392 988 1001 572 1175 1452 977 1154 720 1326 613 874 1501 1999 1628 448 995 1516 635 1148 2020 1430 1520 929 677 533 1189 457 1071 1910 937 875 1377 1684 1120 890 1112 2732 1276 1349 1667 918 1773 792 1718 1239 1601 733 1739 646 1156 997 504 847 482 1506 1089 1083 936 626 1262 596 993 2178 803 724 1561 1098 1238
2117 1789 712 958 1450 2334 1260 2087 820 1833 477 1742 0 1821 2204 1914 1107 1982 2372 1951 1305 1646 1179 1747 1848 1906 1487 2354 2152 2029 1090 1513 1908 2147 1917 1521 1410 846 2075 1461 1843 1957 964 606 1926 2062 2191 1171 2034 1510 1824 435 2235 1972 1410 1122 1892 1536 1777 1991 2370 1130 1123 1256 1778 2353 970 2250 2540 654 2358 541 1193 2037 1471 515 849 1791 2266 1697 1286 1482 1076 2231 1929 1489 380 2217 2416 1915 1617 747 1343 1649 2019 2081 2062 2078 2371 1239
1228 1373 1409 1044 919 1987 1365 1739 1308 64 1681 1304 1821 0 2015 1475 962 1634 2486 977 1321 1298 1278 1255 1409 1558 439 2006 1391 1134 880 1036 1560 1800 1372 651 1115 1159 1727 1292 344 1200 1002 1580 1713 2168 1752 837 492 1207 1721 2098 2003 549 690 1058 1454 780 1361 1643 2471 1245 1229 1099 783 2006 1023 1902 2453 1354 2010 1745 1291 2152 1001 1797 1405 1905 1918 1305 1093 1588 1039 1808 955 936 1584 979 1428 1568 1257 1424 1164 639 1899 1733 1714 586 2024 960
1817 1167 1754 1299 2039 1709 945 1462 1640 2027 2064 1442 2204 2015 0 1334 1531 1357 687 1712 2089 906 1137 2475 1548 686 1716 1729 1852 1728 1817 1213 673 1523 1616 1886 2137 1395 773 1210 2037 1657 1392 1963 2654 598 1890 1595 2227 1104 633 2482 161 2231 1640 1296 1592 1900 1154 449 509 1115 1140 1984 2395 1728 1399 1533 3275 1735 1313 2128 1108 743 1481 2180 1701 915 1641 2425 1266 797 1520 1606 1690 1198 1967 1979 2128 897 979 1625 1216 1704 2746 1456 1437 2272 1746 1888
1039 168 1502 972 1499 1005 1177 736 1401 1487 1774 404 1914 1475 1334 0 1111 631 1851 1137 1770 540 1071 1961 762 878 1176 1024 1074 1110 1330 563 877 796 838 1346 1623 1148 898 781 1498 879 1046 1673 2170 1554 764 1166 1688 714 1206 2191 1322 1691 1100 848 814 1361 196 963 1802 1108 1046 1549 1856 1024 1061 899 2903 1447 1085 1838 1089 1699 963 1890 1410 1766 921 1911 818 1214 1169 695 1111 653 1677 1356 1350 672 425 1433 723 1164 2349 751 732 1733 1042 1409
1211 986 695 256 973 1531 586 1284 594 974 967 939 1107 962 1531 1111 0 1179 1698 960 992 843 501 1270 1045 1103 679 1550 1349 1073 520 699 1105 1344 1113 840 932 322 1272 658 985 1154 184 866 1479 1389 1387 177 1175 706 1146 1385 1547 1179 447 397 1089 854 974 1188 1697 457 449 774 1301 1550 156 1447 2178 640 1555 1031 515 1364 584 1083 604 1118 1463 1220 433 808 106 1428 938 644 870 1227 1425 1112 814 664 529 790 1643 1278 1259 1220 1568 457
1436 662 1570 1040 1658 584 1245 162 1469 1646 1842 837 1982 1634 1357 631 1179 0 1873 1331 1867 640 1135 2120 1165 766 1335 603 1470 1348 1489 832 733 229 1236 1505 1782 1216 745 829 1657 1276 1114 1741 2329 1576 904 1234 1847 723 1232 2259 1345 1850 1259 916 1131 1520 681 986 1824 1176 1114 1708 2015 603 1129 325 3050 1515 623 1906 1153 1721 1101 1958 1478 1793 538 2070 886 1240 1237 502 1310 818 1745 1598 1747 513 607 1501 835 1323 2508 277 307 1892 520 1568
2333 1683 1921 1466 2345 2226 1145 1978 1807 2498 2232 1959 2372 2486 687 1851 1698 1873 0 2228 2257 1422 1337 2643 2064 1202 2231 2245 2368 2245 1985 1729 1189 2039 2133 2363 2305 1562 1289 1527 2508 2173 1560 2130 2821 480 2407 1762 2698 1412 893 2649 718 2702 2011 1528 2108 2378 1671 944 234 1259 1340 2151 2673 2245 1566 2049 3443 1903 1829 2296 1308 416 1879 2347 1868 734 2158 2592 1688 997 1687 2122 2207 1714 2135 2495 2644 1413 1495 1792 1713 2220 2914 1972 1953 2743 2263 2055
301 1035 1538 1020 1179 1684 1231 1437 1438 989 1811 876 1951 977 1712 1137 960 1331 2228 0 1450 996 1120 1641 599 1255 856 1703 464 207 1010 734 1258 1497 445 1026 1303 1189 1425 989 891 273 1031 1710 1850 1898 869 863 769 905 1418 2228 1700 1189 780 860 534 1041 1023 1341 2179 1163 1101 1229 1434 1703 1039 1599 2583 1484 1708 1875 1134 2043 667 1926 1450 1827 1379 1591 800 1426 1037 1150 29 633 1714 291 490 1265 954 1493 861 844 2029 1430 1370 1123 1721 1089
1701 1656 949 843 950 2219 1145 1972 848 1332 1221 1599 1305 1321 2089 1770 992 1867 2257 1450 0 1531 1064 1247 1704 1791 986 2239 1864 1553 566 1331 1793 2033 1773 1021 887 732 1960 1346 1343 1673 849 1120 822 1947 2047 1056 1533 1395 1710 1639 2120 1470 909 1007 1749 1035 1643 1876 2255 1015 1008 458 1275 2238 855 2135 1438 895 2243 1285 1078 1923 1296 991 917 1676 2151 1197 1171 1367 961 2103 1429 1231 1125 1717 1915 1800 1502 964 1228 1149 909 1966 1947 1578 2256 708
1100 372 1234 704 1323 993 909 746 1133 1310 1506 726 1646 1298 906 540 843 640 1422 996 1531 0 799 1784 831 450 999 1012 1135 1012 1153 496 452 806 900 1169 1446 881 619 493 1321 941 778 1405 1993 1126 1164 898 1511 387 811 1924 894 1514 923 580 876 1184 360 535 1374 840 778 1372 1679 1012 793 908 2714 1179 1017 1570 818 1271 765 1622 1142 1373 925 1734 550 820 901 889 974 482 1409 1262 1411 574 262 1165 499 988 2172 739 720 1556 1030 1232
1274 945 729 267 1153 1488 192 1241 615 1290 1040 900 1179 1278 1137 1071 501 1135 1337 1120 1064 799 0 1451 1005 1040 1030 1507 1309 1186 793 670 1042 1301 1074 1156 1113 370 1209 606 1301 1114 363 938 1629 995 1348 565 1491 514 698 1457 1168 1494 804 286 1049 1170 933 1130 1303 172 137 959 1481 1507 369 1403 2250 710 1512 1104 66 1097 623 1155 676 851 1420 1400 432 414 491 1384 1098 643 943 1387 1582 1069 747 600 495 1099 1722 1234 1215 1536 1525 859
1892 1859 1335 1229 536 2473 1531 2225 1235 1282 1608 1790 1747 1255 2475 1961 1270 2120 2643 1641 1247 1784 1451 0 1895 2044 1078 2492 2055 1744 804 1522 2046 2286 1964 941 422 1118 2213 1732 1275 1864 1235 1506 515 2333 2238 1299 1301 1693 2096 2025 2489 739 1100 1393 1940 758 1847 2129 2641 1402 1394 973 516 2492 1242 2388 1440 1281 2496 1672 1464 2309 1487 1723 1333 2062 2404 50 1557 1753 1191 2294 1620 1422 1511 1788 2106 2054 1743 1350 1614 1314 886 2219 2200 1346 2510 949
495 660 1436 906 1433 1266 1111 1267 1335 1421 1708 412 1848 1409 1548 762 1045 1165 2064 599 1704 831 1005 1895 0 1091 1110 1285 509 531 1264 497 1093 1225 295 1280 1557 1082 1260 825 1420 335 980 1607 2104 1734 389 1100 1289 740 1254 2125 1536 1625 1034 782 173 1295 648 1176 2015 1042 980 1483 1790 1285 995 1384 2837 1381 1543 1772 1023 1879 848 1824 1344 1707 898 1845 752 1262 1103 670 570 587 1611 812 794 1101 776 1367 701 1098 2283 999 889 1644 1263 1343
1360 710 1494 964 1582 1119 977 872 1393 1570 1766 986 1906 1558 686 878 1103 766 1202 1255 1791 450 1040 2044 1091 0 1259 1138 1395 1272 1413 756 45 932 1160 1429 1706 1140 226 753 1581 1200 1037 1665 2253 906 1417 1158 1771 647 746 2183 674 1774 1183 840 1136 1444 698 305 1154 1082 1038 1632 1939 1138 1053 908 2974 1439 688 1830 1007 1051 1025 1881 1402 1200 1051 1994 809 755 1161 1015 1234 742 1669 1522 1671 265 522 1425 759 1247 2432 865 846 1816 1156 1492
1107 1075 1074 796 542 1688 1118 1441 974 471 1347 1005 1487 439 1716 1176 679 1335 2231 856 986 999 1030 1078 1110 1259 0 1707 1270 959 546 738 1262 1501 1179 292 740 857 1429 993 606 1079 750 1245 1371 1902 1453 520 796 909 1422 1764 1704 773 279 810 1155 403 1062 1345 2183 997 981 765 800 1707 759 1603 2119 1020 1712 1411 1044 1904 703 1462 1072 1658 1620 1028 812 1340 734 1509 835 637 1250 1123 1321 1269 958 1090 865 312 1565 1434 1415 841 1725 625
1623 1056 1941 1412 2030 86 1616 591 1841 2018 2214 1120 2354 2006 1729 1024 1550 603 2245 1703 2239 1012 1507 2492 1285 1138 1707 0 1611 1720 1861 1204 1105 473 1418 1877 2154 1588 1117 1201 2028 1503 1485 2113 2701 1948 1017 1606 2219 1095 1604 2631 1717 2222 1631 1288 1245 1891 1074 1357 2196 1548 1486 2080 2386 32 1501 529 3422 1887 822 2278 1525 2093 1472 2329 1850 2164 651 2442 1257 1612 1608 616 1682 1189 2117 1970 1896 884 979 1873 1207 1695 2880 470 447 2263 299 1940
219 972 1740 1210 1593 1592 1415 1572 1639 1403 2012 807 2152 1391 1852 1074 1349 1470 2368 464 1864 1135 1309 2055 509 1395 1270 1611 0 524 1424 801 1398 1551 277 1440 1717 1387 1565 1129 1305 283 1284 1911 2264 2038 715 1276 1124 1045 1558 2430 1840 1602 1194 1086 380 1454 960 1481 2319 1347 1284 1643 1847 1611 1299 1708 2997 1685 1848 2076 1327 2183 1080 2128 1649 2011 1224 2005 1056 1566 1407 996 435 881 1915 647 405 1405 1080 1671 1006 1258 2443 1325 1215 1479 1589 1503
361 1009 1617 1087 1282 1700 1292 1453 1516 1146 1889 809 2029 1134 1728 1110 1073 1348 2245 207 1553 1012 1186 1744 531 1272 959 1720 524 0 1113 682 1274 1514 485 1129 1406 1263 1441 1006 1048 319 1143 1788 1953 1914 901 976 976 921 1434 2306 1717 1346 883 962 566 1144 996 1357 2196 1223 1161 1332 1579 1719 1152 1616 2686 1562 1724 1953 1204 2059 716 2004 1525 1887 1395 1694 903 1442 1150 1167 179 639 1792 499 593 1281 970 1548 868 948 2132 1447 1386 1331 1737 1192
1261 1228 678 572 507 1841 873 1594 577 892 950 1158 1090 880 1817 1330 520 1489 1985 1010 566 1153 793 804 1264 1413 546 1861 1424 1113 0 891 1415 1654 1332 522 466 460 1582 1075 903 1233 574 849 1013 1676 1607 549 1093 1062 1438 1367 1828 1028 469 736 1308 537 1216 1498 1984 744 736 269 834 1860 546 1757 1741 623 1865 1014 806 1651 856 1065 676 1405 1773 754 886 1095 441 1663 988 791 853 1277 1475 1422 1111 693 956 709 1187 1588 1569 1138 1878 187
766 452 1100 571 1061 1185 775 938 1000 1048 1373 392 1513 1036 1213 563 699 832 1729 734 1331 496 670 1522 497 756 738 1204 801 682 891 0 759 998 566 907 1184 747 926 418 1059 606 644 1271 1731 1399 840 754 1249 406 919 1790 1201 1252 661 436 542 922 440 842 1680 707 645 1110 1417 1204 660 1100 2464 1046 1209 1437 683 1544 497 1488 1009 1371 1117 1472 372 927 766 896 712 209 1276 1000 1077 766 431 1032 299 726 1910 931 912 1294 1222 970
1362 712 1496 966 1585 1086 979 839 1395 1572 1768 988 1908 1560 673 877 1105 733 1189 1258 1793 452 1042 2046 1093 45 1262 1105 1398 1274 1415 759 0 899 1162 1431 1708 1143 193 756 1583 1203 1040 1667 2255 893 1384 1160 1773 649 748 2186 661 1776 1185 842 1138 1446 700 292 1141 1084 1040 1634 1941 1105 1055 875 2976 1441 655 1832 1009 1038 1027 1884 1405 1187 1018 1996 812 758 1163 982 1236 744 1671 1525 1674 232 524 1428 762 1250 2434 832 813 1818 1123 1495
1563 828 1735 1206 1824 454 1410 177 1635 1812 2008 1001 2147 1800 1523 796 1344 229 2039 1497 2033 806 1301 2286 1225 932 1501 473 1551 1514 1654 998 899 0 1358 1671 1948 1382 911 995 1822 1426 1279 1906 2495 1742 957 1400 2012 889 1398 2425 1511 2016 1425 1082 1185 1685 846 1151 1990 1342 1280 1873 2180 473 1295 238 3215 1681 537 2072 1319 1887 1266 2123 1644 1958 591 2235 1051 1406 1402 556 1476 983 1911 1764 1837 678 773 1667 1001 1489 2674 266 387 2057 419 1734
289 737 1504 975 1502 1399 1179 1341 1404 1384 1777 572 1917 1372 1616 838 1113 1236 2133 445 1773 900 1074 1964 295 1160 1179 1418 277 485 1332 566 1162 1358 0 1349 1626 1151 1329 894 1286 182 1048 1676 2173 1802 522 1169 1136 809 1322 2194 1604 1584 1103 851 187 1363 724 1245 2084 1111 1049 1552 1802 1418 1064 1494 2906 1450 1612 1841 1092 1947 966 1892 1413 1775 1031 1913 820 1330 1171 802 417 656 1680 659 562 1169 844 1436 770 1167 2352 1132 1022 1491 1396 1412
1277 1244 1109 921 404 1858 1243 1610 1008 683 1381 1175 1521 651 1886 1346 840 1505 2363 1026 1021 1169 1156 941 1280 1429 292 1877 1440 1129 522 907 1431 1671 1349 0 603 891 1598 1163 818 1249 880 1280 1251 2046 1623 695 1008 1079 1592 1799 1874 913 468 935 1325 265 1232 1514 2345 1122 1106 777 858 1877 900 1773 2038 1054 1881 1445 1169 2029 872 1497 1107 1783 1790 890 967 1465 837 1679 1005 807 1284 1293 1491 1439 1128 1124 1035 530 1484 1604 1585 1053 1895 641
1554 1521 997 891 199 2135 1193 1887 897 1142 1270 1452 1410 1115 2137 1623 932 1782 2305 1303 887 1446 1113 422 1557 1706 740 2154 1717 1406 466 1184 1708 1948 1626 603 0 780 1875 1395 1186 1526 897 1168 717 1996 1900 961 1220 1355 1758 1687 2151 658 762 1055 1602 420 1509 1791 2303 1064 1056 605 444 2154 904 2050 1575 943 2158 1334 1126 1971 1149 1385 995 1724 2067 372 1219 1415 853 1956 1282 1084 1173 1570 1768 1716 1405 1013 1276 976 1021 1881 1862 1265 2172 611
1351 1024 434 193 820 1569 450 1322 334 1171 707 977 846 1159 1395 1148 322 1216 1562 1189 732 881 370 1118 1082 1140 857 1588 1387 1263 460 747 1143 1382 1151 891 780 0 1310 696 1182 1192 199 605 1296 1253 1425 406 1372 737 1015 1124 1426 1334 675 357 1127 906 1012 1226 1561 321 314 626 1148 1588 178 1484 1917 380 1593 771 384 1228 706 822 345 982 1501 1067 521 673 242 1465 1167 723 610 1455 1654 1150 852 449 577 988 1389 1315 1296 1417 1606 596
1529 848 1663 1133 1752 1097 1146 850 1562 1739 1935 1154 2075 1727 773 898 1272 745 1289 1425 1960 619 1209 2213 1260 226 1429 1117 1565 1441 1582 926 193 911 1329 1598 1875 1310 0 923 1750 1370 1207 1834 2422 978 1395 1327 1940 816 859 2353 761 1943 1352 1009 1305 1613 851 393 1240 1251 1207 1801 2108 1116 1222 766 3143 1608 545 1999 1176 1123 1194 2051 1572 1273 1029 2163 979 925 1330 994 1403 911 1838 1692 1841 244 691 1595 929 1417 2601 844 825 1985 1134 1662
1094 613 1049 520 1316 1182 724 935 948 1304 1321 720 1461 1292 1210 781 658 829 1527 989 1346 493 606 1732 825 753 993 1201 1129 1006 1075 418 756 995 894 1163 1395 696 923 0 1314 934 593 1220 1911 1185 1168 714 1505 147 705 1739 1198 1508 844 395 869 1177 601 839 1495 656 594 1241 1672 1201 609 1097 2532 995 1206 1385 625 1330 574 1437 958 1265 1114 1682 360 713 716 1078 968 470 1225 1256 1405 763 407 981 285 981 2004 928 909 1549 1219 1083
1142 1396 1431 1066 1072 2009 1388 1762 1330 356 1703 1326 1843 344 2037 1498 985 1657 2508 891 1343 1321 1301 1275 1420 1581 606 2028 1305 1048 903 1059 1583 1822 1286 818 1186 1182 1750 1314 0 1114 1025 1602 1743 2191 1710 860 395 1230 1743 2121 2025 541 796 1080 1375 933 1383 1666 2493 1267 1251 1122 786 2028 1045 1924 2476 1377 2033 1767 1314 2174 1024 1819 1427 1928 1941 1325 1116 1610 1062 1830 870 959 1607 882 1331 1590 1279 1446 1186 646 1922 1755 1736 501 2046 982
170 777 1545 1016 1403 1483 1220 1382 1444 1212 1817 613 1957 1200 1657 879 1154 1276 2173 273 1673 941 1114 1864 335 1200 1079 1503 283 319 1233 606 1203 1426 182 1249 1526 1192 1370 934 1114 0 1089 1716 2073 1843 606 1086 964 850 1363 2235 1645 1412 1003 891 271 1264 765 1286 2124 1152 1089 1452 1657 1502 1104 1544 2806 1490 1653 1881 1132 1988 874 1933 1454 1816 1115 1814 861 1371 1212 887 245 676 1720 487 481 1210 885 1477 811 1067 2252 1217 1107 1319 1480 1312
1248 921 552 118 938 1466 448 1219 451 1014 824 874 964 1002 1392 1046 184 1114 1560 1031 849 778 363 1235 980 1037 750 1485 1284 1143 574 644 1040 1279 1048 880 897 199 1207 593 1025 1089 0 723 1413 1251 1322 248 1215 641 1008 1242 1423 1218 518 277 1024 894 909 1123 1559 319 311 744 1266 1485 62 1381 2035 497 1490 888 376 1226 548 940 460 980 1398 1185 397 670 183 1362 1010 604 727 1298 1496 1047 749 521 474 831 1506 1212 1193 1260 1503 551
1876 1548 420 717 1209 2093 1019 1846 532 1592 201 1501 606 1580 1963 1673 866 1741 2130 1710 1120 1405 938 1506 1607 1665 1245 2113 1911 1788 849 1271 1667 1906 1676 1280 1168 605 1834 1220 1602 1716 723 0 1685 1821 1950 930 1793 1268 1583 883 1994 1731 1169 881 1651 1295 1536 1750 2129 889 882 1015 1537 2112 729 2009 2306 403 2117 265 952 1796 1230 439 598 1550 2025 1456 1045 1241 835 1990 1688 1248 239 1976 2175 1674 1376 451 1102 1408 1778 1840 1821 1837 2130 998
2101 2068 1514 1408 847 2682 1709 2434 1413 1725 1786 1999 1926 1713 2654 2170 1479 2329 2821 1850 822 1993 1629 515 2104 2253 1371 2701 2264 1953 1013 1731 2255 2495 2173 1251 717 1296 2422 1911 1743 2073 1413 1685 0 2512 2447 1508 1817 1902 2274 2203 2680 1255 1309 1572 2149 1068 2056 2338 2820 1580 1572 806 1031 2701 1420 2597 925 1459 2705 1850 1642 2487 1696 1723 1512 2241 2613 496 1735 1931 1400 2503 1829 1631 1689 2117 2315 2263 1952 1529 1792 1549 371 2428 2409 1861 2719 1158
2002 1386 1612 1157 2036 1929 803 1682 1498 2180 1922 1628 2062 2168 598 1554 1389 1576 480 1898 1947 1126 995 2333 1734 906 1902 1948 2038 1914 1676 1399 893 1742 1802 2046 1996 1253 978 1185 2191 1843 1251 1821 2512 0 2076 1453 2381 1070 551 2340 629 2384 1694 1186 1778 2060 1374 603 450 973 998 1842 2364 1948 1257 1738 3133 1593 1518 1986 966 145 1537 2038 1559 436 1861 2283 1346 655 1378 1825 1876 1384 1826 2165 2314 1116 1198 1483 1371 1890 2605 1675 1656 2426 1966 1746
726 792 1778 1249 1776 998 1453 1008 1678 1764 2051 448 2191 1752 1890 764 1387 904 2407 869 2047 1164 1348 2238 389 1417 1453 1017 715 901 1607 840 1384 957 522 1623 1900 1425 1395 1168 1710 606 1322 1950 2447 2076 0 1443 1560 1083 1596 2468 1879 1968 1377 1125 348 1637 820 1519 2358 1385 1323 1826 2132 1017 1338 1117 3180 1724 1415 2115 1366 2221 1236 2166 1687 2049 607 2188 1094 1604 1446 402 841 930 1954 1083 1000 1163 1050 1710 1044 1441 2626 731 621 1915 973 1686
1114 1041 759 320 849 1587 650 1339 658 849 1031 995 1171 837 1595 1166 177 1234 1762 863 1056 898 565 1299 1100 1158 520 1606 1276 976 549 754 1160 1400 1169 695 961 406 1327 714 860 1086 248 930 1508 1453 1443 0 1050 762 1210 1449 1603 1054 288 444 1145 710 1029 1243 1761 521 513 803 1218 1605 257 1502 2241 704 1610 1095 579 1428 596 1147 668 1182 1518 1249 488 873 232 1483 841 690 934 1130 1328 1168 869 728 585 643 1687 1333 1314 1095 1624 486
908 1586 1621 1256 1217 2199 1578 1952 1521 504 1894 1516 2034 492 2227 1688 1175 1847 2698 769 1533 1511 1491 1301 1289 1771 796 2219 1124 976 1093 1249 1773 2012 1136 1008 1220 1372 1940 1505 395 964 1215 1793 1817 2381 1560 1050 0 1420 1933 2311 2215 568 986 1270 1225 1124 1574 1856 2684 1457 1441 1312 813 2218 1236 2115 2666 1567 2223 1958 1504 2364 1214 2009 1617 2118 2069 1352 1306 1800 1252 1841 797 1149 1797 499 948 1780 1469 1637 1377 864 2112 1946 1927 502 2236 1172
1009 546 1095 568 1232 1076 651 828 986 1219 1370 635 1510 1207 1104 714 706 723 1412 905 1395 387 514 1693 740 647 909 1095 1045 921 1062 406 649 889 809 1079 1355 737 816 147 1230 850 641 1268 1902 1070 1083 762 1420 0 590 1787 1092 1424 832 444 785 1093 534 732 1381 631 581 1263 1588 1094 657 991 2580 1043 1099 1434 522 1215 622 1485 1006 1151 1007 1643 408 598 764 972 883 391 1273 1172 1321 657 315 993 333 897 2052 822 803 1465 1113 1127
1523 1038 1374 912 1745 1585 601 1337 1260 1733 1685 1148 1824 1721 633 1206 1146 1232 893 1418 1710 811 698 2096 1254 746 1422 1604 1558 1434 1438 919 748 1398 1322 1592 1758 1015 859 705 1743 1363 1008 1583 2274 551 1596 1210 1933 590 0 2102 650 1937 1346 925 1298 1606 1026 484 861 749 773 1604 2101 1603 1014 1500 2895 1356 1376 1749 665 696 1178 1800 1321 664 1516 2045 960 380 1136 1481 1396 904 1588 1685 1834 953 797 1245 892 1410 2367 1331 1312 1978 1621 1504
2394 2067 990 1236 1728 2612 1537 2365 1098 2110 754 2020 435 2098 2482 2191 1385 2259 2649 2228 1639 1924 1457 2025 2125 2183 1764 2631 2430 2306 1367 1790 2186 2425 2194 1799 1687 1124 2353 1739 2121 2235 1242 883 2203 2340 2468 1449 2311 1787 2102 0 2513 2250 1687 1400 2170 1813 2055 2269 2648 1408 1400 1534 2056 2631 1248 2527 2825 932 2636 818 1470 2315 1749 845 1127 2069 2544 1975 1564 1759 1354 2508 2207 1766 657 2495 2693 2193 1895 1025 1620 1927 2296 2358 2339 2356 2649 1517
1805 1155 1785 1330 2027 1697 976 1450 1671 2015 2095 1430 2235 2003 161 1322 1547 1345 718 1700 2120 894 1168 2489 1536 674 1704 1717 1840 1717 1828 1201 661 1511 1604 1874 2151 1426 761 1198 2025 1645 1423 1994 2680 629 1879 1603 2215 1092 650 2513 0 2219 1628 1285 1580 1888 1142 438 668 1146 1171 2015 2383 1716 1430 1521 3306 1766 1301 2159 1139 774 1469 2211 1732 946 1629 2438 1254 828 1551 1594 1679 1186 1998 1967 2116 885 967 1656 1204 1692 2777 1444 1425 2260 1734 1919
1415 1589 1560 1260 655 2203 1582 1955 1459 561 1832 1520 1972 549 2231 1691 1179 1850 2702 1189 1470 1514 1494 739 1625 1774 773 2222 1602 1346 1028 1252 1776 2016 1584 913 658 1334 1943 1508 541 1412 1218 1731 1255 2384 1968 1054 568 1424 1937 2250 2219 0 989 1274 1670 747 1577 1859 2687 1461 1445 1209 251 2222 1239 2118 2148 1506 2226 1896 1508 2368 1217 1948 1558 2122 2135 789 1309 1804 1255 2024 1167 1152 1736 1055 1503 1784 1473 1575 1380 867 1594 1949 1930 613 2240 1140
1031 998 998 570 622 1612 891 1364 897 722 1270 929 1410 690 1640 1100 447 1259 2011 780 909 923 804 1100 1034 1183 279 1631 1194 883 469 661 1185 1425 1103 468 762 675 1352 844 796 1003 518 1169 1309 1694 1377 288 986 832 1346 1687 1628 989 0 583 1079 483 986 1268 2002 770 754 688 1051 1631 527 1527 2042 943 1635 1334 817 1677 626 1385 937 1431 1544 1050 619 1113 502 1433 759 561 1173 1047 1245 1193 882 997 715 398 1488 1358 1339 1031 1649 520
1051 723 710 181 1084 1268 383 1021 609 1070 982 677 1122 1058 1296 848 397 916 1528 860 1007 580 286 1393 782 840 810 1288 1086 962 736 436 842 1082 851 935 1055 357 1009 395 1080 891 277 881 1572 1186 1125 444 1270 444 925 1400 1285 1274 583 0 826 950 711 925 1494 315 252 902 1424 1287 293 1184 2193 656 1292 1046 301 1225 363 1098 619 979 1200 1343 172 605 414 1165 839 408 885 1127 1326 849 551 642 266 860 1664 1015 996 1315 1305 782
391 712 1480 951 1478 1225 1155 1235 1379 1465 1752 533 1892 1454 1592 814 1089 1131 2108 534 1749 876 1049 1940 173 1136 1155 1245 380 566 1308 542 1138 1185 187 1325 1602 1127 1305 869 1375 271 1024 1651 2149 1778 348 1145 1225 785 1298 2170 1580 1670 1079 826 0 1339 700 1221 2060 1087 1025 1527 1834 1244 1040 1344 2882 1426 1588 1816 1067 1923 941 1868 1389 1751 857 1889 796 1306 1147 629 506 632 1656 748 665 1145 820 1412 746 1143 2328 959 849 1580 1222 1388
1292 1259 1123 936 222 1872 1257 1625 1023 812 1396 1189 1536 780 1900 1361 854 1520 2378 1041 1035 1184 1170 758 1295 1444 403 1891 1454 1144 537 922 1446 1685 1363 265 420 906 1613 1177 933 1264 894 1295 1068 2060 1637 710 1124 1093 1606 1813 1888 747 483 950 1339 0 1247 1529 2359 1137 1121 791 692 1891 915 1788 1855 1069 1896 1460 1183 2044 887 1511 1121 1797 1804 708 981 1480 852 1694 1019 822 1299 1308 1506 1453 1142 1139 1049 639 1301 1619 1599 1168 1909 656
925 28 1365 835 1385 1054 1040 786 1264 1373 1637 457 1777 1361 1154 196 974 681 1671 1023 1643 360 933 1847 648 698 1062 1074 960 996 1216 440 700 846 724 1232 1509 1012 851 601 1383 765 909 1536 2056 1374 820 1029 1574 534 1026 2055 1142 1577 986 711 700 1247 0 783 1622 971 909 1435 1742 1073 924 948 2789 1310 1056 1701 951 1519 849 1753 1273 1586 978 1797 681 1034 1032 752 997 539 1540 1242 1236 638 245 1296 543 1050 2235 801 782 1618 1091 1295
1445 795 1579 1049 1668 1338 945 1091 1478 1655 1851 1071 1991 1643 449 963 1188 986 944 1341 1876 535 1130 2129 1176 305 1345 1357 1481 1357 1498 842 292 1151 1245 1514 1791 1226 393 839 1666 1286 1123 1750 2338 603 1519 1243 1856 732 484 2269 438 1859 1268 925 1221 1529 783 0 896 1115 1122 1717 2024 1357 1138 1153 3059 1524 933 1915 1096 748 1110 1967 1488 898 1270 2079 895 798 1246 1235 1319 827 1754 1608 1757 516 607 1511 845 1333 2517 1085 1065 1901 1375 1578
2284 1634 1920 1465 2344 2177 1111 1929 1806 2483 2230 1910 2370 2471 509 1802 1697 1824 234 2179 2255 1374 1303 2641 2015 1154 2183 2196 2319 2196 1984 1680 1141 1990 2084 2345 2303 1561 1240 1495 2493 2124 1559 2129 2820 450 2358 1761 2684 1381 861 2648 668 2687 2002 1494 2060 2359 1622 896 0 1281 1306 2150 2672 2196 1565 2000 3441 1901 1780 2294 1274 584 1845 2346 1867 885 2109 2591 1654 963 1686 2073 2158 1666 2133 2446 2595 1364 1446 1791 1679 2171 2912 1923 1904 2728 2214 2054
1311 984 680 225 1104 1529 170 1281 566 1257 990 937 1130 1245 1115 1108 457 1176 1259 1163 1015 840 172 1402 1042 1082 997 1548 1347 1223 744 707 1084 1342 1111 1122 1064 321 1251 656 1267 1152 319 889 1580 973 1385 521 1457 631 749 1408 1146 1461 770 315 1087 1137 971 1115 1281 0 94 910 1432 1548 325 1444 2201 661 1553 1054 152 925 666 1106 627 679 1461 1351 475 392 446 1425 1142 683 894 1430 1619 1110 811 551 537 1073 1673 1275 1256 1502 1566 814
1249 921 673 217 1097 1467 196 1219 558 1240 983 875 1123 1229 1140 1046 449 1114 1340 1101 1008 778 137 1394 980 1038 981 1486 1284 1161 736 645 1040 1280 1049 1106 1056 314 1207 594 1251 1089 311 882 1572 998 1323 513 1441 581 773 1400 1171 1445 754 252 1025 1121 909 1122 1306 94 0 903 1424 1486 318 1382 2194 654 1490 1047 151 1019 604 1098 619 773 1398 1344 412 418 438 1363 1079 621 886 1368 1557 1048 749 544 475 1057 1665 1213 1194 1486 1504 806
1480 1447 844 738 710 2060 1040 1813 743 1111 1116 1377 1256 1099 1984 1549 774 1708 2151 1229 458 1372 959 973 1483 1632 765 2080 1643 1332 269 1110 1634 1873 1552 777 605 626 1801 1241 1122 1452 744 1015 806 1842 1826 803 1312 1263 1604 1534 2015 1209 688 902 1527 791 1435 1717 2150 910 903 0 995 2079 750 1976 1539 790 2084 1180 973 1817 1075 1232 842 1571 1992 922 1066 1262 695 1882 1207 1010 1019 1496 1694 1641 1330 859 1123 928 985 1807 1788 1357 2097 442
1660 1754 1366 1260 567 2367 1561 2120 1265 806 1638 1684 1778 783 2395 1856 1301 2015 2673 1434 1275 1679 1481 516 1790 1939 800 2386 1847 1579 834 1417 1941 2180 1802 858 444 1148 2108 1672 786 1657 1266 1537 1031 2364 2132 1218 813 1588 2101 2056 2383 251 1051 1424 1834 692 1742 2024 2672 1432 1424 995 0 2386 1272 2283 1924 1311 2391 1702 1495 2339 1382 1754 1364 2093 2299 566 1474 1783 1222 2189 1412 1317 1541 1300 1748 1948 1637 1381 1544 1019 1370 2114 2094 858 2404 979
1623 1055 1941 1412 2030 86 1616 591 1840 2017 2213 1120 2353 2006 1728 1024 1550 603 2245 1703 2238 1012 1507 2492 1285 1138 1707 32 1611 1719 1860 1204 1105 473 1418 1877 2154 1588 1116 1201 2028 1502 1485 2112 2701 1948 1017 1605 2218 1094 1603 2631 1716 2222 1631 1287 1244 1891 1073 1357 2196 1548 1486 2079 2386 0 1501 529 3421 1887 822 2277 1525 2093 1472 2329 1850 2164 651 2441 1257 1611 1608 615 1681 1189 2117 1970 1896 884 979 1873 1207 1695 2880 470 446 2263 304 1940
1264 936 558 124 944 1482 454 1234 457 1035 831 890 970 1023 1399 1061 156 1129 1566 1039 855 793 369 1242 995 1053 759 1501 1299 1152 546 660 1055 1295 1064 900 904 178 1222 609 1045 1104 62 729 1420 1257 1338 257 1236 657 1014 1248 1430 1239 527 293 1040 915 924 1138 1565 325 318 750 1272 1501 0 1397 2041 504 1505 895 383 1232 563 946 467 986 1414 1191 412 677 121 1378 1018 617 734 1306 1505 1063 764 527 490 851 1513 1228 1209 1280 1519 490
1697 930 1838 1308 1926 510 1513 203 1737 1914 2110 1112 2250 1902 1533 899 1447 325 2049 1599 2135 908 1403 2388 1384 908 1603 529 1708 1616 1757 1100 875 238 1494 1773 2050 1484 766 1097 1924 1544 1381 2009 2597 1738 1117 1502 2115 991 1500 2527 1521 2118 1527 1184 1344 1788 948 1153 2000 1444 1382 1976 2283 529 1397 0 3318 1783 298 2174 1421 1883 1369 2225 1746 2033 750 2338 1153 1508 1505 715 1578 1086 2013 1866 1989 726 875 1769 1103 1591 2776 425 546 2159 475 1836
2834 2801 2135 2029 1704 3402 2331 3155 2034 2465 2407 2732 2540 2453 3275 2903 2178 3050 3443 2583 1438 2714 2250 1440 2837 2974 2119 3422 2997 2686 1741 2464 2976 3215 2906 2038 1575 1917 3143 2532 2476 2806 2035 2306 925 3133 3180 2241 2666 2580 2895 2825 3306 2148 2042 2193 2882 1855 2789 3059 3441 2201 2194 1539 1924 3421 2041 3318 0 2081 3426 2471 2264 3108 2429 2229 2133 2862 3334 1421 2357 2553 2133 3236 2562 2364 2311 2850 3048 2983 2672 2150 2414 2282 723 3149 3130 2711 3439 1891
1650 1322 94 492 984 1868 791 1620 179 1366 514 1276 654 1354 1735 1447 640 1515 1903 1484 895 1179 710 1281 1381 1439 1020 1887 1685 1562 623 1046 1441 1681 1450 1054 943 380 1608 995 1377 1490 497 403 1459 1593 1724 704 1567 1043 1356 932 1766 1506 943 656 1426 1069 1310 1524 1901 661 654 790 1311 1887 504 1783 2081 0 1891 578 724 1568 1004 630 260 1322 1800 1230 819 1013 610 1764 1462 1022 417 1751 1949 1449 1150 183 876 1183 1552 1614 1595 1612 1905 772
1812 1038 1946 1416 2035 803 1600 501 1845 2022 2218 1349 2358 2010 1313 1085 1555 623 1829 1708 2243 1017 1512 2496 1543 688 1712 822 1848 1724 1865 1209 655 537 1612 1881 2158 1593 545 1206 2033 1653 1490 2117 2705 1518 1415 1610 2223 1099 1376 2636 1301 2226 1635 1292 1588 1896 1056 933 1780 1553 1490 2084 2391 822 1505 298 3426 1891 0 2282 1530 1663 1477 2334 1855 1813 1049 2446 1262 1385 1613 1013 1686 1194 2121 1975 2124 506 984 1878 1212 1700 2884 724 844 2268 768 1945
2041 1713 636 882 1374 2258 1184 2011 744 1757 64 1667 541 1745 2128 1838 1031 1906 2296 1875 1285 1570 1104 1672 1772 1830 1411 2278 2076 1953 1014 1437 1832 2072 1841 1445 1334 771 1999 1385 1767 1881 888 265 1850 1986 2115 1095 1958 1434 1749 818 2159 1896 1334 1046 1816 1460 1701 1915 2294 1054 1047 1180 1702 2277 895 2174 2471 578 2282 0 1117 1962 1395 373 773 1715 2190 1621 1210 1406 1000 2155 1853 1413 204 2142 2340 1839 1541 671 1267 1573 1943 2005 1986 2002 2295 1163
1292 963 743 280 1167 1506 164 1259 628 1303 1053 918 1193 1291 1108 1089 515 1153 1308 1134 1078 818 66 1464 1023 1007 1044 1525 1327 1204 806 683 1009 1319 1092 1169 1126 384 1176 625 1314 1132 376 952 1642 966 1366 579 1504 522 665 1470 1139 1508 817 301 1067 1183 951 1096 1274 152 151 973 1495 1525 383 1421 2264 724 1530 1117 0 1077 637 1169 690 831 1438 1414 446 386 504 1402 1113 657 956 1401 1596 1087 755 614 509 1117 1735 1252 1233 1549 1543 872
2147 1531 1587 1132 2011 2074 926 1827 1473 2164 1898 1773 2037 2152 743 1699 1364 1721 416 2043 1923 1271 1097 2309 1879 1051 1904 2093 2183 2059 1651 1544 1038 1887 1947 2029 1971 1228 1123 1330 2174 1988 1226 1796 2487 145 2221 1428 2364 1215 696 2315 774 2368 1677 1225 1923 2044 1519 748 584 925 1019 1817 2339 2093 1232 1883 3108 1568 1663 1962 1077 0 1576 2013 1534 400 2006 2258 1385 789 1353 1970 2021 1529 1801 2310 2459 1261 1343 1458 1448 1980 2580 1820 1801 2409 2111 1721
918 861 1059 523 1026 1453 734 1206 958 1013 1331 792 1471 1001 1481 963 584 1101 1879 667 1296 765 623 1487 848 1025 703 1472 1080 716 856 497 1027 1266 966 872 1149 706 1194 574 1024 874 548 1230 1696 1537 1236 596 1214 622 1178 1749 1469 1217 626 363 941 887 849 1110 1845 666 604 1075 1382 1472 563 1369 2429 1004 1477 1395 637 1576 0 1447 967 1330 1385 1437 303 956 651 1296 645 310 1234 933 1132 1034 736 996 391 691 1875 1200 1181 1259 1490 935
2092 1765 688 934 1426 2310 1235 2063 796 1808 309 1718 515 1797 2180 1890 1083 1958 2347 1926 991 1622 1155 1723 1824 1881 1462 2329 2128 2004 1065 1488 1884 2123 1892 1497 1385 822 2051 1437 1819 1933 940 439 1723 2038 2166 1147 2009 1485 1800 845 2211 1948 1385 1098 1868 1511 1753 1967 2346 1106 1098 1232 1754 2329 946 2225 2229 630 2334 373 1169 2013 1447 0 822 1767 2242 1673 1262 1457 1052 2206 1905 1465 276 2193 2391 1891 1593 723 1319 1625 1811 2056 2037 2054 2347 1215
1613 1286 350 455 1036 1831 756 1584 295 1416 709 1239 849 1405 1701 1410 604 1478 1868 1450 917 1142 676 1333 1344 1402 1072 1850 1649 1525 676 1009 1405 1644 1413 1107 995 345 1572 958 1427 1454 460 598 1512 1559 1687 668 1617 1006 1321 1127 1732 1558 937 619 1389 1121 1273 1488 1867 627 619 842 1364 1850 467 1746 2133 260 1855 773 690 1534 967 822 0 1288 1763 1283 783 978 575 1727 1429 985 613 1717 1916 1412 1113 366 839 1233 1604 1577 1558 1662 1868 825
1975 1599 1341 886 1765 2145 680 1898 1227 1917 1651 1601 1791 1905 915 1766 1118 1793 734 1827 1676 1373 851 2062 1707 1200 1658 2164 2011 1887 1405 1371 1187 1958 1775 1783 1724 982 1273 1265 1928 1816 980 1550 2241 436 2049 1182 2118 1151 664 2069 946 2122 1431 979 1751 1797 1586 898 885 679 773 1571 2093 2164 986 2033 2862 1322 1813 1715 831 400 1330 1767 1288 0 2077 2012 1139 660 1107 2041 1806 1348 1554 2094 2283 1411 1358 1212 1202 1734 2333 1891 1872 2163 2182 1475
1236 949 1854 1325 1943 632 1529 642 1753 1930 2126 733 2266 1918 1641 921 1463 538 2158 1379 2151 925 1420 2404 898 1051 1620 651 1224 1395 1773 1117 1018 591 1031 1790 2067 1501 1029 1114 1941 1115 1398 2025 2613 1861 607 1518 2069 1007 1516 2544 1629 2135 1544 1200 857 1804 978 1270 2109 1461 1398 1992 2299 651 1414 750 3334 1800 1049 2190 1438 2006 1385 2242 1763 2077 0 2354 1170 1524 1521 228 1350 1102 2029 1592 1509 797 892 1786 1120 1608 2793 365 255 2176 514 1853
