NAME: zurich_100_28
COMMENT: TSP instance with 100 nodes. City: Zurich, Switzerland, Seed: 70
TYPE: TSP
DIMENSION: 100
EDGE_WEIGHT_TYPE: EXPLICIT
EDGE_WEIGHT_FORMAT: FULL_MATRIX
NODE_COORD_SECTION:
1 47.3722717 8.5117835
2 47.5487953 8.7164985
3 47.3098634 8.7244047
4 47.2747726 8.6345922
5 47.454223 8.2857637
6 47.264627 8.6798885
7 47.4050935 8.5652359
8 47.2005769 8.5142202
9 47.4480415 8.581878
10 47.3017846 8.3088377
11 47.3500047 8.5278745
12 47.3986007 8.776337
13 47.4929814 8.7323178
14 47.4141214 8.6217662
15 47.3960035 8.5268138
16 47.4267572 8.4705312
17 47.514766 8.3689082
18 47.4218308 8.2779346
19 47.5433446 8.3789044
20 47.5080071 8.5471098
21 47.5197598 8.5165594
22 47.3860675 8.5353075
23 47.3433613 8.7307099
24 47.2314628 8.6342462
25 47.3524107 8.3549605
26 47.3820007 8.595593
27 47.4007076 8.5486492
28 47.4280249 8.5751667
29 47.3727118 8.5382919
30 47.5360811 8.7298172
31 47.2875381 8.3631109
32 47.3241875 8.5250337
33 47.3553463 8.6004816
34 47.3494262 8.2845221
35 47.202203 8.685262
36 47.4227311 8.6838768
37 47.295719 8.5544958
38 47.2780049 8.3450735
39 47.3633738 8.5334452
40 47.2641626 8.4161562
41 47.2951782 8.6872167
42 47.3886115 8.3478594
43 47.5238486 8.5543284
44 47.5029205 8.793644
45 47.2262121 8.6741846
46 47.4004065 8.5898336
47 47.3629611 8.3533301
48 47.2607251 8.4242026
49 47.4364405 8.2923551
50 47.2093325 8.6138026
51 47.5047915 8.7821014
52 47.2455398 8.6223802
53 47.4448275 8.4091048
54 47.2680532 8.4851113
55 47.3803201 8.496483
56 47.4428824 8.4121553
57 47.2386755 8.2760773
58 47.4656314 8.4983814
59 47.4193137 8.591197
60 47.2162755 8.5738842
61 47.4050814 8.7201053
62 47.2818616 8.3754105
63 47.3084216 8.5546404
64 47.4159083 8.5381392
65 47.4086761 8.7361602
66 47.245101 8.46099
67 47.5119403 8.5617192
68 47.4614006 8.4242445
69 47.2053952 8.6223573
70 47.450301 8.5267676
71 47.4241648 8.506499
72 47.3405767 8.528194
73 47.4102126 8.3195064
74 47.4732143 8.7989681
75 47.4540106 8.5357226
76 47.3605213 8.5228065
77 47.4286496 8.6759139
78 47.4058248 8.5519533
79 47.2675769 8.6630633
80 47.3142667 8.5287239
81 47.3928838 8.383695
82 47.3764465 8.5236573
83 47.3797449 8.5269246
84 47.484063 8.6956414
85 47.4027775 8.2799006
86 47.2882476 8.7322899
87 47.4903641 8.7403298
88 47.2889523 8.712566
89 47.2291814 8.6710088
90 47.3582776 8.5269953
91 47.4256462 8.3123849
92 47.5252209 8.6676755
93 47.4947243 8.4960624
94 47.4971914 8.4975376
95 47.3871591 8.2906752
96 47.4356529 8.3595115
97 47.2761181 8.6411969
98 47.3877298 8.4823823
99 47.2581851 8.5871135
100 47.4809515 8.4545037
EDGE_WEIGHT_SECTION:
0 1491 1308 1203 1142 1472 485 1375 734 1512 336 1484 1300 763 315 640 1536 1498 1744 1010 1100 289 1198 786 938 623 390 685 222 1447 1214 409 715 1242 942 1064 550 1266 192 974 1191 1208 1192 1651 1067 662 947 927 1261 963 1572 891 983 1082 172 1016 1885 977 745 1110 1172 1072 561 469 1180 1001 1161 1055 982 869 653 432 1332 1673 804 174 1026 448 1425 460 969 141 187 1269 1471 1207 1332 1197 1022 240 1329 1349 1174 1171 1325 982 1285 282 928 1042
1491 0 1612 2124 2052 2151 1126 2671 1196 2675 1647 1236 532 896 1269 1393 2085 2431 2312 1177 1274 1219 1335 2082 2101 1159 1128 1160 1387 231 2439 1705 1503 2405 2238 816 1846 2538 1450 2270 1795 2206 1093 718 2363 1107 2033 2223 2171 2259 700 2187 1700 2378 1505 1734 3178 1461 1101 2406 912 2368 1857 1258 920 2297 1010 1664 2278 1345 1359 1713 2314 998 1268 1499 873 1107 2127 1756 1885 1384 1337 679 2567 1750 585 1766 2318 1546 2239 380 1421 1392 2489 1892 2089 1578 2224 1643
1308 1612 0 688 2036 627 1109 2435 1179 2572 1321 926 1420 871 1252 1377 2158 2414 2385 1456 1545 1180 314 1847 1998 1035 1112 1144 1165 1568 2275 1469 812 2302 2002 941 1610 2326 1124 2035 359 2190 1638 1734 2127 991 2007 1988 2155 2023 1693 1952 1684 2143 1399 1717 2945 1445 1076 2171 741 2132 1595 1242 836 2061 1607 1648 2042 1329 1343 1387 2297 1366 1252 1228 1034 1090 617 1520 1868 1229 1236 1390 2531 206 1453 179 2083 1235 2223 1470 1621 1617 2386 1876 653 1479 1989 1635
1203 2124 688 0 2173 365 1337 2330 1585 2467 1216 1432 1933 1381 1304 1687 2520 2497 2747 1861 1951 1145 848 1741 1893 1253 1248 1540 1060 2080 2169 1364 903 2197 1897 1454 1505 2221 1018 1929 454 2163 2043 2240 2022 1311 1902 1883 2292 1918 2205 1846 1994 2037 1294 2027 2840 1851 1506 2066 1254 2027 1490 1398 1348 1956 2012 2010 1937 1735 1583 1282 2287 1872 1657 1122 1547 1316 318 1415 2015 1124 1155 1902 2426 587 1966 566 1977 1130 2360 1983 2026 2023 2281 2013 135 1374 1884 1996
1142 2052 2036 2173 0 2442 1225 1890 1204 1455 1327 2045 1861 1304 1071 983 744 479 952 1480 1459 1114 1759 1687 926 1413 1158 1175 1192 2008 1418 1310 1675 1018 1843 1625 1451 1516 1197 1490 2153 655 1662 2212 1968 1349 895 1443 219 1864 2133 1792 756 1598 1019 778 2169 1166 1344 2012 1733 1503 1462 1156 1741 1517 1631 794 1883 1230 949 1362 443 2234 1153 1208 1587 1196 2395 1361 896 1073 1081 1830 729 2163 1893 2159 1923 1274 310 1910 1269 1298 743 629 2256 946 1830 1056
1472 2151 627 365 2442 0 1533 2599 1685 2737 1485 1458 1959 1410 1571 1882 2663 2766 2890 1961 2051 1412 874 2011 2162 1355 1514 1637 1329 2106 2439 1633 1040 2466 2166 1480 1774 2490 1288 2199 437 2432 2143 2266 2291 1383 2172 2152 2561 2188 2232 2116 2189 2307 1563 2223 3110 1950 1578 2335 1280 2296 1759 1665 1375 2226 2112 2153 2206 1834 1845 1551 2557 1898 1757 1392 1573 1570 162 1684 2284 1393 1424 1929 2695 449 1992 471 2247 1400 2630 2009 2126 2122 2550 2283 341 1643 2153 2140
485 1126 1109 1337 1225 1533 0 1665 369 1803 642 1119 934 344 263 566 1347 1604 1574 645 735 213 833 1077 1228 405 121 315 382 1081 1505 699 750 1533 1232 699 840 1556 445 1265 1177 1379 827 1286 1358 215 1206 1218 1344 1254 1207 1182 873 1373 499 907 2176 634 303 1401 807 1363 851 243 815 1292 796 837 1273 518 492 708 1487 1308 441 494 661 92 1509 751 1058 378 331 904 1740 1219 967 1209 1313 541 1412 984 810 806 1616 1065 1419 572 1219 824
1375 2671 2435 2330 1890 2599 1665 0 1885 1414 1279 2664 2479 1943 1573 1664 2285 1994 2492 2161 2251 1471 2378 817 1380 1754 1586 1854 1363 2626 1047 1168 1847 1684 991 2244 1079 1098 1312 752 2318 1650 2343 2830 1083 1841 1389 705 1971 594 2752 927 1796 632 1470 1818 1608 1847 1924 373 2352 905 1142 1726 2359 446 2312 1935 660 1911 1630 1254 1775 2853 1834 1218 2206 1645 2552 1065 1555 1360 1399 2449 1913 2334 2512 2324 1053 1251 1900 2529 2106 2132 1768 1731 2412 1550 1015 1922
734 1196 1179 1585 1204 1685 369 1885 0 1827 890 1189 1004 416 512 545 1285 1583 1512 428 518 461 903 1325 1253 557 371 184 630 1151 1591 947 902 1557 1481 633 1089 1690 693 1485 1329 1358 610 1356 1606 491 1185 1438 1323 1502 1277 1430 852 1593 748 886 2342 535 366 1649 877 1582 1100 387 885 1512 571 816 1521 419 511 956 1466 1378 341 742 595 350 1661 999 1037 626 580 905 1719 1318 1037 1333 1561 789 1391 960 621 592 1640 1044 1609 821 1467 803
1512 2675 2572 2467 1455 2737 1803 1414 1827 0 1417 2669 2484 1927 1691 1606 2072 1146 2279 2103 2193 1608 2382 1751 748 1892 1724 1798 1501 2631 473 1374 1984 487 1907 2248 1515 331 1450 828 2455 1132 2285 2835 2032 1961 779 835 1263 1799 2756 1856 1738 1123 1501 1760 843 1789 1967 1578 2357 523 1526 1779 2364 1041 2255 1877 1865 1853 1573 1426 1040 2857 1776 1355 2211 1782 2690 1425 1208 1497 1536 2453 967 2471 2517 2462 1987 1388 1166 2534 2049 2074 779 1673 2550 1541 1894 1864
336 1647 1321 1216 1327 1485 642 1279 890 1417 0 1640 1456 919 563 899 1722 1456 1929 1166 1256 450 1354 660 842 641 561 847 321 1603 1119 267 733 1146 816 1220 424 1170 200 879 1204 1112 1348 1807 941 818 852 832 1433 837 1728 765 1224 978 446 1251 1790 1156 901 985 1328 976 431 706 1336 906 1317 1313 856 1040 890 146 1237 1829 962 162 1182 621 1438 319 1017 343 381 1425 1375 1220 1488 1210 897 117 1363 1505 1331 1328 1230 1167 1299 541 803 1300
1484 1236 926 1432 2045 1458 1119 2664 1189 2669 1640 0 946 880 1262 1386 2168 2424 2395 1465 1555 1212 649 2076 2094 1152 1121 1154 1380 1192 2433 1698 1236 2398 2231 688 1839 2531 1443 2264 1103 2200 1647 1046 2356 1100 2026 2217 2164 2253 1037 2181 1693 2372 1498 1727 3172 1455 1085 2400 412 2361 1850 1252 317 2291 1617 1657 2271 1339 1353 1706 2307 678 1261 1493 767 1100 1435 1749 1878 1377 1330 1004 2560 1072 946 1077 2312 1540 2233 1095 1631 1627 2482 1886 1397 1571 2218 1644
1300 532 1420 1933 1861 1959 934 2479 1004 2484 1456 946 0 705 1077 1202 1983 2239 2210 1275 1360 1027 1144 1891 1909 968 937 969 1196 409 2248 1513 1312 2214 2046 624 1655 2346 1259 2079 1604 2015 1203 435 2172 916 1842 2032 1980 2068 356 1996 1509 2187 1313 1542 2987 1270 910 2215 721 2177 1666 1067 728 2106 1120 1473 2087 1154 1168 1522 2122 529 1077 1308 682 915 1936 1565 1693 1192 1146 466 2376 1559 79 1574 2127 1355 2048 516 1446 1442 2297 1701 1898 1387 2033 1460
763 896 871 1381 1304 1410 344 1943 416 1927 919 880 705 0 541 645 1426 1682 1653 724 813 491 594 1355 1352 377 400 358 659 852 1691 977 676 1657 1510 418 1118 1789 723 1543 1054 1458 906 1056 1636 316 1285 1496 1423 1532 978 1460 952 1651 777 985 2430 713 285 1679 578 1640 1129 502 585 1570 875 916 1550 597 611 985 1565 1078 520 772 381 379 1386 1028 1136 656 609 674 1818 1009 738 1025 1591 819 1491 755 889 885 1740 1144 1348 850 1497 903
315 1269 1252 1304 1071 1571 263 1573 512 1691 563 1262 1077 541 0 459 1350 1450 1577 788 878 179 976 985 1117 548 169 457 342 1224 1413 607 741 1421 1140 842 748 1464 382 1173 1228 1232 970 1429 1266 439 1059 1126 1190 1162 1350 1090 795 1281 324 829 2084 757 522 1309 950 1271 759 241 958 1200 939 839 1181 646 425 631 1333 1451 582 402 804 220 1527 659 913 267 248 1047 1586 1244 1110 1234 1221 465 1259 1127 952 949 1505 912 1387 392 1127 826
640 1393 1377 1687 983 1882 566 1664 545 1606 899 1386 1202 645 459 0 925 1356 1152 808 803 564 1100 1321 1031 754 508 516 726 1349 1370 943 1098 1336 1476 966 1084 1468 726 1263 1526 1102 1003 1553 1601 690 964 1217 1102 1498 1474 1426 342 1371 516 376 2121 337 685 1645 1074 1361 1095 438 1082 1290 927 415 1516 459 245 967 1219 1575 494 738 928 516 1858 994 701 645 620 1171 1472 1515 1234 1530 1557 803 1157 1251 596 622 1419 708 1769 471 1463 401
1536 2085 2158 2520 744 2663 1347 2285 1285 2072 1722 2168 1983 1426 1350 925 0 1096 249 1040 909 1404 1881 2082 1543 1536 1341 1294 1571 2097 1991 1704 1880 1635 2238 1747 1846 2090 1591 1885 2307 1272 1129 2334 2363 1472 1512 1838 837 2259 2255 2187 1085 1993 1413 1107 2743 877 1467 2406 1856 1983 1857 1271 1863 1912 1168 889 2278 1101 1064 1757 1060 2356 1098 1603 1710 1328 2640 1756 1291 1468 1476 1952 1346 2296 2016 2312 2318 1668 927 1808 718 747 1360 970 2588 1341 2224 533
1498 2431 2414 2497 479 2766 1604 1994 1583 1146 1456 2424 2239 1682 1450 1356 1096 0 1304 1859 1838 1493 2138 1791 732 1792 1536 1554 1519 2386 1109 1414 2009 709 1947 2004 1555 1207 1490 1521 2485 560 2041 2591 2072 1728 757 1528 276 1968 2512 1896 1135 1679 1397 1157 1860 1544 1723 2115 2112 1233 1566 1535 2120 1621 2010 1172 1987 1609 1328 1466 347 2613 1531 1395 1966 1575 2720 1465 954 1452 1460 2209 420 2495 2272 2491 2027 1428 306 2289 1647 1676 434 960 2580 1325 1934 1435
1744 2312 2385 2747 952 2890 1574 2492 1512 2279 1929 2395 2210 1653 1577 1152 249 1304 0 1267 1136 1631 2108 2289 1751 1763 1568 1521 1791 2324 2199 1912 2107 1842 2445 1974 2053 2297 1799 2092 2534 1480 1356 2561 2570 1698 1719 2045 1044 2466 2482 2394 1292 2200 1621 1314 2950 1103 1693 2614 2083 2190 2064 1498 2090 2119 1395 1116 2485 1328 1291 1964 1267 2583 1325 1810 1937 1555 2867 1963 1498 1675 1683 2179 1553 2523 2243 2539 2525 1876 1134 2035 945 974 1568 1177 2815 1548 2432 760
1010 1177 1456 1861 1480 1961 645 2161 428 2103 1166 1465 1275 724 788 808 1040 1859 1267 0 273 738 1179 1601 1529 834 647 461 906 1189 1867 1224 1178 1833 1757 1010 1365 1966 969 1761 1605 1634 243 1522 1882 767 1461 1714 1599 1778 1539 1706 1116 1869 1024 1149 2619 477 658 1926 1153 1859 1376 668 1161 1788 166 908 1797 527 785 1232 1742 1654 451 1018 972 626 1937 1275 1313 903 856 1093 1995 1594 1314 1609 1838 1065 1667 899 376 347 1917 1320 1886 1097 1744 599
1100 1274 1545 1951 1459 2051 735 2251 518 2193 1256 1555 1360 813 878 803 909 1838 1136 273 0 827 1269 1691 1618 923 737 550 996 1286 1957 1313 1268 1923 1847 1100 1455 2055 1059 1851 1695 1724 326 1619 1972 857 1551 1804 1579 1868 1626 1796 1004 1958 1114 1038 2708 576 747 2015 1243 1948 1466 758 1251 1877 356 776 1887 686 877 1322 1775 1744 610 1108 1062 716 2027 1365 1402 992 946 1242 2045 1684 1403 1699 1927 1155 1669 996 252 223 2003 1327 1975 1187 1833 467
289 1219 1180 1145 1114 1412 213 1471 461 1608 450 1212 1027 491 179 564 1404 1493 1631 738 827 0 926 882 1034 475 138 419 190 1174 1310 505 583 1338 1038 792 646 1362 253 1070 1069 1275 920 1378 1163 389 1043 1023 1233 1059 1300 987 878 1178 361 912 1981 727 472 1206 900 1168 657 282 907 1097 889 894 1078 611 467 516 1376 1401 534 299 754 193 1368 556 956 176 130 997 1567 1085 1060 1075 1118 349 1301 1077 903 899 1421 954 1228 420 1024 881
1198 1335 314 848 1759 874 833 2378 903 2382 1354 649 1144 594 976 1100 1881 2138 2108 1179 1269 926 0 1789 1808 866 835 867 1094 1291 2146 1412 959 2112 1945 664 1553 2245 1157 1977 518 1913 1361 1457 2070 814 1740 1931 1878 1966 1416 1894 1407 2085 1212 1441 2885 1168 799 2114 464 2075 1564 965 559 2004 1330 1371 1985 1052 1066 1420 2021 1089 975 1206 757 814 850 1463 1592 1091 1044 1113 2274 452 1177 469 2025 1253 1946 1194 1344 1341 2196 1599 813 1285 1932 1358
786 2082 1847 1741 1687 2011 1077 817 1325 1751 660 2076 1891 1355 985 1321 2082 1791 2289 1601 1691 882 1789 0 1177 1166 998 1282 775 2038 1453 509 1259 1481 187 1655 437 1505 724 1213 1729 1447 1784 2242 283 1253 1186 1167 1768 278 2163 112 1593 1038 882 1615 2124 1591 1336 447 1764 1311 448 1138 1771 1054 1753 1732 257 1475 1323 560 1572 2264 1397 629 1618 1056 1964 521 1352 772 810 1860 1710 1746 1924 1736 238 663 1697 1941 1767 1763 1565 1528 1824 962 357 1719
938 2101 1998 1893 926 2162 1228 1380 1253 748 842 2094 1909 1352 1117 1031 1543 732 1751 1529 1618 1034 1808 1177 0 1317 1149 1224 926 2056 634 799 1410 430 1332 1674 940 732 875 879 1881 496 1711 2261 1458 1387 143 886 755 1354 2182 1282 1164 1037 926 1186 1385 1214 1393 1501 1782 758 951 1205 1790 1006 1680 1303 1372 1279 998 852 512 2283 1201 781 1636 1208 2115 851 572 923 962 1879 659 1897 1942 1887 1413 814 638 1959 1474 1500 514 1071 1975 966 1319 1289
623 1159 1035 1253 1413 1355 405 1754 557 1892 641 1152 968 377 548 754 1536 1792 1763 834 923 475 866 1166 1317 0 463 510 476 1115 1594 788 384 1622 1321 732 930 1646 443 1354 1000 1568 1016 1319 1447 256 1327 1307 1533 1343 1240 1271 1062 1462 713 1095 2265 823 451 1490 840 1452 914 602 848 1381 985 1026 1362 707 721 707 1675 1341 630 547 694 456 1332 840 1246 544 534 937 1850 1016 1000 1006 1402 555 1601 1017 999 995 1705 1254 1251 794 1308 1013
390 1128 1112 1248 1158 1514 121 1586 371 1724 561 1121 937 400 169 508 1341 1536 1568 647 737 138 835 998 1149 463 0 310 303 1084 1426 620 663 1454 1154 701 762 1478 362 1186 1171 1318 829 1288 1279 297 1125 1139 1277 1175 1209 1103 815 1294 405 849 2097 636 377 1322 809 1284 773 204 817 1213 798 831 1194 515 404 627 1419 1310 443 415 663 73 1470 672 999 296 249 906 1659 1187 969 1177 1234 462 1345 986 812 808 1537 998 1330 478 1140 818
685 1160 1144 1540 1175 1637 315 1854 184 1798 847 1154 969 358 457 516 1294 1554 1521 461 550 419 867 1282 1224 510 310 0 587 1116 1562 905 854 1528 1438 733 1046 1661 650 1453 1281 1329 643 1320 1563 324 1156 1407 1294 1459 1241 1387 823 1561 693 857 2313 501 208 1607 842 1551 1057 260 849 1480 612 787 1478 386 482 913 1437 1342 308 699 696 281 1614 956 1008 584 537 938 1690 1282 1002 1298 1518 746 1362 1019 654 625 1611 1015 1562 767 1425 774
222 1387 1165 1060 1192 1329 382 1363 630 1501 321 1380 1196 659 342 726 1571 1519 1791 906 996 190 1094 775 926 476 303 587 0 1343 1203 397 568 1231 930 960 539 1255 129 963 1048 1196 1088 1547 1056 558 936 916 1311 952 1468 880 1045 1071 312 1078 1874 896 641 1099 1068 1061 550 449 1076 990 1057 1060 971 780 634 387 1321 1569 702 191 922 361 1283 449 1034 143 170 1165 1459 1064 1229 1054 1011 221 1379 1245 1071 1068 1314 1032 1143 393 917 1047
1447 231 1568 2080 2008 2106 1081 2626 1151 2631 1603 1192 409 852 1224 1349 2097 2386 2324 1189 1286 1174 1291 2038 2056 1115 1084 1116 1343 0 2395 1660 1459 2361 2193 771 1802 2493 1406 2226 1751 2162 1106 550 2319 1063 1989 2179 2127 2215 472 2143 1656 2334 1460 1690 3134 1417 1057 2362 868 2324 1813 1214 875 2253 1023 1620 2234 1301 1315 1669 2269 853 1224 1455 829 1063 2083 1712 1840 1339 1293 635 2523 1706 461 1721 2274 1502 2195 351 1433 1404 2444 1848 2045 1534 2180 1607
1214 2439 2275 2169 1418 2439 1505 1047 1591 473 1119 2433 2248 1691 1413 1370 1991 1109 2199 1867 1957 1310 2146 1453 634 1594 1426 1562 1203 2395 0 1076 1687 713 1609 2012 1217 182 1152 460 2157 1016 2050 2599 1734 1681 707 467 1226 1431 2520 1558 1502 755 1265 1524 814 1553 1717 1210 2121 155 1228 1543 2128 673 2019 1641 1497 1617 1337 1128 1004 2621 1540 1057 1975 1484 2392 1127 1067 1200 1238 2217 930 2174 2281 2164 1690 1091 1129 2298 1813 1838 785 1437 2252 1305 1596 1628
409 1705 1469 1364 1310 1633 699 1168 947 1374 267 1698 1513 977 607 943 1704 1414 1912 1224 1313 505 1412 509 799 788 620 905 397 1660 1076 0 881 1104 664 1278 272 1127 346 836 1352 1069 1406 1864 790 875 809 789 1390 686 1786 614 1215 805 504 1237 1747 1213 958 833 1386 934 283 760 1393 863 1375 1354 704 1097 945 161 1194 1887 1020 252 1240 679 1586 103 974 394 433 1483 1332 1368 1546 1358 745 285 1320 1563 1389 1385 1187 1150 1446 584 651 1341
715 1503 812 903 1675 1040 750 1847 902 1984 733 1236 1312 676 741 1098 1880 2009 2107 1178 1268 583 959 1259 1410 384 663 854 568 1459 1687 881 0 1714 1414 955 1022 1738 536 1447 695 1680 1360 1663 1539 601 1420 1400 1794 1435 1585 1364 1405 1555 806 1439 2357 1168 796 1583 963 1544 1007 823 1058 1474 1330 1370 1454 1052 1008 799 1805 1602 974 640 1037 734 1016 932 1516 636 632 1281 1943 711 1345 702 1495 647 1862 1362 1343 1340 1798 1515 901 886 1401 1357
1242 2405 2302 2197 1018 2466 1533 1684 1557 487 1146 2398 2214 1657 1421 1336 1635 709 1842 1833 1923 1338 2112 1481 430 1622 1454 1528 1231 2361 713 1104 1714 0 1637 1978 1245 721 1180 1142 2185 800 2015 2565 1762 1691 447 1149 826 1658 2486 1586 1468 1378 1231 1490 1233 1519 1697 1805 2086 836 1256 1509 2094 1311 1984 1607 1677 1583 1303 1156 604 2587 1506 1085 1940 1512 2419 1155 876 1227 1266 2183 530 2201 2247 2191 1717 1118 729 2263 1778 1804 342 1324 2280 1271 1623 1594
942 2238 2002 1897 1843 2166 1232 991 1481 1907 816 2231 2046 1510 1140 1476 2238 1947 2445 1757 1847 1038 1945 187 1332 1321 1154 1438 930 2193 1609 664 1414 1637 0 1811 592 1660 879 1369 1885 1602 1939 2398 224 1408 1342 1322 1923 438 2319 291 1748 1212 1037 1770 2280 1746 1491 621 1919 1467 603 1293 1927 1228 1908 1887 418 1630 1478 715 1727 2420 1553 785 1773 1212 2119 677 1507 927 966 2016 1865 1901 2079 1891 258 818 1853 2096 1922 1918 1720 1683 1979 1117 513 1874
1064 816 941 1454 1625 1480 699 2244 633 2248 1220 688 624 418 842 966 1747 2004 1974 1010 1100 792 664 1655 1674 732 701 733 960 771 2012 1278 955 1978 1811 0 1419 2111 1023 1843 1124 1779 1192 976 1936 680 1606 1797 1744 1832 897 1760 1273 1951 1078 1307 2751 1034 597 1980 288 1941 1430 831 371 1870 1137 1237 1851 918 932 1286 1887 899 841 1072 93 680 1456 1329 1458 957 910 594 2140 1079 657 1095 1891 1119 1812 674 1189 1174 2062 1465 1419 1151 1798 1224
550 1846 1610 1505 1451 1774 840 1079 1089 1515 424 1839 1655 1118 748 1084 1846 1555 2053 1365 1455 646 1553 437 940 930 762 1046 539 1802 1217 272 1022 1245 592 1419 0 1269 487 977 1493 1210 1547 2006 718 1017 950 930 1531 614 1927 542 1356 814 645 1378 1888 1354 1100 708 1527 1075 187 902 1535 1004 1516 1495 633 1238 1086 323 1335 2028 1161 393 1381 820 1727 275 1115 535 574 1624 1473 1509 1687 1499 673 426 1461 1704 1530 1526 1328 1291 1588 726 524 1482
1266 2538 2326 2221 1516 2490 1556 1098 1690 331 1170 2531 2346 1789 1464 1468 2090 1207 2297 1966 2055 1362 2245 1505 732 1646 1478 1661 1255 2493 182 1127 1738 721 1660 2111 1269 0 1204 512 2209 1115 2148 2698 1786 1733 805 519 1324 1483 2619 1610 1601 807 1358 1623 673 1651 1793 1262 2219 207 1280 1618 2226 725 2117 1740 1549 1716 1435 1180 1102 2720 1638 1109 2073 1536 2443 1179 1166 1251 1290 2316 1028 2225 2379 2215 1741 1142 1228 2396 1911 1937 883 1535 2304 1403 1647 1726
192 1450 1124 1018 1197 1288 445 1312 693 1450 200 1443 1259 723 382 726 1591 1490 1799 969 1059 253 1157 724 875 443 362 650 129 1406 1152 346 536 1180 879 1023 487 1204 0 912 1006 1145 1151 1610 1005 621 885 865 1316 901 1531 829 1068 1020 287 1102 1823 959 704 1048 1131 1010 480 512 1139 939 1121 1123 920 843 697 266 1270 1632 765 105 986 424 1241 398 1029 151 190 1228 1408 1023 1292 1013 960 114 1366 1309 1135 1131 1263 1037 1101 367 866 1110
974 2270 2035 1929 1490 2199 1265 752 1485 828 879 2264 2079 1543 1173 1263 1885 1521 2092 1761 1851 1070 1977 1213 879 1354 1186 1453 963 2226 460 836 1447 1142 1369 1843 977 512 912 0 1917 1249 1943 2430 1494 1441 958 118 1527 1136 2351 1319 1396 515 1070 1418 1013 1446 1524 915 1952 318 988 1326 1959 379 1912 1535 1202 1511 1230 888 1301 2452 1433 817 1806 1244 2152 887 1155 960 998 2048 1359 1934 2112 1924 1450 851 1427 2129 1706 1732 1214 1330 2012 1150 1356 1521
1191 1795 359 454 2153 437 1177 2318 1329 2455 1204 1103 1604 1054 1228 1526 2307 2485 2534 1605 1695 1069 518 1729 1881 1000 1171 1281 1048 1751 2157 1352 695 2185 1885 1124 1493 2209 1006 1917 0 2151 1787 1911 2010 1027 1890 1871 2272 1906 1876 1834 1833 2025 1282 1867 2828 1595 1223 2054 924 2015 1478 1322 1019 1944 1756 1797 1925 1479 1492 1270 2276 1543 1401 1110 1217 1222 427 1403 1994 1112 1119 1573 2414 258 1636 222 1966 1118 2340 1653 1770 1767 2269 1993 419 1362 1872 1784
1208 2206 2190 2163 655 2432 1379 1650 1358 1132 1112 2200 2015 1458 1232 1102 1272 560 1480 1634 1724 1275 1913 1447 496 1568 1318 1329 1196 2162 1016 1069 1680 800 1602 1779 1210 1115 1145 1249 2151 0 1817 2366 1728 1504 353 1203 506 1624 2287 1552 1087 1357 1179 1109 1768 1320 1499 1771 1888 1140 1221 1310 1895 1276 1786 1233 1643 1384 1104 1122 355 2388 1307 1051 1742 1353 2385 1121 507 1193 1232 1984 607 2167 2048 2157 1683 1084 367 2065 1580 1605 621 745 2245 1070 1589 1395
1192 1093 1638 2043 1662 2143 827 2343 610 2285 1348 1647 1203 906 970 1003 1129 2041 1356 243 326 920 1361 1784 1711 1016 829 643 1088 1106 2050 1406 1360 2015 1939 1192 1547 2148 1151 1943 1787 1817 0 1438 2064 950 1643 1896 1781 1960 1456 1889 1224 2051 1206 1258 2801 701 840 2108 1335 2041 1558 850 1343 1970 239 997 1979 751 970 1414 1924 1687 675 1201 1154 808 2120 1457 1495 1085 1038 1073 2177 1776 1259 1792 2020 1248 1850 816 465 436 2099 1502 2068 1279 1926 687
1651 718 1734 2240 2212 2266 1286 2830 1356 2835 1807 1046 435 1056 1429 1553 2334 2591 2561 1522 1619 1378 1457 2242 2261 1319 1288 1320 1547 550 2599 1864 1663 2565 2398 976 2006 2698 1610 2430 1911 2366 1438 0 2523 1267 2193 2383 2331 2419 79 2347 1860 2538 1665 1894 3338 1621 1261 2566 1008 2528 2017 1418 927 2457 1356 1824 2438 1505 1519 1873 2474 368 1428 1659 1033 1267 2243 1916 2045 1544 1497 817 2727 1880 444 1885 2478 1706 2399 752 1766 1737 2648 2052 2205 1738 2384 1811
1067 2363 2127 2022 1968 2291 1358 1083 1606 2032 941 2356 2172 1636 1266 1601 2363 2072 2570 1882 1972 1163 2070 283 1458 1447 1279 1563 1056 2319 1734 790 1539 1762 224 1936 718 1786 1005 1494 2010 1728 2064 2523 0 1534 1467 1448 2049 515 2444 393 1874 1304 1163 1896 2405 1872 1617 713 2044 1592 729 1419 2052 1320 2034 2013 495 1756 1603 840 1852 2545 1678 910 1898 1337 2245 802 1633 1052 1091 2141 1991 2026 2205 2016 57 943 1978 2222 2048 2044 1846 1809 2105 1243 624 2000
662 1107 991 1311 1349 1383 215 1841 491 1961 818 1100 916 316 439 690 1472 1728 1698 767 857 389 814 1253 1387 256 297 324 558 1063 1681 875 601 1691 1408 680 1017 1733 621 1441 1027 1504 950 1267 1534 0 1330 1394 1468 1430 1188 1358 997 1549 675 1031 2352 759 312 1577 788 1539 1028 412 796 1468 919 961 1449 643 657 884 1611 1289 565 670 642 268 1360 927 1182 554 508 885 1864 1069 948 1059 1489 717 1536 965 933 929 1774 1189 1308 749 1395 948
947 2033 2007 1902 895 2172 1206 1389 1185 779 852 2026 1842 1285 1059 964 1512 757 1719 1461 1551 1043 1740 1186 143 1327 1125 1156 936 1989 707 809 1420 447 1342 1606 950 805 885 958 1890 353 1643 2193 1467 1330 0 942 746 1363 2114 1291 1093 1097 936 1115 1458 1147 1325 1511 1714 831 961 1137 1722 1016 1612 1235 1382 1211 930 861 537 2215 1134 790 1568 1180 2125 860 429 933 971 1811 676 1907 1874 1897 1423 823 606 1891 1406 1432 530 929 1985 897 1329 1222
927 2223 1988 1883 1443 2152 1218 705 1438 835 832 2217 2032 1496 1126 1217 1838 1528 2045 1714 1804 1023 1931 1167 886 1307 1139 1407 916 2179 467 789 1400 1149 1322 1797 930 519 865 118 1871 1203 1896 2383 1448 1394 942 0 1507 1089 2305 1272 1349 468 1023 1371 1056 1400 1477 868 1905 325 941 1279 1912 332 1865 1488 1155 1464 1183 841 1308 2406 1387 771 1759 1198 2105 841 1108 913 952 2002 1366 1887 2065 1877 1403 804 1434 2082 1659 1685 1221 1284 1965 1103 1309 1475
1261 2171 2155 2292 219 2561 1344 1971 1323 1263 1433 2164 1980 1423 1190 1102 837 276 1044 1599 1579 1233 1878 1768 755 1533 1277 1294 1311 2127 1226 1390 1794 826 1923 1744 1531 1324 1316 1527 2272 506 1781 2331 2049 1468 746 1507 0 1945 2252 1873 875 1664 1138 897 1977 1285 1463 2092 1852 1350 1542 1275 1860 1597 1750 913 1964 1349 1068 1443 294 2353 1272 1327 1706 1315 2514 1442 900 1192 1200 1949 537 2282 2013 2278 2004 1393 161 2029 1388 1417 551 748 2375 1065 1910 1175
963 2259 2023 1918 1864 2188 1254 594 1502 1799 837 2253 2068 1532 1162 1498 2259 1968 2466 1778 1868 1059 1966 278 1354 1343 1175 1459 952 2215 1431 686 1435 1658 438 1832 614 1483 901 1136 1906 1624 1960 2419 515 1430 1363 1089 1945 0 2340 387 1770 814 1059 1792 1992 1768 1513 224 1940 1289 625 1315 1948 830 1930 1909 66 1652 1499 736 1748 2441 1574 806 1795 1233 2141 698 1529 948 987 2037 1887 1922 2101 1913 508 839 1874 2118 1944 1940 1742 1705 2001 1139 528 1896
1572 700 1693 2205 2133 2232 1207 2752 1277 2756 1728 1037 356 978 1350 1474 2255 2512 2482 1539 1626 1300 1416 2163 2182 1240 1209 1241 1468 472 2520 1786 1585 2486 2319 897 1927 2619 1531 2351 1876 2287 1456 79 2444 1188 2114 2305 2252 2340 0 2268 1781 2459 1586 1815 3259 1542 1183 2488 993 2449 1938 1339 919 2378 1373 1745 2359 1426 1440 1794 2395 440 1349 1580 954 1188 2208 1837 1966 1465 1418 739 2648 1831 365 1847 2399 1627 2320 769 1718 1714 2570 1973 2171 1659 2306 1732
891 2187 1952 1846 1792 2116 1182 927 1430 1856 765 2181 1996 1460 1090 1426 2187 1896 2394 1706 1796 987 1894 112 1282 1271 1103 1387 880 2143 1558 614 1364 1586 291 1760 542 1610 829 1319 1834 1552 1889 2347 393 1358 1291 1272 1873 387 2268 0 1698 1147 987 1720 2229 1696 1441 557 1869 1416 553 1243 1876 1163 1858 1837 367 1580 1428 665 1677 2369 1502 734 1723 1161 2069 626 1457 877 915 1965 1815 1851 2029 1841 348 768 1802 2046 1872 1868 1670 1633 1929 1067 327 1824
983 1700 1684 1994 756 2189 873 1796 852 1738 1224 1693 1509 952 795 342 1085 1135 1292 1116 1004 878 1407 1593 1164 1062 815 823 1045 1656 1502 1215 1405 1468 1748 1273 1356 1601 1068 1396 1833 1087 1224 1860 1874 997 1093 1349 875 1770 1781 1698 0 1503 859 47 2253 644 992 1917 1381 1493 1367 745 1389 1422 1234 434 1789 767 552 1268 1075 1882 801 1080 1235 823 2166 1267 786 974 963 1478 1344 1822 1542 1838 1829 1145 965 1559 813 842 1358 388 2076 813 1735 602
1082 2378 2143 2037 1598 2307 1373 632 1593 1123 978 2372 2187 1651 1281 1371 1993 1679 2200 1869 1958 1178 2085 1038 1037 1462 1294 1561 1071 2334 755 805 1555 1378 1212 1951 814 807 1020 515 2025 1357 2051 2538 1304 1549 1097 468 1664 814 2459 1147 1503 0 1061 1526 1426 1554 1632 593 2060 613 869 1434 2067 432 2020 1643 880 1619 1338 915 1460 2560 1541 925 1914 1352 2260 702 1263 1068 1106 2156 1606 2042 2220 2032 1274 959 1586 2237 1814 1840 1461 1438 2120 1101 1146 1629
172 1505 1399 1294 1019 1563 499 1470 748 1501 446 1498 1313 777 324 516 1413 1397 1621 1024 1114 361 1212 882 926 713 405 693 312 1460 1265 504 806 1231 1037 1078 645 1358 287 1070 1282 1179 1206 1665 1163 675 936 1023 1138 1059 1586 987 859 1061 0 892 1981 853 758 1206 1186 1168 656 477 1194 1097 1175 931 1077 882 661 528 1280 1687 818 285 1040 456 1516 556 845 228 259 1283 1459 1298 1346 1288 1118 350 1206 1363 1113 1138 1314 859 1376 153 1024 918
1016 1734 1717 2027 778 2223 907 1818 886 1760 1251 1727 1542 985 829 376 1107 1157 1314 1149 1038 912 1441 1615 1186 1095 849 857 1078 1690 1524 1237 1439 1490 1770 1307 1378 1623 1102 1418 1867 1109 1258 1894 1896 1031 1115 1371 897 1792 1815 1720 47 1526 892 0 2275 678 1026 1939 1415 1515 1389 779 1423 1444 1268 468 1811 800 586 1290 1097 1916 834 1114 1269 856 2199 1289 808 1001 996 1512 1366 1856 1575 1871 1851 1179 987 1592 847 876 1380 410 2110 842 1757 636
1885 3178 2945 2840 2169 3110 2176 1608 2342 843 1790 3172 2987 2430 2084 2121 2743 1860 2950 2619 2708 1981 2885 2124 1385 2265 2097 2313 1874 3134 814 1747 2357 1233 2280 2751 1888 673 1823 1013 2828 1768 2801 3338 2405 2352 1458 1056 1977 1992 3259 2229 2253 1426 1981 2275 0 2304 2427 1771 2859 838 1899 2237 2867 1214 2770 2392 2058 2369 2088 1799 1755 3360 2291 1728 2714 2155 3063 1798 1818 1870 1909 2956 1681 2844 3020 2835 2360 1761 1881 3037 2564 2589 1517 2188 2923 2056 2267 2379
977 1461 1445 1851 1166 1950 634 1847 535 1789 1156 1455 1270 713 757 337 877 1544 1103 477 576 727 1168 1591 1214 823 636 501 896 1417 1553 1213 1168 1519 1746 1034 1354 1651 959 1446 1595 1320 701 1621 1872 759 1147 1400 1285 1768 1542 1696 644 1554 853 678 2304 0 698 1915 1143 1544 1365 565 1150 1473 591 514 1787 237 457 1222 1427 1643 240 1008 997 613 1927 1265 998 892 845 1239 1680 1583 1303 1599 1827 1055 1353 1290 327 353 1602 1003 1875 808 1733 357
745 1101 1076 1506 1344 1578 303 1924 366 1967 901 1085 910 285 522 685 1467 1723 1693 658 747 472 799 1336 1393 451 377 208 641 1057 1717 958 796 1697 1491 597 1100 1793 704 1524 1223 1499 840 1261 1617 312 1325 1477 1463 1513 1183 1441 992 1632 758 1026 2427 698 0 1660 783 1622 1111 424 790 1551 809 956 1532 578 652 967 1606 1283 505 753 559 356 1555 1010 1177 637 591 879 1859 1214 943 1230 1572 800 1531 960 851 822 1781 1184 1503 832 1478 943
1110 2406 2171 2066 2012 2335 1401 373 1649 1578 985 2400 2215 1679 1309 1645 2406 2115 2614 1926 2015 1206 2114 447 1501 1490 1322 1607 1099 2362 1210 833 1583 1805 621 1980 708 1262 1048 915 2054 1771 2108 2566 713 1577 1511 868 2092 224 2488 557 1917 593 1206 1939 1771 1915 1660 0 2088 1068 772 1462 2095 609 2077 2056 290 1799 1647 884 1896 2589 1722 954 1942 1381 2288 747 1676 1096 1135 2185 2034 2070 2248 2060 683 987 2022 2265 2091 2087 1889 1852 2148 1286 645 2043
1172 912 741 1254 1733 1280 807 2352 877 2357 1328 412 721 578 950 1074 1856 2112 2083 1153 1243 900 464 1764 1782 840 809 842 1068 868 2121 1386 963 2086 1919 288 1527 2219 1131 1952 924 1888 1335 1008 2044 788 1714 1905 1852 1940 993 1869 1381 2060 1186 1415 2859 1143 783 2088 0 2049 1538 939 95 1978 1305 1345 1959 1027 1041 1394 1995 640 949 1181 381 788 1256 1437 1566 1065 1018 680 2248 879 754 895 2000 1228 1921 771 1319 1315 2170 1573 1219 1259 1906 1332
1072 2368 2132 2027 1503 2296 1363 905 1582 523 976 2361 2177 1640 1271 1361 1983 1233 2190 1859 1948 1168 2075 1311 758 1452 1284 1551 1061 2324 155 934 1544 836 1467 1941 1075 207 1010 318 2015 1140 2041 2528 1592 1539 831 325 1350 1289 2449 1416 1493 613 1168 1515 838 1544 1622 1068 2049 0 1086 1424 2057 531 2010 1632 1355 1609 1328 986 1128 2550 1531 915 1903 1342 2250 985 1191 1057 1096 2146 1054 2031 2210 2021 1547 948 1253 2226 1804 1829 909 1428 2110 1248 1454 1619
561 1857 1595 1490 1462 1759 851 1142 1100 1526 431 1850 1666 1129 759 1095 1857 1566 2064 1376 1466 657 1564 448 951 914 773 1057 550 1813 1228 283 1007 1256 603 1430 187 1280 480 988 1478 1221 1558 2017 729 1028 961 941 1542 625 1938 553 1367 869 656 1389 1899 1365 1111 772 1538 1086 0 913 1546 1015 1527 1506 644 1249 1097 334 1346 2039 1172 404 1392 831 1712 243 1127 546 585 1635 1484 1494 1698 1484 684 437 1472 1715 1541 1537 1339 1302 1572 737 525 1493
469 1258 1242 1398 1156 1665 243 1726 387 1779 706 1252 1067 502 241 438 1271 1535 1498 668 758 282 965 1138 1205 602 204 260 449 1214 1543 760 823 1509 1293 831 902 1618 512 1326 1322 1310 850 1418 1419 412 1137 1279 1275 1315 1339 1243 745 1434 477 779 2237 565 424 1462 939 1424 913 0 947 1353 819 761 1334 427 334 775 1418 1440 371 555 794 165 1621 812 989 417 376 1036 1671 1338 1100 1328 1374 608 1343 1117 741 763 1593 996 1481 550 1280 748
1180 920 836 1348 1741 1375 815 2359 885 2364 1336 317 728 585 958 1082 1863 2120 2090 1161 1251 907 559 1771 1790 848 817 849 1076 875 2128 1393 1058 2094 1927 371 1535 2226 1139 1959 1019 1895 1343 927 2052 796 1722 1912 1860 1948 919 1876 1389 2067 1194 1423 2867 1150 790 2095 95 2057 1546 947 0 1986 1312 1353 1967 1034 1048 1402 2003 559 957 1188 450 796 1351 1445 1574 1072 1026 687 2256 974 761 990 2007 1235 1928 778 1326 1322 2177 1581 1313 1267 1913 1340
1001 2297 2061 1956 1517 2226 1292 446 1512 1041 906 2291 2106 1570 1200 1290 1912 1621 2119 1788 1877 1097 2004 1054 1006 1381 1213 1480 990 2253 673 863 1474 1311 1228 1870 1004 725 939 379 1944 1276 1970 2457 1320 1468 1016 332 1597 830 2378 1163 1422 432 1097 1444 1214 1473 1551 609 1978 531 1015 1353 1986 0 1939 1561 896 1538 1257 915 1401 2479 1460 844 1833 1271 2179 906 1181 987 1025 2075 1539 1961 2139 1951 1290 877 1527 2156 1733 1759 1394 1357 2039 1177 1251 1548
1161 1010 1607 2012 1631 2112 796 2312 571 2255 1317 1617 1120 875 939 927 1168 2010 1395 166 356 889 1330 1753 1680 985 798 612 1057 1023 2019 1375 1330 1984 1908 1137 1516 2117 1121 1912 1756 1786 239 1356 2034 919 1612 1865 1750 1930 1373 1858 1234 2020 1175 1268 2770 591 809 2077 1305 2010 1527 819 1312 1939 0 1035 1948 641 905 1384 1893 1604 565 1170 1099 777 2089 1427 1464 1054 1007 990 2146 1745 1177 1761 1989 1217 1819 733 504 475 2068 1472 2037 1248 1895 726
1055 1664 1648 2010 794 2153 837 1935 816 1877 1313 1657 1473 916 839 415 889 1172 1116 908 776 894 1371 1732 1303 1026 831 787 1060 1620 1641 1354 1370 1607 1887 1237 1495 1740 1123 1535 1797 1233 997 1824 2013 961 1235 1488 913 1909 1745 1837 434 1643 931 468 2392 514 956 2056 1345 1632 1506 761 1353 1561 1035 0 1928 657 554 1381 1136 1846 736 1152 1199 818 2129 1406 1007 1028 987 1442 1422 1786 1506 1802 1968 1217 1003 1522 585 614 1436 661 2078 886 1874 368
982 2278 2042 1937 1883 2206 1273 660 1521 1865 856 2271 2087 1550 1181 1516 2278 1987 2485 1797 1887 1078 1985 257 1372 1362 1194 1478 971 2234 1497 704 1454 1677 418 1851 633 1549 920 1202 1925 1643 1979 2438 495 1449 1382 1155 1964 66 2359 367 1789 880 1077 1811 2058 1787 1532 290 1959 1355 644 1334 1967 896 1948 1928 0 1671 1518 755 1767 2460 1593 825 1813 1252 2159 717 1548 967 1006 2056 1905 1941 2119 1931 487 858 1893 2136 1962 1959 1760 1723 2020 1158 547 1914
869 1345 1329 1735 1230 1834 518 1911 419 1853 1040 1339 1154 597 646 459 1101 1609 1328 527 686 611 1052 1475 1279 707 515 386 780 1301 1617 1097 1052 1583 1630 918 1238 1716 843 1511 1479 1384 751 1505 1756 643 1211 1464 1349 1652 1426 1580 767 1619 882 800 2369 237 578 1799 1027 1609 1249 427 1034 1538 641 657 1671 0 330 1106 1492 1527 147 892 881 487 1811 1149 1063 776 729 1123 1745 1467 1187 1483 1711 939 1417 1204 455 477 1667 1070 1759 907 1617 582
653 1359 1343 1583 949 1845 492 1630 511 1573 890 1353 1168 611 425 245 1064 1328 1291 785 877 467 1066 1323 998 721 404 482 634 1315 1337 945 1008 1303 1478 932 1086 1435 697 1230 1492 1104 970 1519 1603 657 930 1183 1068 1499 1440 1428 552 1338 661 586 2088 457 652 1647 1041 1328 1097 334 1048 1257 905 554 1518 330 0 960 1211 1541 411 740 895 412 1805 996 782 601 560 1137 1464 1481 1201 1495 1559 793 1137 1218 717 743 1386 790 1665 638 1465 541
432 1713 1387 1282 1362 1551 708 1254 956 1426 146 1706 1522 985 631 967 1757 1466 1964 1232 1322 516 1420 560 852 707 627 913 387 1669 1128 161 799 1156 715 1286 323 1180 266 888 1270 1122 1414 1873 840 884 861 841 1443 736 1794 665 1268 915 528 1290 1799 1222 967 884 1394 986 334 775 1402 915 1384 1381 755 1106 960 0 1246 1895 1028 277 1248 687 1504 213 1027 413 452 1491 1385 1286 1555 1276 796 263 1372 1571 1397 1394 1239 1202 1365 608 702 1368
1332 2314 2297 2287 443 2557 1487 1775 1466 1040 1237 2307 2122 1565 1333 1219 1060 347 1267 1742 1775 1376 2021 1572 512 1675 1419 1437 1321 2269 1004 1194 1805 604 1727 1887 1335 1102 1270 1301 2276 355 1924 2474 1852 1611 537 1308 294 1748 2395 1677 1075 1460 1280 1097 1755 1427 1606 1896 1995 1128 1346 1418 2003 1401 1893 1136 1767 1492 1211 1246 0 2496 1414 1175 1849 1458 2510 1245 749 1318 1343 2092 315 2292 2155 2282 1808 1209 154 2172 1611 1640 329 783 2370 1208 1714 1398
1673 998 1366 1872 2234 1898 1308 2853 1378 2857 1829 678 529 1078 1451 1575 2356 2613 2583 1654 1744 1401 1089 2264 2283 1341 1310 1342 1569 853 2621 1887 1602 2587 2420 899 2028 2720 1632 2452 1543 2388 1687 368 2545 1289 2215 2406 2353 2441 440 2369 1882 2560 1687 1916 3360 1643 1283 2589 640 2550 2039 1440 559 2479 1604 1846 2460 1527 1541 1895 2496 0 1450 1681 967 1289 1875 1938 2067 1566 1519 949 2749 1512 530 1517 2500 1728 2421 1000 1819 1815 2671 2074 1837 1760 2407 1833
804 1268 1252 1657 1153 1757 441 1834 341 1776 962 1261 1077 520 582 494 1098 1531 1325 451 610 534 975 1397 1201 630 443 308 702 1224 1540 1020 974 1506 1553 841 1161 1638 765 1433 1401 1307 675 1428 1678 565 1134 1387 1272 1574 1349 1502 801 1541 818 834 2291 240 505 1722 949 1531 1172 371 957 1460 565 736 1593 147 411 1028 1414 1450 0 814 803 419 1733 1071 985 699 652 1046 1668 1390 1110 1405 1633 861 1340 1126 417 438 1589 993 1682 867 1540 579
174 1499 1228 1122 1208 1392 494 1218 742 1355 162 1493 1308 772 402 738 1603 1395 1810 1018 1108 299 1206 629 781 547 415 699 191 1455 1057 252 640 1085 785 1072 393 1109 105 817 1110 1051 1201 1659 910 670 790 771 1327 806 1580 734 1080 925 285 1114 1728 1008 753 954 1181 915 404 555 1188 844 1170 1152 825 892 740 277 1175 1681 814 0 1035 473 1345 303 956 189 227 1277 1314 1127 1341 1117 865 65 1301 1358 1184 1180 1169 1049 1205 379 772 1139
1026 873 1034 1547 1587 1573 661 2206 595 2211 1182 767 682 381 804 928 1710 1966 1937 972 1062 754 757 1618 1636 694 663 696 922 829 1975 1240 1037 1940 1773 93 1381 2073 986 1806 1217 1742 1154 1033 1898 642 1568 1759 1706 1795 954 1723 1235 1914 1040 1269 2714 997 559 1942 381 1903 1392 794 450 1833 1099 1199 1813 881 895 1248 1849 967 803 1035 0 642 1549 1291 1420 919 872 564 2102 1172 715 1188 1854 1082 1775 732 1151 1136 2024 1428 1512 1113 1760 1186
448 1107 1090 1316 1196 1570 92 1645 350 1782 621 1100 915 379 220 516 1328 1575 1555 626 716 193 814 1056 1208 456 73 281 361 1063 1484 679 734 1512 1212 680 820 1536 424 1244 1222 1353 808 1267 1337 268 1180 1198 1315 1233 1188 1161 823 1352 456 856 2155 613 356 1381 788 1342 831 165 796 1271 777 818 1252 487 412 687 1458 1289 419 473 642 0 1537 730 1034 358 311 885 1711 1229 948 1232 1292 520 1383 965 788 785 1596 1036 1399 529 1199 805
1425 2127 617 318 2395 162 1509 2552 1661 2690 1438 1435 1936 1386 1527 1858 2640 2720 2867 1937 2027 1368 850 1964 2115 1332 1470 1614 1283 2083 2392 1586 1016 2419 2119 1456 1727 2443 1241 2152 427 2385 2120 2243 2245 1360 2125 2105 2514 2141 2208 2069 2166 2260 1516 2199 3063 1927 1555 2288 1256 2250 1712 1621 1351 2179 2089 2129 2159 1811 1805 1504 2510 1875 1733 1345 1549 1537 0 1638 2237 1346 1377 1905 2648 535 1969 473 2200 1353 2583 1986 2103 2099 2503 2236 317 1596 2106 2116
