NAME: zurich_100_11
COMMENT: TSP instance with 100 nodes. City: Zurich, Switzerland, Seed: 53
TYPE: TSP
DIMENSION: 100
EDGE_WEIGHT_TYPE: EXPLICIT
EDGE_WEIGHT_FORMAT: FULL_MATRIX
NODE_COORD_SECTION:
1 47.472512 8.5250323
2 47.3882734 8.2896868
3 47.4083504 8.3363029
4 47.5157703 8.7652492
5 47.3631345 8.3687836
6 47.3914119 8.5199394
7 47.3809532 8.5381354
8 47.2186895 8.6121713
9 47.4110934 8.4327588
10 47.2254308 8.625699
11 47.3416533 8.5726408
12 47.3401714 8.6700011
13 47.2509775 8.5290325
14 47.2747729 8.4573214
15 47.3711026 8.774822
16 47.3013896 8.7201595
17 47.4174319 8.3728463
18 47.2595312 8.5987885
19 47.5015584 8.790254
20 47.3934484 8.7574509
21 47.4124837 8.5995749
22 47.2542929 8.6065504
23 47.3703335 8.3584098
24 47.3579614 8.5194277
25 47.4248047 8.4057211
26 47.5241426 8.6649
27 47.2515332 8.5304227
28 47.2399497 8.6509686
29 47.3444857 8.7017865
30 47.3246389 8.597059
31 47.2277088 8.5535077
32 47.438977 8.4876388
33 47.3945449 8.603304
34 47.3621493 8.7470971
35 47.4423172 8.6989004
36 47.4622048 8.7749032
37 47.2462442 8.6457413
38 47.2020751 8.5154026
39 47.3837643 8.6765341
40 47.3976803 8.4438734
41 47.4960342 8.2770858
42 47.2800193 8.5799966
43 47.4860459 8.298382
44 47.3443301 8.5963831
45 47.4118158 8.711643
46 47.4020355 8.4977946
47 47.5112584 8.4771978
48 47.1956298 8.4907117
49 47.3899488 8.6742738
50 47.2479715 8.3673804
51 47.3119991 8.7219483
52 47.3933627 8.6766175
53 47.3978043 8.7722038
54 47.1963962 8.5711482
55 47.2326488 8.4531252
56 47.5219648 8.4381496
57 47.2926715 8.6039881
58 47.467416 8.3179638
59 47.2085388 8.6991084
60 47.3572793 8.5072505
61 47.2948894 8.36005
62 47.2728755 8.4403203
63 47.1955972 8.4753662
64 47.5284508 8.4606594
65 47.3734235 8.542849
66 47.3679529 8.7118491
67 47.3044972 8.7582542
68 47.3986022 8.4548383
69 47.2032762 8.754063
70 47.4415107 8.4835431
71 47.4287796 8.5451891
72 47.408067 8.3928769
73 47.3779779 8.4929122
74 47.3749849 8.301282
75 47.3690859 8.2755332
76 47.4227892 8.6173733
77 47.3995168 8.4109871
78 47.413587 8.6030212
79 47.3970751 8.4480338
80 47.3721596 8.7786461
81 47.2742439 8.3323934
82 47.3801965 8.3951403
83 47.4366955 8.4331856
84 47.3978117 8.7715761
85 47.4714284 8.7843629
86 47.2089027 8.4593939
87 47.4477098 8.5837755
88 47.5141485 8.595093
89 47.4431836 8.6327572
90 47.3235503 8.8054252
91 47.3901923 8.6822781
92 47.5048173 8.5958357
93 47.3555942 8.6017063
94 47.3298564 8.7472453
95 47.4749303 8.2903372
96 47.3183818 8.3831486
97 47.3674921 8.422693
98 47.4501716 8.7939161
99 47.5074027 8.5460684
100 47.4915434 8.7227978
EDGE_WEIGHT_SECTION:
0 1720 1311 1459 1152 726 752 1590 850 1539 1106 1108 1785 1508 1221 1425 919 1623 1517 1209 634 1560 1281 969 853 1124 1851 1671 1095 1321 1999 473 600 1034 840 1541 1740 1921 882 878 1468 1450 1287 1162 1065 779 434 1945 786 1840 1337 765 1364 2015 1658 750 1594 1182 1776 1040 1574 1371 1843 618 828 892 1369 866 2115 434 331 911 931 1587 1804 666 888 618 836 1272 1898 919 819 1359 1544 1761 443 670 753 1368 815 599 1088 1192 1295 1361 895 1497 284 1090
1720 0 474 2586 681 1443 1405 1664 1246 1613 1636 2168 1625 1335 2348 2320 892 1697 2645 2336 1781 1634 710 1179 1241 2384 1692 1745 2222 1851 1867 1493 1727 2161 1967 2669 1814 1761 2009 1139 1160 1524 979 1757 2193 1496 1898 1785 1914 1137 2407 1893 2491 2089 1402 1988 2124 940 1851 1291 726 1212 1683 2076 1387 2019 2497 1190 2189 1454 1469 1029 1299 140 292 1794 1108 1746 1160 2400 1031 877 1574 2486 2671 1597 1649 2115 1959 2496 1943 2044 1828 2319 940 785 946 2624 1927 2217
1311 474 0 2177 446 1027 1161 1680 962 1629 1556 1826 1641 1352 1939 2143 418 1713 2236 1927 1371 1650 384 1195 767 1975 1708 1761 1813 1771 1883 1084 1318 1752 1558 2259 1830 1777 1600 810 942 1540 761 1668 1783 1081 1535 1801 1504 1399 2055 1484 2082 2105 1508 1733 2044 722 1867 1295 988 1228 1699 1717 1296 1610 2087 861 2205 1045 1060 554 1066 522 689 1384 653 1336 831 1990 1312 653 1133 2077 2262 1618 1240 1705 1550 2086 1533 1634 1732 1910 721 803 886 2215 1518 1808
1459 2586 2177 0 2018 1380 1404 2241 1611 2191 1757 1604 2463 2312 1239 1752 1785 2275 366 1083 1141 2212 2147 1621 1719 620 2529 2323 1422 1962 2650 1527 1096 1319 770 639 2392 2724 1203 1745 2334 2102 2153 1747 995 1524 1644 2749 1108 2643 1664 1092 1086 2667 2462 1947 2201 2048 2428 1692 2440 2175 2647 1760 1480 1219 1696 1732 2767 1488 1208 1777 1584 2453 2670 989 1754 1106 1702 1279 2765 1785 1736 1080 563 2565 1265 994 1136 1695 1133 1032 1585 1519 2161 2227 1761 740 1374 453
1152 681 446 2018 0 875 1008 1279 669 1228 1251 1667 1241 964 1780 1936 600 1313 2077 1768 1213 1250 155 794 724 1816 1307 1360 1654 1466 1482 925 1159 1593 1399 2101 1429 1377 1441 554 1261 1139 1080 1372 1625 925 1376 1401 1346 1102 1896 1325 1923 1704 1114 1574 1740 1014 1466 906 691 827 1299 1558 1002 1451 1929 605 1805 886 901 476 913 549 765 1226 469 1178 575 1832 1015 234 1134 1918 2103 1217 1081 1547 1391 1928 1375 1475 1443 1751 1041 477 536 2056 1359 1649
726 1443 1027 1380 875 0 158 1030 486 979 619 1022 1251 1100 1142 1240 635 1063 1438 1130 579 1000 1004 409 708 1178 1317 1111 1016 834 1438 668 514 955 761 1462 1180 1513 802 473 1184 890 1003 676 986 227 1080 1537 707 1432 1258 686 1285 1455 1250 1312 1108 898 1216 430 1297 963 1435 1243 334 813 1290 422 1555 629 428 644 286 1310 1526 587 586 565 429 1193 1570 641 768 1279 1465 1353 534 999 766 1289 736 928 732 1113 1012 1084 618 1417 812 1011
752 1405 1161 1404 1008 158 0 928 620 877 461 913 1149 998 1166 1081 769 962 1463 1154 603 898 1129 308 842 1202 1216 1009 1040 676 1337 766 538 979 785 1487 1078 1411 827 606 1318 788 1137 518 1011 337 1104 1435 732 1330 1168 711 1309 1353 1148 1412 949 1032 1115 396 1260 862 1333 1267 180 837 1272 556 1454 726 492 777 361 1273 1489 612 720 590 563 1218 1469 775 878 1304 1489 1252 558 1024 791 1314 761 953 573 1137 1145 1046 752 1442 836 1035
1590 1664 1680 2241 1279 1030 928 0 1217 158 1158 1690 577 952 2004 1843 1422 353 2300 1991 1441 290 1389 701 1495 2039 612 365 1877 1373 409 1596 1375 1816 1623 2324 434 601 1664 1242 1971 570 1790 1279 1848 1208 1942 770 1569 1416 1930 1548 2147 425 927 2245 1647 1685 489 813 1495 1020 871 2104 910 1674 2034 1249 828 1557 1330 1323 963 1531 1747 1449 1220 1427 1247 2055 1644 1251 1700 2141 2327 929 1395 1861 1628 2151 1598 1790 1350 1975 1798 1305 1049 2279 1673 1873
850 1246 962 1611 669 486 620 1217 0 1167 1011 1260 1310 1033 1373 1516 570 1251 1669 1361 843 1188 798 663 599 1408 1377 1299 1247 1226 1534 615 751 1186 992 1693 1368 1446 1033 317 1154 1078 973 1093 1217 483 1061 1470 938 1365 1489 917 1516 1643 1184 1260 1499 868 1404 720 1100 897 1368 1243 755 1044 1521 342 1743 576 568 458 525 1113 1329 818 373 808 306 1424 1424 435 766 1510 1696 1287 718 1183 1001 1520 967 1112 1103 1344 981 886 421 1648 996 1242
1539 1613 1629 2191 1228 979 877 158 1167 0 1108 1640 736 1111 1953 1792 1371 303 2250 1941 1390 240 1339 651 1445 1989 771 230 1827 1323 567 1546 1324 1766 1572 2273 299 760 1614 1192 1920 520 1739 1229 1797 1157 1891 929 1519 1538 1879 1498 2096 584 1086 2195 1596 1635 354 763 1468 1069 1029 2054 859 1624 1983 1199 693 1506 1279 1273 913 1480 1697 1398 1170 1376 1197 2004 1676 1200 1650 2091 2276 1087 1345 1811 1578 2100 1547 1739 1300 1924 1748 1254 999 2229 1623 1822
1106 1636 1556 1757 1251 619 461 1158 1011 1108 0 650 1380 1229 1266 766 1164 1192 1816 1245 949 1129 1361 494 1237 1555 1446 1240 963 257 1567 1130 746 1078 1139 1755 1309 1641 819 964 1713 1019 1532 202 1229 791 1458 1666 859 1560 853 886 1445 1584 1379 1770 589 1427 1345 606 1490 1092 1564 1621 391 936 957 918 1684 1091 846 1172 631 1503 1720 965 1115 935 920 1317 1699 1170 1288 1439 1795 1482 912 1377 1144 1207 857 1306 343 1045 1540 1277 1022 1710 1190 1389
1108 2168 1826 1604 1667 1022 913 1690 1260 1640 650 0 1911 1760 845 422 1434 1724 1663 896 745 1661 1797 1026 1369 1402 1978 1771 427 621 2099 1176 525 657 976 1454 1841 2173 519 1394 1983 1551 1802 493 928 1167 1460 2197 558 2092 361 586 1088 2116 1910 1776 668 1698 1877 1138 2022 1624 2095 1623 874 617 555 1382 2216 1137 858 1426 1158 2035 2251 778 1403 710 1351 896 2231 1434 1385 1083 1495 2014 914 1380 988 872 557 1309 512 554 1811 1809 1411 1409 1192 1236
1785 1625 1641 2463 1241 1251 1149 577 1310 736 1380 1911 0 409 2225 2064 1383 931 2521 2213 1662 868 1351 923 1457 2261 74 942 2099 1595 249 1558 1596 2038 1844 2545 1011 420 1886 1204 1933 870 1751 1501 2069 1429 2009 589 1790 971 2151 1770 2368 563 491 2207 1868 1647 1066 1035 1044 525 668 2191 1131 1896 2255 1255 1405 1519 1534 1285 1153 1493 1709 1670 1182 1648 1225 2276 1191 1212 1767 2363 2548 586 1617 2082 1849 2372 1819 2011 1572 2196 1760 1032 1011 2501 1895 2094
1508 1335 1352 2312 964 1100 998 952 1033 1111 1229 1760 409 0 2074 1913 1107 1289 2370 2062 1499 1227 1074 772 1180 2109 475 1317 1948 1444 650 1281 1445 1887 1693 2394 1386 644 1734 927 1656 1089 1475 1350 1918 1278 1732 685 1639 664 2000 1618 2217 937 398 1930 1717 1370 1436 883 656 136 583 1914 980 1745 2104 978 1775 1242 1257 1008 1033 1202 1418 1519 905 1485 948 2125 803 936 1490 2211 2397 502 1437 1903 1698 2221 1668 1831 1420 2045 1483 644 734 2349 1715 1943
1221 2348 1939 1239 1780 1142 1166 2004 1373 1953 1266 845 2225 2074 0 742 1547 2038 1198 213 899 1974 1910 1384 1482 1092 2292 2085 499 1266 2413 1289 858 187 630 788 2154 2487 516 1507 2096 1864 1915 1109 499 1287 1573 2511 533 2406 652 543 327 2429 2224 1889 1301 1811 2191 1454 2203 1938 2409 1736 1242 352 652 1495 2530 1250 971 1539 1347 2216 2432 742 1516 864 1464 53 2527 1547 1498 321 829 2328 1022 1461 935 553 531 1371 1095 504 1924 1989 1524 744 1305 925
1425 2320 2143 1752 1936 1240 1081 1843 1516 1792 766 422 2064 1913 742 0 1751 1877 1809 828 1103 1813 2046 1179 1685 1550 2131 1924 361 650 2252 1493 947 590 1129 1404 1993 2326 720 1648 2300 1703 2119 610 960 1411 1777 2350 736 2245 89 747 1021 2268 2063 2093 703 2015 2030 1291 2175 1777 2248 1940 1040 552 274 1602 2369 1454 1174 1743 1316 2188 2404 946 1720 1068 1605 793 2384 1751 1702 1015 1445 2167 1225 1696 1139 580 735 1625 740 282 2128 1961 1706 1359 1509 1383
919 892 418 1785 600 635 769 1422 570 1371 1164 1434 1383 1107 1547 1751 0 1456 1844 1535 979 1392 649 906 375 1583 1450 1503 1421 1379 1625 692 926 1360 1166 1867 1572 1519 1208 418 824 1282 643 1276 1391 689 1143 1544 1112 1438 1663 1092 1690 1847 1257 1341 1652 539 1609 904 1173 970 1442 1325 904 1218 1695 469 1948 653 668 162 674 940 1107 992 261 944 439 1598 1497 367 778 1685 1870 1360 848 1313 1158 1694 1141 1242 1340 1518 652 960 494 1823 1126 1416
1623 1697 1713 2275 1313 1063 962 353 1251 303 1192 1724 931 1289 2038 1877 1456 0 2334 2025 1475 76 1423 735 1529 2073 965 366 1911 1407 762 1630 1408 1850 1656 2358 312 954 1698 1276 2005 239 1824 1313 1882 1242 1975 1123 1603 1622 1964 1582 2181 779 1281 2279 1681 1719 547 847 1552 1154 1224 2138 943 1708 2068 1283 886 1591 1363 1357 997 1565 1781 1483 1254 1461 1281 2089 1761 1285 1734 2175 2360 1282 1429 1895 1662 2185 1632 1824 1384 2009 1832 1338 1083 2313 1707 1906
1517 2645 2236 366 2077 1438 1463 2300 1669 2250 1816 1663 2521 2370 1198 1809 1844 2334 0 1042 1200 2271 2206 1680 1778 791 2588 2381 1481 2021 2709 1586 1155 1278 828 582 2451 2783 1262 1803 2393 2161 2211 1806 1054 1583 1814 2807 1167 2702 1721 1151 1045 2726 2520 2118 2260 2107 2487 1751 2499 2234 2705 1930 1538 1278 1755 1791 2826 1546 1267 1835 1643 2512 2729 1048 1813 1165 1761 1238 2823 1843 1795 1039 449 2624 1323 1165 1195 1743 1191 1202 1643 1578 2220 2286 1820 636 1545 512
1209 2336 1927 1083 1768 1130 1154 1991 1361 1941 1245 896 2213 2062 213 828 1535 2025 1042 0 887 1962 1897 1371 1469 994 2279 2073 550 1315 2400 1277 846 293 532 633 2142 2474 495 1495 2084 1852 1903 1088 401 1274 1561 2499 486 2393 741 512 293 2417 2212 1877 1352 1798 2178 1442 2190 1925 2397 1724 1230 353 783 1482 2517 1238 958 1527 1334 2203 2420 730 1504 852 1452 257 2515 1535 1486 288 673 2315 1009 1363 892 760 459 1273 1074 605 1911 1977 1511 588 1292 827
634 1781 1371 1141 1213 579 603 1441 843 1390 949 745 1662 1499 899 1103 979 1475 1200 887 0 1411 1342 820 914 939 1729 1522 773 1114 1850 722 236 712 522 1224 1591 1912 560 939 1529 1301 1347 887 748 724 966 1936 464 1831 1015 444 1047 1866 1649 1282 1342 1243 1628 891 1635 1362 1834 1129 679 570 1047 927 1967 682 403 971 784 1648 1864 266 949 75 896 950 1941 979 931 1041 1226 1753 383 885 360 1046 493 814 725 870 1356 1422 956 1179 697 772
1560 1634 1650 2212 1250 1000 898 290 1188 240 1129 1661 868 1227 1974 1813 1392 76 2271 1962 1411 0 1360 672 1466 2010 902 316 1848 1344 699 1567 1345 1787 1593 2295 262 891 1635 1213 1941 299 1760 1250 1819 1179 1912 1060 1540 1559 1900 1519 2117 716 1217 2216 1617 1656 484 784 1489 1090 1161 2075 880 1645 2004 1220 823 1528 1300 1294 934 1502 1718 1420 1191 1397 1218 2026 1697 1221 1671 2112 2297 1219 1366 1832 1599 2122 1569 1761 1321 1945 1769 1275 1020 2250 1644 1843
1281 710 384 2147 155 1004 1129 1389 798 1339 1361 1797 1351 1074 1910 2046 649 1423 2206 1897 1342 1360 0 904 793 1945 1417 1470 1783 1576 1592 1054 1288 1722 1528 2230 1540 1487 1570 683 1199 1250 1018 1482 1754 1054 1505 1511 1475 1202 2026 1454 2052 1814 1224 1703 1850 979 1576 1016 791 937 1409 1687 1113 1580 2058 734 1915 1015 1030 536 1025 578 794 1355 542 1307 704 1961 1115 363 1252 2047 2232 1328 1210 1676 1520 2057 1504 1605 1553 1880 978 583 656 2185 1488 1778
969 1179 1195 1621 794 409 308 701 663 651 494 1026 923 772 1384 1179 906 735 1680 1371 820 672 904 0 979 1419 989 783 1257 709 1110 988 724 1196 1002 1704 852 1184 1044 675 1455 562 1273 615 1228 588 1321 1208 949 1103 1266 928 1526 1127 922 1628 983 1169 888 124 1033 635 1107 1484 270 1054 1370 629 1227 949 709 838 329 1046 1263 829 735 807 632 1435 1242 766 1080 1521 1706 1025 775 1241 1008 1531 978 1170 686 1354 1282 820 565 1659 1053 1252
853 1241 767 1719 724 708 842 1495 599 1445 1237 1369 1457 1180 1482 1685 375 1529 1778 1469 914 1466 793 979 0 1517 1523 1577 1355 1452 1698 626 860 1294 1100 1802 1646 1593 1142 395 937 1356 756 1350 1326 574 1077 1617 1047 1512 1598 1026 1624 1920 1330 1275 1726 635 1682 977 1246 1044 1515 1259 977 1152 1630 446 2021 587 602 340 746 1234 1450 927 368 879 416 1533 1571 490 636 1619 1804 1434 782 1248 1092 1629 1076 1177 1349 1452 765 1033 568 1757 1060 1350
1124 2384 1975 620 1816 1178 1202 2039 1408 1989 1555 1402 2261 2109 1092 1550 1583 2073 791 994 939 2010 1945 1419 1517 0 2327 2121 1220 1760 2448 1325 894 1157 568 966 2190 2522 1001 1543 2132 1900 1951 1545 793 1322 1189 2546 906 2441 1462 890 1092 2465 2260 1493 1999 1846 2226 1490 2238 1973 2444 1305 1278 1017 1494 1530 2565 1285 1006 1575 1382 2251 2468 787 1552 904 1500 1137 2562 1583 1534 1086 891 2363 1019 540 955 1493 931 577 1383 1317 1959 2025 1559 1068 920 518
1851 1692 1708 2529 1307 1317 1216 612 1377 771 1446 1978 74 475 2292 2131 1450 965 2588 2279 1729 902 1417 989 1523 2327 0 977 2165 1661 284 1625 1662 2104 1911 2612 1046 455 1952 1270 1999 937 1818 1567 2136 1496 2075 624 1857 1005 2218 1836 2435 597 526 2274 1935 1713 1101 1101 1088 591 702 2257 1197 1962 2322 1322 1440 1585 1600 1351 1219 1559 1776 1737 1248 1715 1291 2343 1234 1279 1834 2429 2615 621 1683 2149 1916 2439 1886 2078 1638 2263 1827 1099 1078 2567 1961 2161
1671 1745 1761 2323 1360 1111 1009 365 1299 230 1240 1771 942 1317 2085 1924 1503 366 2381 2073 1522 316 1470 783 1577 2121 977 0 1959 1455 774 1678 1456 1898 1704 2405 113 966 1746 1323 2052 582 1871 1361 1929 1289 2023 1135 1650 1669 2011 1629 2228 790 1292 2327 1728 1767 435 894 1599 1201 1235 2186 991 1756 2115 1331 724 1638 1411 1404 1044 1612 1829 1530 1301 1508 1328 2136 1808 1332 1782 2223 2408 1293 1477 1942 1709 2232 1679 1871 1432 2056 1880 1386 1131 2361 1755 1954
1095 2222 1813 1422 1654 1016 1040 1877 1247 1827 963 427 2099 1948 499 361 1421 1911 1481 550 773 1848 1783 1257 1355 1220 2165 1959 0 847 2286 1163 732 312 791 1083 2028 2361 376 1381 1970 1738 1789 807 621 1160 1447 2385 393 2280 275 415 743 2303 2098 1763 883 1684 2064 1328 2077 1811 2283 1610 1116 205 408 1368 2403 1124 844 1413 1221 2089 2306 616 1390 738 1338 550 2401 1421 1372 737 1124 2201 895 1366 809 612 391 1295 857 303 1798 1863 1398 1038 1179 1053
1321 1851 1771 1962 1466 834 676 1373 1226 1323 257 621 1595 1444 1266 650 1379 1407 2021 1315 1114 1344 1576 709 1452 1760 1661 1455 847 0 1782 1345 894 1078 1343 1825 1524 1856 889 1179 1928 1234 1747 358 1299 1006 1673 1881 929 1775 737 956 1509 1799 1594 1985 533 1642 1560 821 1705 1307 1779 1836 606 1006 841 1133 1899 1306 1061 1387 846 1718 1935 1147 1330 1079 1135 1317 1914 1385 1503 1504 1865 1697 1127 1592 1345 1091 927 1521 489 930 1755 1492 1237 1780 1405 1593
1999 1867 1883 2650 1482 1438 1337 409 1534 567 1567 2099 249 650 2413 2252 1625 762 2709 2400 1850 699 1592 1110 1698 2448 284 774 2286 1782 0 1799 1783 2225 2032 2733 843 419 2073 1445 2174 948 1993 1688 2257 1617 2250 588 1978 1129 2339 1957 2556 394 640 2449 2056 1888 898 1222 1211 733 689 2432 1318 2083 2443 1497 1237 1760 1739 1526 1372 1734 1951 1858 1423 1836 1466 2464 1358 1454 2009 2550 2736 642 1804 2270 2037 2560 2007 2199 1759 2384 2002 1274 1253 2688 2082 2282
473 1493 1084 1527 925 668 766 1596 615 1546 1130 1176 1558 1281 1289 1493 692 1630 1586 1277 722 1567 1054 988 626 1325 1625 1678 1163 1345 1799 0 668 1102 908 1610 1747 1694 950 652 1241 1457 1060 1187 1134 473 632 1718 855 1613 1405 834 1432 2021 1431 830 1619 872 1783 957 1348 1145 1616 814 858 960 1438 639 2122 58 356 684 726 1360 1577 735 661 687 609 1341 1672 692 473 1427 1612 1535 590 1056 900 1436 884 984 1157 1260 1069 1134 669 1565 723 1158
600 1727 1318 1096 1159 514 538 1375 751 1324 746 525 1596 1445 858 947 926 1408 1155 846 236 1345 1288 724 860 894 1662 1456 732 894 1783 668 0 671 477 1178 1525 1858 481 886 1475 1235 1294 668 702 658 952 1882 405 1777 886 403 1001 1800 1595 1268 1122 1189 1561 823 1581 1308 1780 1115 556 529 1007 873 1900 629 349 918 719 1594 1811 292 895 201 843 909 1906 926 877 996 1181 1698 406 871 496 1005 445 800 494 829 1302 1368 902 1134 683 727
1034 2161 1752 1319 1593 955 979 1816 1186 1766 1078 657 2038 1887 187 590 1360 1850 1278 293 712 1787 1722 1196 1294 1157 2104 1898 312 1078 2225 1102 671 0 710 869 1967 2300 329 1320 1909 1677 1728 922 567 1099 1386 2324 345 2218 502 356 445 2242 2037 1702 1114 1623 2003 1267 2016 1750 2222 1549 1055 165 544 1307 2342 1063 783 1352 1160 2028 2245 555 1329 677 1277 239 2340 1360 1311 440 909 2140 834 1305 748 523 344 1234 908 367 1737 1802 1337 824 1118 990
840 1967 1558 770 1399 761 785 1623 992 1572 1139 976 1844 1693 630 1129 1166 1656 828 532 522 1593 1528 1002 1100 568 1911 1704 791 1343 2032 908 477 710 0 780 1773 2106 538 1126 1715 1483 1534 1120 331 905 1192 2130 442 2025 1041 447 630 2048 1843 1508 1574 1430 1810 1073 1822 1556 2028 1355 861 586 1073 1114 2148 869 589 1158 966 1835 2051 371 1135 487 1083 675 2146 1166 1117 624 789 1946 646 922 517 1072 463 828 966 896 1543 1608 1143 735 924 401
1541 2669 2259 639 2101 1462 1487 2324 1693 2273 1755 1454 2545 2394 788 1404 1867 2358 582 633 1224 2295 2230 1704 1802 966 2612 2405 1083 1825 2733 1610 1178 869 780 0 2474 2807 1007 1827 2416 2184 2235 1598 727 1607 1893 2831 955 2726 1316 960 636 2749 2544 2209 1928 2131 2511 1775 2523 2258 2729 2056 1562 878 1359 1815 2850 1570 1291 1859 1667 2536 2752 1072 1836 1189 1784 829 2847 1867 1819 630 151 2648 1347 1341 1190 1336 938 1378 1584 1181 2244 2310 1844 226 1625 576
1740 1814 1830 2392 1429 1180 1078 434 1368 299 1309 1841 1011 1386 2154 1993 1572 312 2451 2142 1591 262 1540 852 1646 2190 1046 113 2028 1524 843 1747 1525 1967 1773 2474 0 1035 1815 1393 2121 529 1940 1430 1998 1358 2092 1204 1719 1738 2080 1699 2297 859 1361 2396 1797 1836 452 964 1668 1270 1305 2255 1060 1825 2184 1400 741 1707 1480 1474 1114 1681 1898 1599 1371 1577 1397 2205 1877 1401 1851 2292 2477 1363 1546 2012 1778 2301 1748 1940 1501 2125 1949 1455 1200 2430 1824 2023
1921 1761 1777 2724 1377 1513 1411 601 1446 760 1641 2173 420 644 2487 2326 1519 954 2783 2474 1912 891 1487 1184 1593 2522 455 966 2361 1856 419 1694 1858 2300 2106 2807 1035 0 2147 1340 2068 1140 1887 1762 2331 1691 2145 169 2052 986 2413 2031 2630 347 482 2343 2130 1783 1090 1296 1068 591 270 2327 1393 2157 2517 1391 1429 1655 1670 1421 1446 1629 1845 1932 1318 1898 1361 2538 1215 1348 1903 2624 2810 393 1850 2315 2111 2634 2081 2244 1833 2458 1896 1193 1147 2762 2128 2356
882 2009 1600 1203 1441 802 827 1664 1033 1614 819 519 1886 1734 516 720 1208 1698 1262 495 560 1635 1570 1044 1142 1001 1952 1746 376 889 2073 950 481 329 538 1007 1815 2147 0 1167 1757 1525 1576 663 490 947 1234 2171 120 2066 632 148 695 2090 1885 1550 1118 1471 1851 1115 1863 1598 2069 1396 902 187 664 1155 2190 910 631 1200 1007 1876 2093 403 1177 525 1125 567 2187 1208 1159 690 1048 1988 682 1153 595 663 119 1082 649 487 1584 1650 1184 962 965 835
878 1139 810 1745 554 473 606 1242 317 1192 964 1394 1204 927 1507 1648 418 1276 1803 1495 939 1213 683 675 395 1543 1270 1323 1381 1179 1445 652 886 1320 1126 1827 1393 1340 1167 0 1052 1103 871 1085 1351 467 1103 1364 1072 1259 1623 1051 1650 1667 1077 1301 1452 767 1429 642 993 790 1262 1285 705 1178 1655 89 1768 612 628 313 411 1006 1223 952 198 904 61 1558 1317 321 806 1644 1830 1181 808 1273 1118 1654 1101 1202 1150 1478 880 780 314 1782 1086 1376
1468 1160 942 2334 1261 1184 1318 1971 1154 1920 1713 1983 1933 1656 2096 2300 824 2005 2393 2084 1529 1941 1199 1455 937 2132 1999 2052 1970 1928 2174 1241 1475 1909 1715 2416 2121 2068 1757 1052 0 1831 193 1826 1941 1238 1334 2093 1662 1987 2212 1641 2239 2396 1806 1315 2201 428 2158 1453 1722 1519 1991 1427 1453 1767 2245 1109 2497 1202 1217 876 1223 1208 1375 1542 974 1493 1079 2148 2046 1066 1179 2234 2419 1909 1397 1863 1707 2243 1691 1791 1889 2067 455 1509 1043 2372 1652 1965
1450 1524 1540 2102 1139 890 788 570 1078 520 1019 1551 870 1089 1864 1703 1282 239 2161 1852 1301 299 1250 562 1356 1900 937 582 1738 1234 948 1457 1235 1677 1483 2184 529 1140 1525 1103 1831 0 1650 1140 1709 1068 1802 1309 1430 1449 1790 1409 2007 965 1248 2106 1507 1546 764 674 1379 980 1410 1965 770 1535 1894 1110 1102 1417 1190 1184 824 1391 1608 1310 1081 1287 1108 1916 1587 1111 1561 2002 2187 1343 1256 1722 1489 2011 1459 1650 1211 1835 1659 1165 910 2140 1534 1733
1287 979 761 2153 1080 1003 1137 1790 973 1739 1532 1802 1751 1475 1915 2119 643 1824 2211 1903 1347 1760 1018 1273 756 1951 1818 1871 1789 1747 1993 1060 1294 1728 1534 2235 1940 1887 1576 871 193 1650 0 1644 1759 1057 1179 1912 1480 1806 2031 1460 2058 2215 1625 1161 2020 247 1977 1272 1541 1338 1810 1272 1272 1586 2063 928 2316 1021 1036 695 1042 1027 1194 1360 793 1312 897 1966 1865 885 998 2053 2238 1728 1216 1681 1526 2062 1509 1610 1708 1886 274 1328 862 2191 1483 1784
1162 1757 1668 1747 1372 676 518 1279 1093 1229 202 493 1501 1350 1109 610 1276 1313 1806 1088 887 1250 1482 615 1350 1545 1567 1361 807 358 1688 1187 668 922 1120 1598 1430 1762 663 1085 1826 1140 1644 0 1073 848 1515 1787 703 1681 697 730 1289 1705 1500 1827 693 1540 1466 727 1611 1213 1685 1677 476 780 801 1039 1805 1148 902 1285 752 1624 1841 921 1228 852 1041 1161 1820 1283 1344 1283 1639 1603 968 1434 1130 1050 701 1363 213 889 1653 1398 1143 1554 1246 1378
1065 2193 1783 995 1625 986 1011 1848 1217 1797 1229 928 2069 1918 499 960 1391 1882 1054 401 748 1819 1754 1228 1326 793 2136 1929 621 1299 2257 1134 702 567 331 727 1998 2331 490 1351 1941 1709 1759 1073 0 1131 1417 2355 415 2250 872 420 498 2273 2068 1733 1488 1655 2035 1299 2047 1782 2253 1580 1086 417 904 1339 2374 1094 815 1383 1191 2060 2276 596 1361 713 1308 543 2371 1391 1343 493 768 2172 871 1149 657 903 412 1055 1058 727 1768 1834 1368 682 1149 626
779 1496 1081 1524 925 227 337 1208 483 1157 791 1167 1429 1278 1287 1411 689 1242 1583 1274 724 1179 1054 588 574 1322 1496 1289 1160 1006 1617 473 658 1099 905 1607 1358 1691 947 467 1238 1068 1057 848 1131 0 913 1715 852 1610 1403 831 1430 1633 1428 1111 1279 952 1395 574 1351 1142 1613 1095 510 957 1435 425 1734 433 479 632 343 1364 1580 732 576 710 424 1338 1675 691 563 1424 1609 1532 678 1144 911 1434 881 1073 903 1258 1065 1137 672 1562 956 1155
434 1898 1535 1644 1376 1080 1104 1942 1061 1891 1458 1460 2009 1732 1573 1777 1143 1975 1814 1561 966 1912 1505 1321 1077 1189 2075 2023 1447 1673 2250 632 952 1386 1192 1893 2092 2145 1234 1103 1334 1802 1179 1515 1417 913 0 2169 1138 2064 1689 1118 1716 2367 1882 322 1946 1131 2129 1392 1798 1595 2067 190 1180 1244 1721 1090 2467 593 710 1135 1167 1811 2028 1010 1112 954 1060 1624 2122 1143 808 1711 1889 1986 723 736 945 1720 1167 754 1441 1544 1322 1585 1119 1849 435 1442
1945 1785 1801 2749 1401 1537 1435 770 1470 929 1666 2197 589 685 2511 2350 1544 1123 2807 2499 1936 1060 1511 1208 1617 2546 624 1135 2385 1881 588 1718 1882 2324 2130 2831 1204 169 2171 1364 2093 1309 1912 1787 2355 1715 2169 0 2076 914 2437 2055 2654 516 385 2367 2154 1807 1259 1320 1061 615 117 2351 1417 2182 2541 1415 1598 1679 1694 1445 1470 1653 1869 1956 1342 1922 1385 2562 1201 1373 1927 2648 2834 239 1874 2340 2135 2658 2105 2268 1857 2482 1920 1185 1171 2786 2152 2380
786 1914 1504 1108 1346 707 732 1569 938 1519 859 558 1790 1639 533 736 1112 1603 1167 486 464 1540 1475 949 1047 906 1857 1650 393 929 1978 855 405 345 442 955 1719 2052 120 1072 1662 1430 1480 703 415 852 1138 2076 0 1971 649 53 687 1995 1789 1454 1157 1376 1756 1020 1768 1503 1974 1301 807 203 681 1060 2095 815 536 1104 912 1781 1997 308 1082 429 1030 584 2092 1112 1064 681 995 1893 587 1058 500 680 61 987 688 504 1489 1555 1089 910 870 740
1840 1137 1399 2643 1102 1432 1330 1416 1365 1538 1560 2092 971 664 2406 2245 1438 1622 2702 2393 1831 1559 1202 1103 1512 2441 1005 1669 2280 1775 1129 1613 1777 2218 2025 2726 1738 986 2066 1259 1987 1449 1806 1681 2250 1610 2064 914 1971 0 2332 1950 2549 1333 529 2262 2049 1702 1775 1215 412 527 812 2246 1312 2076 2436 1310 2114 1574 1589 1340 1365 1005 1079 1851 1237 1817 1280 2457 333 1267 1822 2543 2729 700 1769 2234 2030 2553 2000 2163 1752 2377 1815 706 1066 2681 2047 2275
1337 2407 2055 1664 1896 1258 1168 1930 1489 1879 853 361 2151 2000 652 89 1663 1964 1721 741 1015 1900 2026 1266 1598 1462 2218 2011 275 737 2339 1405 886 502 1041 1316 2080 2413 632 1623 2212 1790 2031 697 872 1403 1689 2437 649 2332 0 659 933 2355 2150 2005 790 1927 2117 1378 2262 1864 2335 1852 1127 465 223 1611 2456 1366 1087 1655 1403 2275 2491 859 1632 980 1580 704 2471 1663 1615 927 1357 2254 1138 1609 1051 540 647 1538 827 193 2040 2048 1640 1272 1421 1295
765 1893 1484 1092 1325 686 711 1548 917 1498 886 586 1770 1618 543 747 1092 1582 1151 512 444 1519 1454 928 1026 890 1836 1629 415 956 1957 834 403 356 447 960 1699 2031 148 1051 1641 1409 1460 730 420 831 1118 2055 53 1950 659 0 712 1974 1769 1434 1185 1355 1735 999 1747 1482 1953 1280 786 214 691 1039 2074 794 515 1084 891 1760 1977 287 1061 409 1009 594 2071 1091 1043 707 1001 1872 566 1037 479 690 82 966 716 514 1468 1534 1068 915 849 724
1364 2491 2082 1086 1923 1285 1309 2147 1516 2096 1445 1088 2368 2217 327 1021 1690 2181 1045 293 1047 2117 2052 1526 1624 1092 2435 2228 743 1509 2556 1432 1001 445 630 636 2297 2630 695 1650 2239 2007 2058 1289 498 1430 1716 2654 687 2549 933 712 0 2572 2367 2032 1545 1954 2334 1597 2346 2080 2552 1879 1385 546 963 1638 2673 1393 1114 1682 1490 2359 2575 895 1659 1012 1607 274 2670 1690 1641 6 676 2471 1170 1461 990 871 660 1371 1275 798 2067 2132 1667 591 1448 925
2015 2089 2105 2667 1704 1455 1353 425 1643 584 1584 2116 563 937 2429 2268 1847 779 2726 2417 1866 716 1814 1127 1920 2465 597 790 2303 1799 394 2021 1800 2242 2048 2749 859 347 2090 1667 2396 965 2215 1705 2273 1633 2367 516 1995 1333 2355 1974 2572 0 829 2670 2072 2110 914 1239 1415 938 617 2530 1335 2100 2459 1675 1253 1982 1755 1748 1389 1956 2172 1875 1645 1852 1672 2481 1562 1676 2126 2567 2752 740 1821 2287 2054 2576 2024 2215 1776 2400 2224 1540 1475 2705 2099 2298
1658 1402 1508 2462 1114 1250 1148 927 1184 1086 1379 1910 491 398 2224 2063 1257 1281 2520 2212 1649 1217 1224 922 1330 2260 526 1292 2098 1594 640 1431 1595 2037 1843 2544 1361 482 1885 1077 1806 1248 1625 1500 2068 1428 1882 385 1789 529 2150 1769 2367 829 0 2080 1867 1520 1416 1033 676 328 283 2064 1130 1895 2254 1128 1755 1392 1407 1158 1183 1269 1497 1669 1055 1635 1098 2275 816 1086 1640 2362 2547 201 1587 2053 1848 2371 1818 1982 1571 2195 1633 800 884 2500 1865 2093
750 1988 1733 1947 1574 1312 1412 2245 1260 2195 1770 1776 2207 1930 1889 2093 1341 2279 2118 1877 1282 2216 1703 1628 1275 1493 2274 2327 1763 1985 2449 830 1268 1702 1508 2209 2396 2343 1550 1301 1315 2106 1161 1827 1733 1111 322 2367 1454 2262 2005 1434 2032 2670 2080 0 2259 1195 2432 1596 1997 1794 2265 220 1496 1560 2037 1289 2771 791 1026 1333 1365 2010 2203 1326 1310 1270 1258 1940 2321 1341 1006 2027 2198 2184 1039 1039 1261 2036 1483 1057 1757 1860 1303 1783 1318 2165 751 1758
1594 2124 2044 2201 1740 1108 949 1647 1499 1596 589 668 1868 1717 1301 703 1652 1681 2260 1352 1342 1617 1850 983 1726 1999 1935 1728 883 533 2056 1619 1122 1114 1574 1928 1797 2130 1118 1452 2201 1507 2020 693 1488 1279 1946 2154 1157 2049 790 1185 1545 2072 1867 2259 0 1916 1834 1095 1979 1580 2052 2109 879 1074 894 1406 2173 1579 1334 1661 1120 1992 2208 1375 1603 1307 1409 1353 2188 1658 1776 1539 1969 1971 1400 1866 1585 1144 1156 1794 824 982 2029 1765 1510 1884 1678 1833
1182 940 722 2048 1014 898 1032 1685 868 1635 1427 1698 1647 1370 1811 2015 539 1719 2107 1798 1243 1656 979 1169 635 1846 1713 1767 1684 1642 1888 872 1189 1623 1430 2131 1836 1783 1471 767 428 1546 247 1540 1655 952 1131 1807 1376 1702 1927 1355 1954 2110 1520 1195 1916 0 1872 1168 1437 1234 1705 1305 1167 1481 1959 823 2211 832 931 590 937 988 1155 1256 688 1208 793 1862 1761 781 805 1948 2133 1624 1111 1577 1421 1958 1405 1506 1603 1782 256 1223 758 2086 1387 1679
1776 1851 1867 2428 1466 1216 1115 489 1404 354 1345 1877 1066 1436 2191 2030 1609 547 2487 2178 1628 484 1576 888 1682 2226 1101 435 2064 1560 898 1783 1561 2003 1810 2511 452 1090 1851 1429 2158 764 1977 1466 2035 1395 2129 1259 1756 1775 2117 1735 2334 914 1416 2432 1834 1872 0 1000 1705 1307 1360 2291 1096 1861 2221 1436 372 1744 1516 1510 1150 1718 1934 1636 1407 1614 1434 2242 1914 1438 1887 2328 2513 1418 1582 2048 1815 2338 1785 1977 1537 2162 1985 1491 1236 2466 1860 2059
1040 1291 1295 1692 906 430 396 813 720 763 606 1138 1035 883 1454 1291 904 847 1751 1442 891 784 1016 124 977 1490 1101 894 1328 821 1222 957 823 1267 1073 1775 964 1296 1115 642 1453 674 1272 727 1299 574 1392 1320 1020 1215 1378 999 1597 1239 1033 1596 1095 1168 1000 0 1145 747 1218 1555 372 1125 1482 596 1339 918 763 904 265 1158 1374 900 803 878 598 1506 1354 854 1047 1592 1777 1137 846 1312 1079 1602 1049 1241 798 1425 1281 932 648 1730 1124 1323
1574 726 988 2440 691 1297 1260 1495 1100 1468 1490 2022 1044 656 2203 2175 1173 1552 2499 2190 1635 1489 791 1033 1246 2238 1088 1599 2077 1705 1211 1348 1581 2016 1822 2523 1668 1068 1863 993 1722 1379 1541 1611 2047 1351 1798 1061 1768 412 2262 1747 2346 1415 676 1997 1979 1437 1705 1145 0 520 959 1980 1242 1874 2351 1045 2044 1308 1324 1074 1153 593 821 1648 971 1600 1014 2254 324 886 1557 2340 2526 871 1504 1969 1813 2350 1797 1898 1682 2174 1540 294 801 2478 1781 2072
1371 1212 1228 2175 827 963 862 1020 897 1069 1092 1624 525 136 1938 1777 970 1154 2234 1925 1362 1090 937 635 1044 1973 591 1201 1811 1307 733 1145 1308 1750 1556 2258 1270 591 1598 790 1519 980 1338 1213 1782 1142 1595 615 1503 527 1864 1482 2080 938 328 1794 1580 1234 1307 747 520 0 513 1777 843 1608 1968 842 1646 1105 1121 872 897 1079 1296 1383 768 1349 811 1989 666 799 1354 2075 2260 431 1301 1766 1562 2085 1532 1695 1284 1908 1347 644 598 2213 1578 1806
1843 1683 1699 2647 1299 1435 1333 871 1368 1029 1564 2095 668 583 2409 2248 1442 1224 2705 2397 1834 1161 1409 1107 1515 2444 702 1235 2283 1779 689 1616 1780 2222 2028 2729 1305 270 2069 1262 1991 1410 1810 1685 2253 1613 2067 117 1974 812 2335 1953 2552 617 283 2265 2052 1705 1360 1218 959 513 0 2249 1315 2080 2439 1313 1699 1577 1592 1343 1368 1551 1767 1854 1240 1820 1283 2460 1099 1271 1825 2546 2732 160 1772 2238 2033 2556 2003 2166 1755 2380 1818 1083 1069 2684 2050 2278
618 2076 1717 1760 1558 1243 1267 2104 1243 2054 1621 1623 2191 1914 1736 1940 1325 2138 1930 1724 1129 2075 1687 1484 1259 1305 2257 2186 1610 1836 2432 814 1115 1549 1355 2056 2255 2327 1396 1285 1427 1965 1272 1677 1580 1095 190 2351 1301 2246 1852 1280 1879 2530 2064 220 2109 1305 2291 1555 1980 1777 2249 0 1343 1407 1884 1272 2630 775 893 1317 1349 1993 2210 1172 1294 1117 1242 1787 2304 1325 990 1873 2027 2168 886 852 1108 1883 1330 870 1603 1707 1414 1767 1301 2011 569 1605
828 1387 1296 1480 1002 334 180 910 755 859 391 874 1131 980 1242 1040 904 943 1538 1230 679 880 1113 270 977 1278 1197 991 1116 606 1318 858 556 1055 861 1562 1060 1393 902 705 1453 770 1272 476 1086 510 1180 1417 807 1312 1127 786 1385 1335 1130 1496 879 1167 1096 372 1242 843 1315 1343 0 913 1231 659 1435 818 568 913 372 1254 1471 687 855 665 661 1293 1450 910 1015 1379 1565 1233 634 1099 866 1389 836 1028 534 1213 1281 1028 773 1517 912 1111
892 2019 1610 1219 1451 813 837 1674 1044 1624 936 617 1896 1745 352 552 1218 1708 1278 353 570 1645 1580 1054 1152 1017 1962 1756 205 1006 2083 960 529 165 586 878 1825 2157 187 1178 1767 1535 1586 780 417 957 1244 2182 203 2076 465 214 546 2100 1895 1560 1074 1481 1861 1125 1874 1608 2080 1407 913 0 500 1165 2200 921 641 1210 1018 1886 2103 413 1187 535 1135 403 2198 1218 1169 540 919 1998 692 1163 606 499 202 1092 766 323 1595 1660 1195 834 976 850
1369 2497 2087 1696 1929 1290 1272 2034 1521 1983 957 555 2255 2104 652 274 1695 2068 1755 783 1047 2004 2058 1370 1630 1494 2322 2115 408 841 2443 1438 1007 544 1073 1359 2184 2517 664 1655 2245 1894 2063 801 904 1435 1721 2541 681 2436 223 691 963 2459 2254 2037 894 1959 2221 1482 2351 1968 2439 1884 1231 500 0 1643 2560 1398 1119 1687 1495 2364 2580 891 1665 1012 1613 704 2575 1695 1647 958 1399 2358 1170 1641 1083 361 679 1570 931 225 2072 2138 1672 1314 1453 1328
866 1190 861 1732 605 422 556 1249 342 1199 918 1382 1255 978 1495 1602 469 1283 1791 1482 927 1220 734 629 446 1530 1322 1331 1368 1133 1497 639 873 1307 1114 1815 1400 1391 1155 89 1109 1110 928 1039 1339 425 1090 1415 1060 1310 1611 1039 1638 1675 1128 1289 1406 823 1436 596 1045 842 1313 1272 659 1165 1643 0 1775 600 615 362 365 1058 1274 940 250 892 45 1546 1369 372 793 1632 1818 1232 795 1261 1105 1642 1089 1190 1104 1466 937 831 366 1770 1073 1364
2115 2189 2205 2767 1805 1555 1454 828 1743 693 1684 2216 1405 1775 2530 2369 1948 886 2826 2517 1967 823 1915 1227 2021 2565 1440 724 2403 1899 1237 2122 1900 2342 2148 2850 741 1429 2190 1768 2497 1102 2316 1805 2374 1734 2467 1598 2095 2114 2456 2074 2673 1253 1755 2771 2173 2211 372 1339 2044 1646 1699 2630 1435 2200 2560 1775 0 2083 1855 1849 1489 2057 2273 1975 1746 1953 1773 2581 2253 1777 2226 2667 2852 1757 1921 2387 2154 2677 2124 2316 1876 2501 2324 1830 1575 2805 2199 2398
434 1454 1045 1488 886 629 726 1557 576 1506 1091 1137 1519 1242 1250 1454 653 1591 1546 1238 682 1528 1015 949 587 1285 1585 1638 1124 1306 1760 58 629 1063 869 1570 1707 1655 910 612 1202 1417 1021 1148 1094 433 593 1679 815 1574 1366 794 1393 1982 1392 791 1579 832 1744 918 1308 1105 1577 775 818 921 1398 600 2083 0 336 645 687 1321 1538 695 622 647 570 1301 1632 652 434 1387 1573 1495 551 1016 861 1397 844 945 1117 1221 1029 1095 629 1525 683 1119
331 1469 1060 1208 901 428 492 1330 568 1279 846 858 1534 1257 971 1174 668 1363 1267 958 403 1300 1030 709 602 1006 1600 1411 844 1061 1739 356 349 783 589 1291 1480 1670 631 628 1217 1190 1036 902 815 479 710 1694 536 1589 1087 515 1114 1755 1407 1026 1334 931 1516 763 1324 1121 1592 893 568 641 1119 615 1855 336 0 660 633 1337 1553 416 637 368 585 1022 1648 668 619 1108 1293 1511 266 731 576 1118 565 660 838 942 1045 1110 645 1246 544 839
911 1029 554 1777 476 644 777 1323 458 1273 1172 1426 1285 1008 1539 1743 162 1357 1835 1527 971 1294 536 838 340 1575 1351 1404 1413 1387 1526 684 918 1352 1158 1859 1474 1421 1200 313 876 1184 695 1285 1383 632 1135 1445 1104 1340 1655 1084 1682 1748 1158 1333 1661 590 1510 904 1074 872 1343 1317 913 1210 1687 362 1849 645 660 0 673 986 1203 984 125 936 331 1590 1399 243 783 1677 1862 1262 840 1305 1150 1686 1133 1234 1349 1510 703 861 395 1815 1118 1408
931 1299 1066 1584 913 286 361 963 525 913 631 1158 1153 1033 1347 1316 674 997 1643 1334 784 934 1025 329 746 1382 1219 1044 1221 846 1372 726 719 1160 966 1667 1114 1446 1007 411 1223 824 1042 752 1191 343 1167 1470 912 1365 1403 891 1490 1389 1183 1365 1120 937 1150 265 1153 897 1368 1349 372 1018 1495 365 1489 687 633 673 0 1166 1383 792 572 770 368 1398 1476 680 817 1484 1670 1287 739 1204 971 1494 941 1133 818 1318 1050 940 552 1622 1017 1216
1587 140 522 2453 549 1310 1273 1531 1113 1480 1503 2035 1493 1202 2216 2188 940 1565 2512 2203 1648 1502 578 1046 1234 2251 1559 1612 2089 1718 1734 1360 1594 2028 1835 2536 1681 1629 1876 1006 1208 1391 1027 1624 2060 1364 1811 1653 1781 1005 2275 1760 2359 1956 1269 2010 1992 988 1718 1158 593 1079 1551 1993 1254 1886 2364 1058 2057 1321 1337 986 1166 0 240 1661 976 1613 1027 2267 917 744 1570 2353 2539 1464 1517 1982 1826 2363 1810 1911 1695 2187 987 652 814 2491 1794 2085
1804 292 689 2670 765 1526 1489 1747 1329 1697 1720 2251 1709 1418 2432 2404 1107 1781 2729 2420 1864 1718 794 1263 1450 2468 1776 1829 2306 1935 1951 1577 1811 2245 2051 2752 1898 1845 2093 1223 1375 1608 1194 1841 2276 1580 2028 1869 1997 1079 2491 1977 2575 2172 1497 2203 2208 1155 1934 1374 821 1296 1767 2210 1471 2103 2580 1274 2273 1538 1553 1203 1383 240 0 1877 1192 1829 1244 2483 883 961 1764 2570 2755 1686 1733 2198 2043 2579 2026 2127 1912 2403 1155 869 1030 2708 2011 2301
666 1794 1384 989 1226 587 612 1449 818 1398 965 778 1670 1519 742 946 992 1483 1048 730 266 1420 1355 829 927 787 1737 1530 616 1147 1858 735 292 555 371 1072 1599 1932 403 952 1542 1310 1360 921 596 732 1010 1956 308 1851 859 287 895 1875 1669 1326 1375 1256 1636 900 1648 1383 1854 1172 687 413 891 940 1975 695 416 984 792 1661 1877 0 962 250 909 794 1972 992 944 889 1075 1773 295 842 217 890 337 748 760 713 1369 1435 969 1027 741 621
888 1108 653 1754 469 586 720 1220 373 1170 1115 1403 1182 905 1516 1720 261 1254 1813 1504 949 1191 542 735 368 1552 1248 1301 1390 1330 1423 661 895 1329 1135 1836 1371 1318 1177 198 974 1081 793 1228 1361 576 1112 1342 1082 1237 1632 1061 1659 1645 1055 1310 1603 688 1407 803 971 768 1240 1294 855 1187 1665 250 1746 622 637 125 572 976 1192 962 0 914 219 1568 1296 236 827 1654 1839 1159 817 1283 1127 1663 1111 1211 1291 1487 801 758 292 1792 1095 1385
618 1746 1336 1106 1178 565 590 1427 808 1376 935 710 1648 1485 864 1068 944 1461 1165 852 75 1397 1307 807 879 904 1715 1508 738 1079 1836 687 201 677 487 1189 1577 1898 525 904 1493 1287 1312 852 713 710 954 1922 429 1817 980 409 1012 1852 1635 1270 1307 1208 1614 878 1600 1349 1820 1117 665 535 1012 892 1953 647 368 936 770 1613 1829 250 914 0 861 915 1924 944 896 1006 1191 1739 370 873 348 1011 458 802 690 835 1321 1387 921 1144 686 737
836 1160 831 1702 575 429 563 1247 306 1197 920 1351 1225 948 1464 1605 439 1281 1761 1452 896 1218 704 632 416 1500 1291 1328 1338 1135 1466 609 843 1277 1083 1784 1397 1361 1125 61 1079 1108 897 1041 1308 424 1060 1385 1030 1280 1580 1009 1607 1672 1098 1258 1409 793 1434 598 1014 811 1283 1242 661 1135 1613 45 1773 570 585 331 368 1027 1244 909 219 861 0 1515 1338 342 763 1602 1787 1201 765 1230 1075 1611 1058 1159 1107 1435 906 801 335 1740 1043 1333
