NAME: zurich_100_16
COMMENT: TSP instance with 100 nodes. City: Zurich, Switzerland, Seed: 58
TYPE: TSP
DIMENSION: 100
EDGE_WEIGHT_TYPE: EXPLICIT
EDGE_WEIGHT_FORMAT: FULL_MATRIX
NODE_COORD_SECTION:
1 47.3003248 8.5608994
2 47.3613011 8.4586668
3 47.3912618 8.7668064
4 47.3726998 8.5344838
5 47.5274008 8.5495292
6 47.2738743 8.6383978
7 47.3862335 8.6144427
8 47.3498954 8.378777
9 47.4453819 8.7009788
10 47.5466331 8.7150133
11 47.2747726 8.6345922
12 47.2890692 8.7293636
13 47.3536769 8.3390259
14 47.4517333 8.5812348
15 47.4915206 8.7214952
16 47.4204743 8.6262076
17 47.4543151 8.4389284
18 47.4715173 8.3063731
19 47.438393 8.4726311
20 47.2938778 8.5625274
21 47.3378501 8.4579858
22 47.3140814 8.4041507
23 47.39969 8.4772415
24 47.376282 8.4948347
25 47.3986646 8.511757
26 47.1984126 8.4798808
27 47.2153358 8.3640625
28 47.2561546 8.7793297
29 47.2345656 8.4223288
30 47.4449042 8.5705216
31 47.4080976 8.5906904
32 47.4051847 8.4495267
33 47.4121432 8.5494962
34 47.2316434 8.4837339
35 47.3856759 8.7526131
36 47.3472524 8.7013805
37 47.4088746 8.6006726
38 47.3368864 8.5820355
39 47.3210331 8.6401158
40 47.3886778 8.5255923
41 47.3768538 8.5206568
42 47.3587778 8.6299097
43 47.3965306 8.4311258
44 47.3930445 8.542492
45 47.406355 8.4614526
46 47.3649694 8.5310654
47 47.3236503 8.4731256
48 47.3633421 8.5547229
49 47.5344376 8.7619902
50 47.3813801 8.4989569
51 47.4461584 8.798095
52 47.3838681 8.6636622
53 47.3898004 8.4335651
54 47.412231 8.613286
55 47.2803431 8.4504227
56 47.3941324 8.4342711
57 47.5175955 8.6474078
58 47.3730283 8.4852621
59 47.3894442 8.631349
60 47.4123857 8.6882479
61 47.3438501 8.2822575
62 47.5519298 8.7961142
63 47.4374791 8.4738387
64 47.4204455 8.2765166
65 47.5183598 8.5932475
66 47.2569469 8.4556405
67 47.4524547 8.4365813
68 47.4145777 8.5900438
69 47.3299176 8.5297639
70 47.3833898 8.4777196
71 47.3653857 8.5609966
72 47.4426532 8.6368528
73 47.4103656 8.3958504
74 47.5266845 8.7816832
75 47.2036441 8.695488
76 47.2886368 8.5407119
77 47.4759373 8.2850875
78 47.444769 8.6239583
79 47.3751131 8.5374464
80 47.4853213 8.6990472
81 47.4090366 8.6454775
82 47.2416759 8.6453559
83 47.4817946 8.4590375
84 47.2854042 8.5709553
85 47.2509164 8.4670055
86 47.4714555 8.401683
87 47.4318163 8.4708787
88 47.3864502 8.4965177
89 47.2229285 8.6294553
90 47.4011915 8.5500901
91 47.3328287 8.5724289
92 47.331762 8.6531784
93 47.2121713 8.6993692
94 47.2804809 8.7614762
95 47.5233303 8.3582188
96 47.3972241 8.6050708
97 47.4495753 8.5819707
98 47.4102787 8.6534508
99 47.3067659 8.5423091
100 47.5268983 8.5489936
EDGE_WEIGHT_SECTION:
0 857 1812 567 1593 1571 1180 902 1417 1888 1568 1572 1138 1168 1615 1140 1485 1402 1243 81 686 960 910 717 942 1347 1599 2059 1242 1111 1159 1025 957 1140 1703 1610 1109 975 1312 737 595 1177 945 805 1092 526 799 723 1920 706 2107 1437 984 1178 964 973 1859 752 1295 1472 1394 2033 1235 1648 1631 977 1466 1122 294 831 770 1449 1109 1905 760 279 1597 1368 613 1677 1218 616 1576 175 1122 1548 1193 724 548 862 951 1401 836 1745 1999 1124 1174 1287 207 1580
857 0 1690 487 1429 1519 1124 493 1295 1766 1516 1520 729 1004 1493 1018 964 881 734 838 333 535 500 322 726 1139 1372 2007 1015 905 955 470 808 1007 1581 1487 973 923 1260 574 439 1121 424 687 668 509 449 671 1798 359 1984 1314 419 1046 737 408 1706 229 1172 1350 984 1911 730 1239 1466 750 986 999 596 357 718 1308 587 1783 1273 928 1076 1204 532 1555 1096 1129 1055 878 894 1026 771 382 1061 715 899 1349 1350 1694 1478 1002 1010 1165 741 1415
1812 1690 0 1252 1523 1317 929 1885 601 1154 1333 985 2121 1098 881 732 1477 1826 1247 1793 1726 2011 1443 1399 1218 2482 2716 1246 2358 1041 983 1457 1094 2351 121 593 841 1293 1115 1195 1281 888 1540 1108 1531 1350 1915 1327 1186 1388 585 580 1576 834 2080 1564 1125 1485 831 524 2377 1299 1243 2347 1379 2093 1499 951 1551 1513 1338 950 1554 1171 2228 1883 2021 979 1232 932 719 2084 1568 1833 2238 1710 1283 1377 2016 1022 1387 1104 2305 1083 2170 898 1104 778 1696 1510
567 487 1252 0 1033 1038 640 774 858 1328 1035 1039 1009 608 1055 580 949 1022 719 549 557 831 434 264 395 1238 1471 1526 1113 552 599 582 397 1106 1143 1050 550 443 779 197 118 638 654 245 639 105 670 190 1361 253 1547 877 709 618 836 639 1300 319 735 913 1265 1474 716 1495 1071 849 972 562 306 378 236 890 779 1346 983 638 1218 809 57 1118 658 839 1040 588 993 1163 711 271 771 303 419 868 1060 1213 1619 564 614 728 452 1020
1593 1429 1523 1033 0 2020 975 1575 1129 1069 2018 1773 1811 553 1167 851 939 1516 910 1574 1433 1701 1180 1180 999 2235 2468 2083 2111 549 760 1147 794 2103 1414 1321 790 1416 1659 976 1062 1234 1230 889 1221 1131 1667 1109 1188 1169 1810 1148 1266 863 1833 1255 637 1266 1006 1183 2067 1301 918 2037 389 1846 973 778 1332 1294 1146 854 1244 1173 2009 1664 1711 750 1013 1178 929 1865 656 1614 1990 1122 961 1158 1797 804 1401 1510 2086 1860 1205 835 571 998 1477 18
1571 1519 1317 1038 2020 0 1134 1786 1567 2078 33 571 2022 1595 1805 1317 1931 2055 1701 1561 1570 1844 1467 1297 1376 2250 2483 879 2126 1539 1488 1615 1383 2118 1202 813 1300 774 435 1225 1151 796 1687 1219 1672 1068 1683 936 2111 1286 1783 1102 1742 1355 1848 1672 2050 1351 1214 1339 2278 2223 1697 2522 2058 1861 1953 1414 1318 1411 1003 1641 1812 2095 1996 1650 2251 1594 1092 1867 1304 1852 2022 1601 2006 2164 1692 1304 1784 1280 672 574 2072 744 2624 1220 1601 1363 1464 2007
1180 1124 929 640 975 1134 0 1338 644 1115 1150 909 1573 550 842 365 929 1278 699 1170 1136 1453 888 845 664 1859 2092 1396 1735 494 435 910 520 1727 820 695 248 695 764 641 726 340 992 557 983 677 1292 570 1147 834 1333 399 1028 302 1457 1017 1086 930 203 579 1829 1260 696 1799 1013 1470 951 362 928 959 526 675 1007 1132 1605 1260 1474 629 625 904 370 1461 1020 1210 1615 1162 736 822 1393 471 789 616 1681 1082 1623 168 556 440 1073 962
902 493 1885 774 1575 1786 1338 0 1491 1962 1783 1787 344 1150 1689 1213 1111 1028 881 884 386 469 735 815 1099 1187 1192 2274 1014 1052 1123 651 1113 1056 1776 1683 1152 1190 1527 944 802 1392 571 1011 848 733 620 938 1994 852 2180 1510 610 1225 785 599 1853 722 1368 1546 600 2107 877 854 1613 798 1133 1230 641 850 985 1455 614 1979 1318 973 1223 1351 819 1751 1291 1174 1202 923 943 1173 918 875 1106 1069 1166 1616 1395 1960 1625 1197 1157 1361 787 1562
1417 1295 601 858 1129 1567 644 1491 0 701 1584 1231 1727 704 414 347 1082 1431 852 1399 1332 1617 1048 1005 824 2088 2321 1542 1964 647 589 1063 700 1956 504 772 451 1241 1311 801 887 886 1146 714 1136 955 1521 933 733 994 750 587 1181 449 1686 1170 672 1090 651 313 1983 846 849 1952 921 1699 1105 561 1156 1119 970 470 1160 718 1834 1488 1627 524 837 363 429 1690 1173 1439 1844 1315 889 982 1621 628 1226 1162 1910 1319 1776 504 710 498 1302 1116
1888 1766 1154 1328 1069 2078 1115 1962 701 0 2095 1743 2197 1174 535 817 1553 1902 1323 1869 1802 2087 1519 1475 1294 2558 2792 2053 2434 1117 1059 1533 1170 2427 1056 1291 922 1711 1798 1271 1357 1373 1616 1184 1607 1426 1991 1403 369 1464 1101 1113 1652 920 2157 1641 473 1561 1122 847 2453 558 1319 2423 727 2170 1575 1031 1627 1589 1441 970 1630 430 2304 1959 2097 1024 1308 631 899 2160 1620 1909 2314 1786 1359 1453 2092 1099 1696 1650 2381 1830 2169 974 1180 969 1772 1056
1568 1516 1333 1035 2018 33 1150 1783 1584 2095 0 587 2019 1593 1822 1333 1928 2052 1698 1558 1567 1841 1464 1294 1373 2247 2480 896 2123 1536 1495 1612 1380 2115 1219 830 1317 771 452 1222 1148 813 1684 1216 1669 1065 1680 933 2127 1283 1800 1119 1739 1371 1845 1669 2067 1348 1230 1355 2274 2240 1694 2519 2055 1858 1950 1431 1315 1408 1000 1658 1809 2112 1993 1647 2248 1611 1089 1884 1321 1849 2019 1598 2002 2161 1689 1301 1780 1277 669 591 2069 761 2621 1237 1598 1380 1461 2005
1572 1520 985 1039 1773 571 909 1787 1231 1743 587 0 2023 1348 1470 981 1726 2048 1496 1562 1571 1845 1460 1298 1313 2251 2484 554 2127 1291 1233 1608 1320 2119 870 504 1058 731 391 1166 1152 575 1688 1156 1647 1069 1684 888 1775 1287 1451 839 1744 1084 1849 1673 1714 1353 988 1003 2279 1888 1493 2523 1811 1862 1749 1172 1320 1412 886 1305 1792 1760 1997 1652 2244 1259 1038 1532 969 1853 1817 1602 2007 1959 1533 1305 1785 1217 826 353 2074 240 2420 996 1354 1027 1465 1760
1138 729 2121 1009 1811 2022 1573 344 1727 2197 2019 2023 0 1386 1924 1449 1347 1106 1117 1119 621 590 971 1051 1334 1423 1116 2510 1109 1288 1358 886 1349 1291 2012 1919 1388 1426 1762 1179 1038 1628 807 1247 1084 968 855 1174 2230 1088 2416 1746 846 1461 977 834 2088 958 1604 1781 398 2342 1113 746 1849 1034 1369 1466 877 1086 1220 1690 869 2214 1554 1209 1254 1586 1055 1986 1527 1410 1437 1159 1178 1409 1153 1111 1342 1305 1402 1852 1631 2196 1703 1433 1392 1596 1022 1798
1168 1004 1098 608 553 1595 550 1150 704 1174 1593 1348 1386 0 901 419 742 1091 512 1149 1008 1276 755 755 574 1810 2043 1658 1686 107 335 722 369 1678 989 896 365 991 1234 551 637 809 805 464 796 706 1242 684 1207 744 1393 723 841 438 1408 830 748 841 581 756 1642 1319 508 1612 526 1421 764 353 907 869 721 320 819 1191 1584 1239 1286 216 588 885 504 1440 799 1189 1565 975 548 733 1372 379 976 1085 1661 1435 1355 410 22 573 1052 540
1615 1493 881 1055 1167 1805 842 1689 414 535 1822 1470 1924 901 0 544 1280 1629 1050 1596 1529 1814 1246 1202 1021 2285 2519 1780 2161 844 786 1260 897 2154 783 1018 649 1438 1525 998 1084 1100 1343 911 1334 1153 1718 1130 538 1191 747 840 1379 647 1884 1368 571 1288 849 574 2180 693 1046 2150 824 1897 1302 758 1354 1316 1168 676 1357 511 2031 1686 1824 729 1035 337 626 1887 1371 1636 2041 1513 1086 1180 1819 826 1423 1377 2108 1557 1973 701 907 696 1499 1154
1140 1018 732 580 851 1317 365 1213 347 817 1333 981 1449 419 544 0 805 1154 575 1121 1054 1339 770 727 546 1810 2044 1292 1686 369 311 785 422 1679 623 530 142 963 1048 523 609 623 868 436 859 678 1243 655 850 716 1036 356 904 120 1408 892 789 812 360 392 1705 962 571 1675 887 1421 827 252 879 841 693 327 882 834 1556 1211 1349 281 560 606 138 1412 895 1161 1566 1037 611 704 1344 350 948 900 1633 1069 1498 226 399 207 1024 838
1485 964 1477 949 939 1931 929 1111 1082 1553 1928 1726 1347 742 1280 805 0 655 246 1467 969 1237 745 885 683 1770 2003 2037 1646 643 714 683 704 1638 1368 1274 744 1326 1607 820 943 1187 765 779 699 1047 1203 1019 1585 855 1771 1101 801 817 1368 790 1444 909 959 1137 1602 1698 255 1181 1205 1381 91 821 1224 869 1054 1046 743 1570 1901 1556 851 942 929 1342 883 1757 365 1506 1526 292 296 786 1689 749 1311 1464 1978 1814 963 789 748 952 1370 926
1402 881 1826 1022 1516 2055 1278 1028 1431 1902 2052 2048 1106 1091 1629 1154 655 0 821 1383 885 1153 734 934 1039 1687 1920 2386 1563 992 1063 750 1053 1555 1717 1623 1093 1459 1788 908 947 1536 682 1049 931 1083 1119 1199 1934 903 2120 1450 718 1166 1285 707 1793 947 1308 1486 1190 2047 818 602 1554 1298 723 1170 1141 902 1243 1395 525 1919 1818 1473 196 1291 1057 1691 1232 1674 954 1423 1442 583 858 835 1606 1056 1436 1813 1895 2163 597 1138 1097 1301 1286 1503
1243 734 1247 719 910 1701 699 881 852 1323 1698 1496 1117 512 1050 575 246 821 0 1224 739 1007 508 639 453 1540 1774 1807 1416 413 484 453 474 1409 1138 1045 514 1096 1377 579 714 957 535 549 453 817 973 789 1355 610 1542 871 571 587 1138 560 1214 663 730 907 1372 1468 10 1342 975 1151 268 591 982 623 824 816 541 1340 1659 1314 1017 712 699 1112 653 1515 336 1264 1296 478 50 541 1447 519 1081 1234 1736 1584 939 559 518 722 1127 897
81 838 1793 549 1574 1561 1170 884 1399 1869 1558 1562 1119 1149 1596 1121 1467 1383 1224 0 667 941 892 698 924 1320 1581 2049 1223 1093 1140 1006 938 1113 1684 1591 1091 965 1302 719 577 1167 927 786 1074 508 780 713 1902 687 2088 1418 966 1159 946 954 1841 733 1276 1454 1375 2015 1217 1629 1612 959 1447 1103 276 812 760 1431 1090 1887 741 252 1579 1350 594 1659 1199 597 1557 114 1103 1529 1175 705 529 844 941 1391 818 1735 1980 1105 1155 1269 196 1561
686 333 1726 557 1433 1570 1136 386 1332 1802 1567 1571 621 1008 1529 1054 969 885 739 667 0 445 593 638 888 821 1054 2058 697 910 980 508 913 689 1617 1524 1010 974 1311 727 586 1176 429 795 706 517 368 722 1835 643 2021 1351 468 1083 415 456 1710 562 1209 1387 877 1948 735 1131 1471 432 991 1080 425 690 769 1312 592 1820 1102 757 1081 1208 603 1592 1132 958 1060 707 576 1031 775 669 890 853 950 1400 1179 1744 1482 1038 1014 1202 570 1420
960 535 2011 831 1701 1844 1453 469 1617 2087 1841 1845 590 1276 1814 1339 1237 1153 1007 941 445 0 861 857 1207 1038 1021 2332 720 1178 1249 777 1221 906 1902 1809 1278 1248 1585 1001 860 1450 697 1069 974 791 426 996 2120 894 2306 1636 727 1351 454 716 1978 764 1494 1672 884 2233 1003 1129 1739 649 1259 1335 699 892 1043 1581 860 2105 1376 954 1349 1477 877 1877 1417 1232 1328 981 793 1299 1044 917 1164 1127 1224 1674 1453 2018 1751 1323 1282 1487 844 1688
910 500 1443 434 1180 1467 888 735 1048 1519 1464 1460 971 755 1246 770 745 734 508 892 593 861 0 307 428 1394 1628 1947 1270 679 771 173 561 1263 1334 1240 740 871 1200 319 358 1058 282 461 370 488 827 611 1551 277 1737 1067 338 809 993 268 1449 304 925 1103 1227 1664 502 1255 1218 1006 745 752 649 249 655 1060 398 1536 1326 981 930 956 469 1308 849 1183 835 931 1150 880 502 213 1114 468 847 1289 1403 1633 1331 755 761 918 795 1167
717 322 1399 264 1180 1297 845 815 1005 1475 1294 1298 1051 755 1202 727 885 934 639 698 638 857 307 0 446 1387 1621 1784 1263 699 746 452 517 1256 1290 1197 696 701 1037 284 194 898 503 417 489 294 771 449 1508 104 1694 1024 549 765 985 488 1447 117 882 1059 1307 1620 632 1455 1218 998 862 709 456 183 495 1036 677 1492 1133 788 1129 955 309 1264 805 989 976 738 1143 1080 590 127 921 425 677 1127 1210 1471 1531 711 761 875 601 1167
942 726 1218 395 999 1376 664 1099 824 1294 1373 1313 1334 574 1021 546 683 1039 453 924 888 1207 428 446 0 1613 1846 1779 1489 518 564 501 336 1481 1109 1016 516 772 1053 267 383 879 662 250 391 492 1046 464 1327 435 1513 843 717 584 1211 647 1266 526 701 879 1590 1440 449 1560 1037 1224 689 528 681 500 501 856 731 1312 1359 1013 1235 775 374 1084 624 1215 774 963 1368 916 417 409 1146 244 757 1142 1435 1487 1376 530 580 694 827 986
1347 1139 2482 1238 2235 2250 1859 1187 2088 2558 2247 2251 1423 1810 2285 1810 1770 1687 1540 1320 821 1038 1394 1387 1613 0 876 2738 465 1711 1745 1310 1627 437 2373 2280 1763 1654 1991 1408 1266 1856 1230 1475 1507 1197 1005 1402 2591 1376 2777 2107 1269 1836 602 1258 2512 1368 1965 2143 1636 2704 1537 1933 2273 445 1793 1792 1105 1495 1449 2101 1394 2576 1341 1068 1882 2010 1283 2348 1888 1185 1861 1360 532 1833 1577 1394 1042 1533 1630 2080 1424 2424 2284 1794 1816 1958 1243 2222
1599 1372 2716 1471 2468 2483 2092 1192 2321 2792 2480 2484 1116 2043 2519 2044 2003 1920 1774 1581 1054 1021 1628 1621 1846 876 0 2971 476 1945 1978 1543 1861 874 2607 2513 1997 1887 2224 1641 1499 2090 1464 1708 1741 1430 1257 1635 2824 1610 3010 2340 1503 2069 874 1491 2745 1601 2198 2376 1025 2937 1770 1686 2506 797 2026 2025 1338 1729 1682 2334 1627 2809 1960 1429 2116 2243 1516 2581 2122 1804 2094 1620 884 2066 1810 1628 1661 1766 1864 2313 2043 2658 2517 2028 2049 2191 1484 2455
2059 2007 1246 1526 2083 879 1396 2274 1542 2053 896 554 2510 1658 1780 1292 2037 2386 1807 2049 2058 2332 1947 1784 1779 2738 2971 0 2614 1602 1543 2018 1655 2606 1151 897 1401 1218 877 1653 1638 1062 2100 1643 2091 1556 2171 1375 2086 1774 1747 1149 2136 1395 2336 2125 2025 1839 1400 1314 2765 2199 1803 2907 2121 2349 2059 1511 1806 1899 1373 1616 2115 2071 2484 2138 2582 1570 1525 1843 1280 2340 2128 2088 2493 2270 1844 1792 2271 1583 1313 840 2560 357 2730 1459 1664 1338 1952 2070
1242 1015 2358 1113 2111 2126 1735 1014 1964 2434 2123 2127 1109 1686 2161 1686 1646 1563 1416 1223 697 720 1270 1263 1489 465 476 2614 0 1587 1621 1186 1503 430 2249 2156 1639 1530 1867 1283 1142 1732 1106 1351 1383 1073 899 1278 2467 1252 2653 1983 1145 1712 509 1134 2388 1244 1841 2019 1297 2579 1413 1675 2148 353 1668 1668 981 1371 1325 1977 1269 2452 1515 984 1758 1886 1159 2224 1764 1359 1737 1263 440 1709 1453 1270 1217 1409 1506 1956 1598 2300 2160 1670 1692 1834 1126 2098
1111 905 1041 552 549 1539 494 1052 647 1117 1536 1291 1288 107 844 369 643 992 413 1093 910 1178 679 699 518 1711 1945 1602 1587 0 279 624 312 1580 932 839 308 935 1177 495 580 752 707 408 697 649 1144 627 1150 688 1336 666 742 381 1309 731 826 784 524 702 1544 1263 410 1513 587 1323 666 296 850 813 664 411 721 1135 1528 1182 1188 307 531 907 447 1384 734 1132 1467 876 450 676 1315 322 919 1029 1604 1378 1319 353 113 517 996 536
1159 955 983 599 760 1488 435 1123 589 1059 1495 1233 1358 335 786 311 714 1063 484 1140 980 1249 771 746 564 1745 1978 1543 1621 279 0 695 359 1613 874 781 250 981 1119 542 628 694 777 455 768 697 1169 674 1092 735 1278 608 813 323 1343 802 918 831 466 643 1614 1204 480 1584 798 1356 736 277 898 860 701 530 791 1076 1575 1230 1259 454 579 848 389 1431 805 1180 1501 947 521 724 1363 369 967 970 1652 1320 1407 295 341 459 1043 747
1025 470 1457 582 1147 1615 910 651 1063 1533 1612 1608 886 722 1260 785 683 750 453 1006 508 777 173 452 501 1310 1543 2018 1186 624 695 0 685 1178 1348 1255 724 1019 1348 467 506 1168 175 609 212 633 742 759 1566 423 1752 1082 230 797 908 160 1424 432 940 1118 1142 1679 449 1220 1185 921 698 802 764 377 803 1027 283 1551 1441 1096 946 923 617 1323 863 1297 774 1046 1065 884 441 359 1229 616 996 1435 1518 1781 1347 769 728 933 909 1134
957 808 1094 397 794 1383 520 1113 700 1170 1380 1320 1349 369 897 422 704 1053 474 938 913 1221 561 517 336 1627 1861 1655 1503 312 359 685 0 1496 985 892 328 778 1059 336 422 779 768 232 695 495 1060 471 1203 506 1389 719 804 395 1225 780 1071 603 551 755 1605 1316 471 1574 831 1238 727 303 696 631 497 650 782 1188 1373 1028 1249 569 377 960 500 1229 795 978 1383 937 503 495 1161 146 764 1055 1450 1431 1398 380 375 570 841 781
1140 1007 2351 1106 2103 2118 1727 1056 1956 2427 2115 2119 1291 1678 2154 1679 1638 1555 1409 1113 689 906 1263 1256 1481 437 874 2606 430 1580 1613 1178 1496 0 2242 2148 1632 1522 1859 1276 1134 1725 1099 1343 1376 1065 873 1270 2459 1245 2645 1975 1138 1704 470 1126 2380 1236 1833 2011 1533 2572 1405 1801 2141 313 1661 1660 973 1364 1317 1969 1262 2444 1263 861 1751 1878 1151 2216 1757 1107 1729 1153 401 1701 1445 1263 964 1401 1499 1948 1346 2293 2152 1663 1684 1826 1051 2090
1703 1581 121 1143 1414 1202 820 1776 504 1056 1219 870 2012 989 783 623 1368 1717 1138 1684 1617 1902 1334 1290 1109 2373 2607 1151 2249 932 874 1348 985 2242 0 478 732 1184 1000 1086 1172 779 1431 999 1422 1241 1806 1218 1089 1279 612 472 1467 725 1971 1456 1028 1376 722 426 2268 1201 1134 2238 1281 1984 1390 842 1442 1404 1229 852 1445 1074 2119 1774 1912 882 1123 835 610 1975 1459 1724 2129 1601 1174 1268 1907 913 1278 989 2196 968 2061 789 995 669 1587 1401
1610 1487 593 1050 1321 813 695 1683 772 1291 830 504 1919 896 1018 530 1274 1623 1045 1591 1524 1809 1240 1197 1016 2280 2513 897 2156 839 781 1255 892 2148 478 0 639 969 612 993 1079 604 1338 906 1329 1148 1713 1097 1323 1186 1059 373 1374 632 1878 1362 1263 1282 576 541 2175 1436 1041 2144 1359 1891 1297 749 1349 1311 1054 854 1352 1308 2026 1681 1819 807 1030 1080 517 1882 1365 1631 2036 1507 1081 1174 1814 820 1064 601 2103 671 1968 696 902 576 1494 1308
1109 973 841 550 790 1300 248 1152 451 922 1317 1058 1388 365 649 142 744 1093 514 1091 1010 1278 740 696 516 1763 1997 1401 1639 308 250 724 328 1632 732 639 0 892 931 493 578 506 807 404 798 647 1187 625 954 686 1140 466 843 80 1361 832 893 782 277 501 1644 1067 510 1614 828 1374 766 118 848 811 601 455 821 939 1525 1180 1288 408 529 711 247 1382 835 1130 1519 977 550 674 1313 318 915 783 1602 1178 1437 107 371 317 994 777
975 923 1293 443 1416 774 695 1190 1241 1711 771 731 1426 991 1438 963 1326 1459 1096 965 974 1248 871 701 772 1654 1887 1218 1530 935 981 1019 778 1522 1184 969 892 0 471 624 555 406 1091 615 1076 472 1087 340 1744 690 1744 712 1147 965 1252 1076 1683 756 824 1012 1682 1856 1093 1926 1454 1265 1349 945 723 815 344 1272 1216 1728 1400 1055 1655 1191 494 1500 1021 1256 1417 1005 1410 1559 1088 708 1188 675 182 560 1477 905 2020 812 997 1089 868 1403
1312 1260 1115 779 1659 435 764 1527 1311 1798 452 391 1762 1234 1525 1048 1607 1788 1377 1302 1311 1585 1200 1037 1053 1991 2224 877 1867 1177 1119 1348 1059 1859 1000 612 931 471 0 906 891 427 1428 896 1387 809 1424 628 1831 1027 1581 733 1483 985 1589 1413 1770 1092 844 1033 2018 1943 1374 2263 1697 1602 1630 1045 1059 1152 626 1357 1544 1815 1737 1391 1983 1311 778 1587 1047 1593 1698 1341 1746 1840 1369 1045 1524 956 505 205 1813 564 2301 851 1240 1113 1205 1646
737 574 1195 197 976 1225 641 944 801 1271 1222 1166 1179 551 998 523 820 908 579 719 727 1001 319 284 267 1408 1641 1653 1283 495 542 467 336 1276 1086 993 493 624 906 0 181 756 577 177 504 286 840 317 1304 267 1490 820 632 561 1006 562 1243 369 678 856 1435 1417 572 1429 1014 1019 803 505 476 393 354 833 664 1289 1153 808 1103 752 196 1061 601 1009 911 758 1163 1040 530 253 941 242 606 995 1230 1339 1505 507 557 671 622 963
595 439 1281 118 1062 1151 726 802 887 1357 1148 1152 1038 637 1084 609 943 947 714 577 586 860 358 194 383 1266 1499 1638 1142 580 628 506 422 1134 1172 1079 578 555 891 181 0 752 584 263 569 173 699 303 1389 183 1576 906 640 647 864 570 1328 271 764 941 1293 1502 710 1468 1100 877 943 591 334 308 349 918 703 1374 1012 666 1142 837 162 1146 687 868 1034 617 1022 1092 670 200 800 328 531 980 1088 1325 1544 593 643 756 480 1049
1177 1121 888 638 1234 796 340 1392 886 1373 813 575 1628 809 1100 623 1187 1536 957 1167 1176 1450 1058 898 879 1856 2090 1062 1732 752 694 1168 779 1725 779 604 506 406 427 756 752 0 1251 708 1227 674 1289 506 1406 887 1340 308 1287 560 1454 1272 1345 954 419 608 1884 1518 954 2057 1272 1468 1210 620 925 1012 451 932 1265 1390 1602 1257 1732 886 628 1162 622 1458 1278 1207 1612 1420 994 905 1390 729 501 278 1679 748 1881 426 815 689 1070 1221
945 424 1540 654 1230 1687 992 571 1146 1616 1684 1688 807 805 1343 868 765 682 535 927 429 697 282 503 662 1230 1464 2100 1106 707 777 175 768 1099 1431 1338 807 1091 1428 577 584 1251 0 719 372 685 663 839 1648 474 1835 1165 184 880 828 90 1507 483 1023 1200 1063 1761 532 1180 1268 841 788 884 684 427 886 1109 297 1633 1361 1016 878 1005 693 1405 946 1218 856 966 986 828 572 410 1149 726 1067 1517 1438 1858 1279 852 811 1015 830 1217
805 687 1108 245 889 1219 557 1011 714 1184 1216 1156 1247 464 911 436 779 1049 549 786 795 1069 461 417 250 1475 1708 1643 1351 408 455 609 232 1343 999 906 404 615 896 177 263 708 719 0 611 343 908 307 1217 406 1403 733 774 471 1073 704 1156 503 591 769 1503 1330 545 1570 927 1086 801 413 544 531 339 746 805 1202 1221 876 1245 665 225 974 514 1077 870 826 1231 1012 540 395 1009 121 600 975 1298 1329 1472 420 470 584 689 876
1092 668 1531 639 1221 1672 983 848 1136 1607 1669 1647 1084 796 1334 859 699 931 453 1074 706 974 370 489 391 1507 1741 2091 1383 697 768 212 695 1376 1422 1329 798 1076 1387 504 569 1227 372 611 0 670 940 798 1639 459 1825 1155 428 871 1105 358 1498 512 1014 1191 1340 1752 446 1396 1259 1119 677 856 831 473 835 1100 460 1624 1508 1163 1126 996 677 1396 937 1364 790 1113 1263 932 404 390 1296 619 1052 1476 1585 1821 1392 843 802 1006 977 1208
526 509 1350 105 1131 1068 677 733 955 1426 1065 1069 968 706 1153 678 1047 1083 817 508 517 791 488 294 492 1197 1430 1556 1073 649 697 633 495 1065 1241 1148 647 472 809 286 173 674 685 343 670 0 629 220 1458 284 1645 963 740 716 795 670 1397 342 826 1010 1224 1571 812 1478 1169 808 1044 660 265 409 267 987 840 1443 942 597 1279 906 151 1215 756 799 1138 547 952 1229 771 302 730 400 448 898 1019 1242 1681 662 712 825 411 1118
799 449 1915 670 1667 1683 1292 620 1521 1991 1680 1684 855 1242 1718 1243 1203 1119 973 780 368 426 827 771 1046 1005 1257 2171 899 1144 1169 742 1060 873 1806 1713 1187 1087 1424 840 699 1289 663 908 940 629 0 835 2024 803 2210 1540 702 1260 421 690 1944 678 1398 1575 1111 2136 969 1365 1705 616 1225 1225 538 806 882 1525 826 2008 1215 666 1315 1442 716 1780 1321 1071 1294 820 760 1265 1009 819 1003 966 1063 1513 1292 1857 1716 1227 1248 1390 683 1654
723 671 1327 190 1109 936 570 938 933 1403 933 888 1174 684 1130 655 1019 1199 789 713 722 996 611 449 464 1402 1635 1375 1278 627 674 759 471 1270 1218 1097 625 340 628 317 303 506 839 307 798 220 835 0 1436 438 1622 812 894 693 1000 824 1375 504 729 988 1430 1549 785 1674 1146 1013 1041 637 471 563 110 965 955 1421 1148 803 1395 884 189 1193 733 1004 1110 753 1158 1252 780 456 936 368 316 717 1225 1062 1712 565 689 803 616 1095
1920 1798 1186 1361 1188 2111 1147 1994 733 369 2127 1775 2230 1207 538 850 1585 1934 1355 1902 1835 2120 1551 1508 1327 2591 2824 2086 2467 1150 1092 1566 1203 2459 1089 1323 954 1744 1831 1304 1389 1406 1648 1217 1639 1458 2024 1436 0 1497 921 1145 1684 952 2189 1673 592 1593 1154 879 2485 239 1352 2455 845 2202 1608 1064 1659 1622 1473 1003 1663 135 2337 1991 2130 1056 1340 664 932 2193 1676 1941 2346 1818 1392 1485 2124 1131 1728 1682 2413 1863 2279 1007 1212 1001 1805 1175
706 359 1388 253 1169 1286 834 852 994 1464 1283 1287 1088 744 1191 716 855 903 610 687 643 894 277 104 435 1376 1610 1774 1252 688 735 423 506 1245 1279 1186 686 690 1027 267 183 887 474 406 459 284 803 438 1497 0 1683 1013 522 754 975 459 1436 154 871 1049 1344 1610 602 1424 1207 988 833 698 445 182 485 1026 648 1482 1122 777 1099 945 298 1254 794 978 946 727 1132 1049 560 91 910 414 666 1116 1199 1460 1500 700 750 864 590 1156
2107 1984 585 1547 1810 1783 1333 2180 750 1101 1800 1451 2416 1393 747 1036 1771 2120 1542 2088 2021 2306 1737 1694 1513 2777 3010 1747 2653 1336 1278 1752 1389 2645 612 1059 1140 1744 1581 1490 1576 1340 1835 1403 1825 1645 2210 1622 921 1683 0 1034 1871 1138 2375 1859 1216 1779 1270 792 2672 1075 1538 2641 1469 2388 1794 1250 1846 1808 1659 1177 1849 893 2523 2178 2316 1231 1527 1063 1116 2379 1862 2128 2533 2004 1578 1671 2311 1317 1839 1570 2600 1549 2465 1193 1399 1180 1991 1797
1437 1314 580 877 1148 1102 399 1510 587 1113 1119 839 1746 723 840 356 1101 1450 871 1418 1351 1636 1067 1024 843 2107 2340 1149 1983 666 608 1082 719 1975 472 373 466 712 733 820 906 308 1165 733 1155 963 1540 812 1145 1013 1034 0 1201 459 1705 1189 1084 1109 251 309 2002 1258 868 1971 1186 1718 1124 576 1175 1138 758 680 1179 1130 1853 1507 1646 634 856 902 331 1709 1192 1458 1863 1334 908 1001 1641 647 807 585 1929 926 1795 463 729 389 1321 1135
984 419 1576 709 1266 1742 1028 610 1181 1652 1739 1744 846 841 1379 904 801 718 571 966 468 727 338 549 717 1269 1503 2136 1145 742 813 230 804 1138 1467 1374 843 1147 1483 632 640 1287 184 774 428 740 702 894 1684 522 1871 1201 0 916 867 100 1543 528 1059 1236 1101 1797 568 1213 1304 880 824 920 723 415 941 1145 380 1669 1400 1055 914 1041 748 1441 982 1257 892 1005 1025 864 608 465 1188 781 1123 1563 1477 1908 1315 888 847 1051 869 1253
1178 1046 834 618 863 1355 302 1225 449 920 1371 1084 1461 438 647 120 817 1166 587 1159 1083 1351 809 765 584 1836 2069 1395 1712 381 323 797 395 1704 725 632 80 965 985 561 647 560 880 471 871 716 1260 693 952 754 1138 459 916 0 1434 904 891 851 305 495 1717 1065 583 1687 901 1447 839 184 917 879 677 420 894 937 1594 1249 1361 374 598 709 240 1450 907 1199 1592 1049 623 743 1382 385 986 837 1671 1171 1510 183 435 310 1062 850
964 737 2080 836 1833 1848 1457 785 1686 2157 1845 1849 977 1408 1884 1408 1368 1285 1138 946 415 454 993 985 1211 602 874 2336 509 1309 1343 908 1225 470 1971 1878 1361 1252 1589 1006 864 1454 828 1073 1105 795 421 1000 2189 975 2375 1705 867 1434 0 856 2110 966 1563 1741 1261 2302 1135 1516 1871 213 1391 1390 703 1094 1047 1699 992 2174 1380 774 1481 1608 881 1946 1486 1237 1459 985 357 1431 1175 992 1162 1131 1228 1678 1457 2023 1882 1392 1414 1556 849 1820
973 408 1564 639 1255 1672 1017 599 1170 1641 1669 1673 834 830 1368 892 790 707 560 954 456 716 268 488 647 1258 1491 2125 1134 731 802 160 780 1126 1456 1362 832 1076 1413 562 570 1272 90 704 358 670 690 824 1673 459 1859 1189 100 904 856 0 1532 468 1047 1225 1090 1786 557 1201 1292 869 812 909 712 412 871 1134 316 1658 1389 1044 902 1030 678 1430 971 1245 881 994 1014 853 587 395 1177 711 1053 1502 1466 1847 1304 877 836 1040 857 1242
1859 1706 1125 1300 637 2050 1086 1853 672 473 2067 1714 2088 748 571 789 1444 1793 1214 1841 1710 1978 1449 1447 1266 2512 2745 2025 2388 826 918 1424 1071 2380 1028 1263 893 1683 1770 1243 1328 1345 1507 1156 1498 1397 1944 1375 592 1436 1216 1084 1543 891 2110 1532 0 1532 1093 818 2344 705 1210 2314 294 2123 1466 1003 1598 1561 1412 795 1521 577 2276 1930 1988 749 1279 603 871 2132 1187 1881 2267 1654 1251 1424 2063 1070 1667 1621 2352 1802 1737 946 770 940 1744 624
752 229 1485 319 1266 1351 930 722 1090 1561 1348 1353 958 841 1288 812 909 947 663 733 562 764 304 117 526 1368 1601 1839 1244 784 831 432 603 1236 1376 1282 782 756 1092 369 271 954 483 503 512 342 678 504 1593 154 1779 1109 528 851 966 468 1532 0 967 1145 1214 1706 655 1431 1304 979 886 794 491 162 550 1122 657 1578 1168 823 1143 1041 365 1350 891 1024 1000 773 1124 1093 614 177 956 510 732 1181 1245 1526 1544 796 847 960 636 1253
1295 1172 831 735 1006 1214 203 1368 651 1122 1230 988 1604 581 849 360 959 1308 730 1276 1209 1494 925 882 701 1965 2198 1400 1841 524 466 940 551 1833 722 576 277 824 844 678 764 419 1023 591 1014 826 1398 729 1154 871 1270 251 1059 305 1563 1047 1093 967 0 504 1860 1267 726 1829 1044 1576 982 391 1034 996 685 668 1037 1139 1711 1366 1504 622 715 911 356 1567 1050 1316 1721 1192 766 859 1499 505 918 696 1787 1161 1653 228 587 425 1179 993
1472 1350 524 913 1183 1339 579 1546 313 847 1355 1003 1781 756 574 392 1137 1486 907 1454 1387 1672 1103 1059 879 2143 2376 1314 2019 702 643 1118 755 2011 426 541 501 1012 1033 856 941 608 1200 769 1191 1010 1575 988 879 1049 792 309 1236 495 1741 1225 818 1145 504 0 2037 992 904 2007 1040 1754 1159 611 1211 1174 1025 525 1215 864 1888 1543 1682 550 892 636 367 1745 1228 1493 1898 1370 944 1037 1676 683 1107 884 1965 1091 1831 559 760 425 1357 1170
1394 984 2377 1265 2067 2278 1829 600 1983 2453 2274 2279 398 1642 2180 1705 1602 1190 1372 1375 877 884 1227 1307 1590 1636 1025 2765 1297 1544 1614 1142 1605 1533 2268 2175 1644 1682 2018 1435 1293 1884 1063 1503 1340 1224 1111 1430 2485 1344 2672 2002 1101 1717 1261 1090 2344 1214 1860 2037 0 2598 1369 801 2105 1276 1625 1721 1133 1342 1476 1946 1125 2470 1810 1465 1338 1842 1311 2242 1783 1666 1693 1415 1420 1647 1409 1367 1598 1560 1658 2107 1886 2452 1787 1689 1648 1852 1278 2054
2033 1911 1299 1474 1301 2223 1260 2107 846 558 2240 1888 2342 1319 693 962 1698 2047 1468 2015 1948 2233 1664 1620 1440 2704 2937 2199 2579 1263 1204 1679 1316 2572 1201 1436 1067 1856 1943 1417 1502 1518 1761 1330 1752 1571 2136 1549 239 1610 1075 1258 1797 1065 2302 1786 705 1706 1267 992 2598 0 1464 2568 958 2315 1720 1176 1772 1734 1586 1115 1776 262 2449 2104 2243 1169 1453 777 1044 2305 1789 2054 2459 1931 1505 1598 2237 1244 1841 1795 2526 1975 2391 1120 1325 1114 1918 1288
1235 730 1243 716 918 1697 696 877 849 1319 1694 1493 1113 508 1046 571 255 818 10 1217 735 1003 502 632 449 1537 1770 1803 1413 410 480 449 471 1405 1134 1041 510 1093 1374 572 710 954 532 545 446 812 969 785 1352 602 1538 868 568 583 1135 557 1210 655 726 904 1369 1464 0 1339 971 1148 278 588 974 616 821 812 535 1337 1651 1306 1013 708 695 1109 649 1507 346 1256 1292 488 42 533 1439 516 1078 1231 1728 1580 949 555 514 719 1120 905
1648 1239 2347 1495 2037 2522 1799 854 1952 2423 2519 2523 746 1612 2150 1675 1181 602 1342 1629 1131 1129 1255 1455 1560 1933 1686 2907 1675 1513 1584 1220 1574 1801 2238 2144 1614 1926 2263 1429 1468 2057 1180 1570 1396 1478 1365 1674 2455 1424 2641 1971 1213 1687 1516 1201 2314 1431 1829 2007 801 2568 1339 0 2075 1544 1249 1691 1387 1423 1721 1916 969 2440 2064 1719 750 1812 1530 2212 1753 1920 1480 1669 1688 1109 1379 1356 1852 1577 1902 2316 2141 2656 1200 1659 1618 1822 1532 2024
1631 1466 1379 1071 389 2058 1013 1613 921 727 2055 1811 1849 526 824 887 1205 1554 975 1612 1471 1739 1218 1218 1037 2273 2506 2121 2148 587 798 1185 831 2141 1281 1359 828 1454 1697 1014 1100 1272 1268 927 1259 1169 1705 1146 845 1207 1469 1186 1304 901 1871 1292 294 1304 1044 1040 2105 958 971 2075 0 1884 1227 816 1370 1332 1184 683 1282 830 2047 1702 1749 637 1051 856 967 1903 940 1652 2028 1406 1011 1196 1835 841 1439 1548 2124 1898 1489 873 544 1036 1515 376
977 750 2093 849 1846 1861 1470 798 1699 2170 1858 1862 1034 1421 1897 1421 1381 1298 1151 959 432 649 1006 998 1224 445 797 2349 353 1323 1356 921 1238 313 1984 1891 1374 1265 1602 1019 877 1468 841 1086 1119 808 616 1013 2202 988 2388 1718 880 1447 213 869 2123 979 1576 1754 1276 2315 1148 1544 1884 0 1404 1403 716 1107 1060 1712 1005 2187 1381 855 1494 1621 894 1959 1499 1230 1472 998 164 1444 1188 1005 1087 1144 1241 1691 1464 2036 1895 1405 1427 1569 862 1833
1466 986 1499 972 973 1953 951 1133 1105 1575 1950 1749 1369 764 1302 827 91 723 268 1447 991 1259 745 862 689 1793 2026 2059 1668 666 736 698 727 1661 1390 1297 766 1349 1630 803 943 1210 788 801 677 1044 1225 1041 1608 833 1794 1124 824 839 1391 812 1466 886 982 1159 1625 1720 278 1249 1227 1404 0 844 1205 846 1076 1068 772 1592 1882 1537 918 964 951 1364 905 1738 399 1487 1548 359 313 764 1670 772 1334 1486 1959 1836 1002 811 770 975 1350 960
1122 999 951 562 778 1414 362 1230 561 1031 1431 1172 1466 353 758 252 821 1170 591 1103 1080 1335 752 709 528 1792 2025 1511 1668 296 277 802 303 1660 842 749 118 945 1045 505 591 620 884 413 856 660 1225 637 1064 698 1250 576 920 184 1390 909 1003 794 391 611 1721 1176 588 1691 816 1403 844 0 861 823 664 391 899 1049 1538 1193 1366 345 542 821 357 1394 912 1143 1548 1054 628 686 1326 328 930 897 1615 1288 1515 221 359 426 1006 765
294 596 1551 306 1332 1318 928 641 1156 1627 1315 1320 877 907 1354 879 1224 1141 982 276 425 699 649 456 681 1105 1338 1806 981 850 898 764 696 973 1442 1349 848 723 1059 476 334 925 684 544 831 265 538 471 1659 445 1846 1175 723 917 703 712 1598 491 1034 1211 1133 1772 974 1387 1370 716 1205 861 0 570 517 1188 847 1644 711 345 1336 1107 352 1416 957 567 1315 315 861 1287 932 463 498 601 699 1148 787 1493 1738 863 913 1026 179 1319
831 357 1513 378 1294 1411 959 850 1119 1589 1408 1412 1086 869 1316 841 869 902 623 812 690 892 249 183 500 1495 1729 1899 1371 813 860 377 631 1364 1404 1311 811 815 1152 393 308 1012 427 531 473 409 806 563 1622 182 1808 1138 415 879 1094 412 1561 162 996 1174 1342 1734 616 1423 1332 1107 846 823 570 0 610 1151 602 1607 1247 902 1098 1069 423 1379 919 1103 960 852 1251 1048 574 155 1035 539 791 1241 1324 1585 1499 825 875 989 715 1281
770 718 1338 236 1146 1003 526 985 970 1441 1000 886 1220 721 1168 693 1054 1243 824 760 769 1043 655 495 501 1449 1682 1373 1325 664 701 803 497 1317 1229 1054 601 344 626 354 349 451 886 339 835 267 882 110 1473 485 1659 758 941 677 1047 871 1412 550 685 1025 1476 1586 821 1721 1184 1060 1076 664 517 610 0 1002 1000 1458 1195 849 1439 921 227 1230 771 1051 1145 799 1204 1287 816 503 982 394 382 708 1271 1059 1748 521 727 840 663 1133
1449 1308 950 890 854 1641 675 1455 470 970 1658 1305 1690 320 676 327 1046 1395 816 1431 1312 1581 1060 1036 856 2101 2334 1616 1977 411 530 1027 650 1969 852 854 455 1272 1357 833 918 932 1109 746 1100 987 1525 965 1003 1026 1177 680 1145 420 1699 1134 795 1122 668 525 1946 1115 812 1916 683 1712 1068 391 1188 1151 1002 0 1124 987 1865 1520 1591 104 869 618 454 1722 1101 1470 1857 1279 853 1014 1653 660 1257 1209 1942 1393 1656 550 322 470 1334 841
1109 587 1554 779 1244 1812 1007 614 1160 1630 1809 1792 869 819 1357 882 743 525 541 1090 592 860 398 677 731 1394 1627 2115 1269 721 791 283 782 1262 1445 1352 821 1216 1544 664 703 1265 297 805 460 840 826 955 1663 648 1849 1179 380 894 992 316 1521 657 1037 1215 1125 1776 535 969 1282 1005 772 899 847 602 1000 1124 0 1648 1525 1179 720 1020 813 1420 960 1381 871 1130 1149 671 499 583 1313 808 1192 1542 1601 1891 1122 866 825 1030 993 1231
1905 1783 1171 1346 1173 2095 1132 1979 718 430 2112 1760 2214 1191 511 834 1570 1919 1340 1887 1820 2105 1536 1492 1312 2576 2809 2071 2452 1135 1076 1551 1188 2444 1074 1308 939 1728 1815 1289 1374 1390 1633 1202 1624 1443 2008 1421 135 1482 893 1130 1669 937 2174 1658 577 1578 1139 864 2470 262 1337 2440 830 2187 1592 1049 1644 1607 1458 987 1648 0 2321 1976 2115 1041 1325 649 916 2178 1661 1926 2331 1803 1377 1470 2109 1116 1713 1667 2398 1848 2264 992 1197 986 1790 1160
760 1273 2228 983 2009 1996 1605 1318 1834 2304 1993 1997 1554 1584 2031 1556 1901 1818 1659 741 1102 1376 1326 1133 1359 1341 1960 2484 1515 1528 1575 1441 1373 1263 2119 2026 1525 1400 1737 1153 1012 1602 1361 1221 1508 942 1215 1148 2337 1122 2523 1853 1400 1594 1380 1389 2276 1168 1711 1888 1810 2449 1651 2064 2047 1381 1882 1538 711 1247 1195 1865 1525 2321 0 863 2014 1784 1029 2093 1634 390 1992 764 1429 1964 1610 1140 347 1279 1376 1826 116 2170 2415 1540 1590 1703 641 1996
279 928 1883 638 1664 1650 1260 973 1488 1959 1647 1652 1209 1239 1686 1211 1556 1473 1314 252 757 954 981 788 1013 1068 1429 2138 984 1182 1230 1096 1028 861 1774 1681 1180 1055 1391 808 666 1257 1016 876 1163 597 666 803 1991 777 2178 1507 1055 1249 774 1044 1930 823 1366 1543 1465 2104 1306 1719 1702 855 1537 1193 345 902 849 1520 1179 1976 863 0 1668 1439 684 1748 1289 719 1647 292 898 1619 1264 795 651 933 1031 1480 940 1825 2070 1195 1245 1358 288 1651
1597 1076 2021 1218 1711 2251 1474 1223 1627 2097 2248 2244 1254 1286 1824 1349 851 196 1017 1579 1081 1349 930 1129 1235 1882 2116 2582 1758 1188 1259 946 1249 1751 1912 1819 1288 1655 1983 1103 1142 1732 878 1245 1126 1279 1315 1395 2130 1099 2316 1646 914 1361 1481 902 1988 1143 1504 1682 1338 2243 1013 750 1749 1494 918 1366 1336 1098 1439 1591 720 2115 2014 1668 0 1487 1253 1887 1427 1870 1150 1619 1638 779 1054 1031 1801 1251 1631 2009 2090 2358 793 1333 1292 1497 1482 1698
1368 1204 979 809 750 1594 629 1351 524 1024 1611 1259 1586 216 729 281 942 1291 712 1350 1208 1477 956 955 775 2010 2243 1570 1886 307 454 923 569 1878 882 807 408 1191 1311 752 837 886 1005 665 996 906 1442 884 1056 945 1231 634 1041 374 1608 1030 749 1041 622 550 1842 1169 708 1812 637 1621 964 345 1107 1069 921 104 1020 1041 1784 1439 1487 0 788 672 408 1640 997 1389 1765 1175 749 933 1572 579 1176 1163 1861 1347 1552 504 218 424 1253 737
613 532 1232 57 1013 1092 625 819 837 1308 1089 1038 1055 588 1035 560 929 1057 699 594 603 877 469 309 374 1283 1516 1525 1159 531 579 617 377 1151 1123 1030 529 494 778 196 162 628 693 225 677 151 716 189 1340 298 1527 856 748 598 881 678 1279 365 715 892 1311 1453 695 1530 1051 894 951 542 352 423 227 869 813 1325 1029 684 1253 788 0 1097 638 885 1020 634 1039 1162 690 307 817 282 473 867 1106 1212 1622 544 594 707 497 1000
1677 1555 932 1118 1178 1867 904 1751 363 631 1884 1532 1986 885 337 606 1342 1691 1112 1659 1592 1877 1308 1264 1084 2348 2581 1843 2224 907 848 1323 960 2216 835 1080 711 1500 1587 1061 1146 1162 1405 974 1396 1215 1780 1193 664 1254 1063 902 1441 709 1946 1430 603 1350 911 636 2242 777 1109 2212 856 1959 1364 821 1416 1379 1230 618 1420 649 2093 1748 1887 672 1097 0 688 1950 1433 1698 2103 1575 1149 1242 1881 888 1485 1439 2170 1620 2036 764 890 758 1562 1165
1218 1096 719 658 929 1304 370 1291 429 899 1321 969 1527 504 626 138 883 1232 653 1199 1132 1417 849 805 624 1888 2122 1280 1764 447 389 863 500 1757 610 517 247 1021 1047 601 687 622 946 514 937 756 1321 733 932 794 1116 331 982 240 1486 971 871 891 356 367 1783 1044 649 1753 967 1499 905 357 957 919 771 454 960 916 1634 1289 1427 408 638 688 0 1490 974 1239 1644 1116 689 783 1422 428 1026 898 1711 1056 1576 304 510 75 1102 916
616 1129 2084 839 1865 1852 1461 1174 1690 2160 1849 1853 1410 1440 1887 1412 1757 1674 1515 597 958 1232 1183 989 1215 1185 1804 2340 1359 1384 1431 1297 1229 1107 1975 1882 1382 1256 1593 1009 868 1458 1218 1077 1364 799 1071 1004 2193 978 2379 1709 1257 1450 1237 1245 2132 1024 1567 1745 1666 2305 1507 1920 1903 1230 1738 1394 567 1103 1051 1722 1381 2178 390 719 1870 1640 885 1950 1490 0 1848 616 1273 1820 1466 996 185 1135 1232 1682 391 2026 2271 1396 1446 1560 497 1852
